year,month,day,date,cafe_id,sales,visitor_count,aov
2023,9,1,2023-09,1,13961752,1946,7174.59
2023,9,1,2023-09,2,10495299,2196,4779.28
2023,9,1,2023-09,3,7231920,1600,4519.95
2023,9,1,2023-09,4,10768422,2093,5144.97
2023,9,1,2023-09,5,7708249,1791,4303.88
2023,9,1,2023-09,6,11827783,1982,5967.6
2023,9,1,2023-09,7,13765091,1844,7464.8
2023,9,1,2023-09,8,3711490,868,4275.91
2023,9,1,2023-09,9,6158310,1357,4538.18
2023,9,1,2023-09,10,11547419,1995,5788.18
2023,9,1,2023-09,11,7795404,1052,7410.08
2023,9,1,2023-09,12,11512592,2203,5225.87
2023,9,1,2023-09,13,5133818,865,5935.05
2023,9,1,2023-09,14,9443585,2209,4275.05
2023,9,1,2023-09,15,8405050,1811,4641.11
2023,9,1,2023-09,16,12200033,1610,7577.66
2023,9,1,2023-09,17,6046509,789,7663.51
2023,9,1,2023-09,18,8322168,2022,4115.81
2023,9,1,2023-09,19,9913208,1319,7515.7
2023,9,1,2023-09,20,6806122,1060,6420.87
2023,9,1,2023-09,21,14436322,2010,7182.25
2023,9,1,2023-09,22,8650898,1508,5736.67
2023,9,1,2023-09,23,6258656,1057,5921.15
2023,9,1,2023-09,24,12407388,2112,5874.71
2023,9,1,2023-09,25,10341857,1596,6479.86
2023,9,1,2023-09,26,4282749,927,4620.01
2023,9,1,2023-09,27,7954089,1908,4168.81
2023,9,1,2023-09,28,5880655,1137,5172.08
2023,9,1,2023-09,29,14944239,2276,6566.01
2023,9,1,2023-09,30,2970129,619,4798.27
2023,9,1,2023-09,31,6067153,948,6399.95
2023,9,1,2023-09,32,11675141,1544,7561.62
2023,9,1,2023-09,33,7611843,1722,4420.35
2023,9,1,2023-09,34,7673546,1177,6519.58
2023,9,1,2023-09,35,9223168,1619,5696.83
2023,9,1,2023-09,36,9027179,1242,7268.26
2023,9,1,2023-09,37,11855204,2440,4858.69
2023,9,1,2023-09,38,9873698,1488,6635.55
2023,9,1,2023-09,39,12517393,1767,7083.98
2023,9,1,2023-09,40,5977711,801,7462.81
2023,9,1,2023-09,41,10412089,1580,6589.93
2023,9,1,2023-09,42,8383873,1443,5810.03
2023,9,1,2023-09,43,9763192,1549,6302.9
2023,9,1,2023-09,44,10135606,1407,7203.7
2023,9,1,2023-09,45,11966239,1938,6174.53
2023,9,1,2023-09,46,6736831,1587,4245.01
2023,9,1,2023-09,47,12562331,1697,7402.67
2023,9,1,2023-09,48,8861873,1352,6554.64
2023,9,1,2023-09,49,4013188,613,6546.8
2023,9,1,2023-09,50,6398514,1321,4843.69
2023,9,1,2023-09,51,6322499,970,6518.04
2023,9,1,2023-09,52,12568112,2267,5543.94
2023,9,1,2023-09,53,8171157,1268,6444.13
2023,9,1,2023-09,54,6463540,1434,4507.35
2023,9,1,2023-09,55,6496991,1009,6439.04
2023,9,1,2023-09,56,6458879,844,7652.7
2023,9,1,2023-09,57,4811775,1129,4261.98
2023,9,1,2023-09,58,11817030,1550,7623.89
2023,9,1,2023-09,59,11155524,2002,5572.19
2023,9,1,2023-09,60,9038510,1255,7202
2023,9,1,2023-09,61,12927189,1863,6938.91
2023,9,1,2023-09,62,13045618,2129,6127.58
2023,9,1,2023-09,63,2881567,429,6716.94
2023,9,1,2023-09,64,14447818,1990,7260.21
2023,9,1,2023-09,65,9181286,1667,5507.67
2023,9,1,2023-09,66,12385319,2381,5201.73
2023,9,1,2023-09,67,14262273,2196,6494.66
2023,9,1,2023-09,68,9641761,1384,6966.59
2023,9,1,2023-09,69,10021371,1469,6821.9
2023,9,1,2023-09,70,3693582,534,6916.82
2023,9,1,2023-09,71,5067955,886,5720.04
2023,9,1,2023-09,72,13395036,1913,7002.11
2023,9,1,2023-09,73,10027639,2219,4518.99
2023,9,1,2023-09,74,9951828,1639,6071.89
2023,9,1,2023-09,75,7093563,1744,4067.41
2023,9,1,2023-09,76,13071544,2512,5203.64
2023,9,1,2023-09,77,6348933,1168,5435.73
2023,9,1,2023-09,78,10877386,1976,5504.75
2023,9,1,2023-09,79,13291411,2028,6553.95
2023,9,1,2023-09,80,8624072,1561,5524.71
2023,9,1,2023-09,81,5902998,1040,5675.96
2023,9,1,2023-09,82,7581375,1533,4945.45
2023,9,1,2023-09,83,4024885,745,5402.53
2023,9,1,2023-09,84,4816306,976,4934.74
2023,9,1,2023-09,85,7310061,1650,4430.34
2023,9,1,2023-09,86,5724412,926,6181.87
2023,9,1,2023-09,87,10579031,1627,6502.17
2023,9,1,2023-09,88,12818422,2015,6361.5
2023,9,1,2023-09,89,7177291,1249,5746.43
2023,9,1,2023-09,90,12135710,2241,5415.31
2023,9,1,2023-09,91,14830853,2056,7213.45
2023,9,1,2023-09,92,11020781,1834,6009.15
2023,9,1,2023-09,93,5838094,996,5861.54
2023,9,1,2023-09,94,5713886,1355,4216.89
2023,9,1,2023-09,95,5428862,1018,5332.87
2023,9,1,2023-09,96,9671288,1782,5427.21
2023,9,1,2023-09,97,10343822,1856,5573.18
2023,9,1,2023-09,98,9004938,1448,6218.88
2023,9,1,2023-09,99,5994584,1005,5964.76
2023,9,1,2023-09,100,9925569,1576,6297.95
2023,9,1,2023-09,101,6796408,989,6872
2023,9,1,2023-09,102,7103620,1007,7054.24
2023,9,1,2023-09,103,7732987,1159,6672.12
2023,9,1,2023-09,104,13092000,1749,7485.42
2023,9,1,2023-09,105,7912473,1906,4151.35
2023,9,1,2023-09,106,3872482,813,4763.2
2023,9,1,2023-09,107,3455614,836,4133.51
2023,9,1,2023-09,108,8431609,1315,6411.87
2023,9,1,2023-09,109,17091667,2305,7415.04
2023,9,1,2023-09,110,10058657,2004,5019.29
2023,9,1,2023-09,111,10332681,1384,7465.81
2023,9,1,2023-09,112,9264371,2132,4345.39
2023,9,1,2023-09,113,13132538,1767,7432.11
2023,9,1,2023-09,114,10170985,1900,5353.15
2023,9,1,2023-09,115,6444572,1444,4463
2023,9,1,2023-09,116,6638266,1134,5853.85
2023,9,1,2023-09,117,5477849,1086,5044.06
2023,9,1,2023-09,118,4834761,943,5127
2023,9,1,2023-09,119,5791321,1115,5194.01
2023,9,1,2023-09,120,7494493,1078,6952.22
2023,9,1,2023-09,121,11785084,1973,5973.18
2023,9,1,2023-09,122,3964679,751,5279.2
2023,9,1,2023-09,123,11571348,1811,6389.48
2023,9,1,2023-09,124,4887192,727,6722.41
2023,9,1,2023-09,125,5896120,1173,5026.53
2023,9,1,2023-09,126,7696929,1369,5622.3
2023,9,1,2023-09,127,8409778,1832,4590.49
2023,9,1,2023-09,128,8424306,1778,4738.08
2023,9,1,2023-09,129,11587631,1765,6565.23
2023,9,1,2023-09,130,5295675,1118,4736.74
2023,9,1,2023-09,131,8730762,1442,6054.62
2023,9,1,2023-09,132,10581930,1589,6659.49
2023,9,1,2023-09,133,3728681,838,4449.5
2023,9,1,2023-09,134,9521230,1544,6166.6
2023,9,1,2023-09,135,7118022,1403,5073.43
2023,9,1,2023-09,136,13024812,1723,7559.38
2023,9,1,2023-09,137,8032195,1371,5858.64
2023,9,1,2023-09,138,15384097,2202,6986.42
2023,9,1,2023-09,139,9271475,1539,6024.35
2023,9,1,2023-09,140,7522313,1767,4257.11
2023,9,1,2023-09,141,11677854,1826,6395.32
2023,9,1,2023-09,142,9116777,1215,7503.52
2023,9,1,2023-09,143,9776275,1553,6295.09
2023,9,1,2023-09,144,7271757,1036,7019.07
2023,9,1,2023-09,145,11121011,1533,7254.41
2023,9,1,2023-09,146,7377572,1487,4961.38
2023,9,1,2023-09,147,6266495,1285,4876.65
2023,9,1,2023-09,148,5571330,888,6274.02
2023,9,1,2023-09,149,11108170,1975,5624.39
2023,9,1,2023-09,150,11171625,1578,7079.61
2023,9,1,2023-09,151,16788325,2302,7292.93
2023,9,1,2023-09,152,8234100,1570,5244.65
2023,9,1,2023-09,153,7834517,1589,4930.47
2023,9,1,2023-09,154,13233013,1902,6957.42
2023,9,1,2023-09,155,7011815,1403,4997.73
2023,9,1,2023-09,156,12604028,1799,7006.13
2023,9,1,2023-09,157,4260510,755,5643.06
2023,9,1,2023-09,158,7755570,1213,6393.71
2023,9,1,2023-09,159,10585579,2391,4427.26
2023,9,1,2023-09,160,6313231,988,6389.91
2023,9,1,2023-09,161,8257896,1420,5815.42
2023,9,1,2023-09,162,11317652,1820,6218.49
2023,9,1,2023-09,163,6305928,1351,4667.6
2023,9,1,2023-09,164,12387006,1849,6699.3
2023,9,1,2023-09,165,9769192,1357,7199.11
2023,9,1,2023-09,166,8700352,1777,4896.09
2023,9,1,2023-09,167,8606462,1898,4534.49
2023,9,1,2023-09,168,8533217,2014,4236.95
2023,9,1,2023-09,169,8764899,1368,6407.09
2023,9,1,2023-09,170,9395355,1500,6263.57
2023,9,1,2023-09,171,7382342,1191,6198.44
2023,9,1,2023-09,172,8238594,1659,4966
2023,9,1,2023-09,173,8312355,1518,5475.86
2023,9,1,2023-09,174,10442932,1678,6223.44
2023,9,1,2023-09,175,9854383,1686,5844.83
2023,9,1,2023-09,176,14949253,1985,7531.11
2023,9,1,2023-09,177,9755839,2116,4610.51
2023,9,1,2023-09,178,13680818,2050,6673.57
2023,9,1,2023-09,179,11931092,2177,5480.52
2023,9,1,2023-09,180,10583885,1876,5641.73
2023,9,1,2023-09,181,5798291,873,6641.8
2023,9,1,2023-09,182,12428049,1881,6607.15
2023,9,1,2023-09,183,15693070,2053,7643.97
2023,9,1,2023-09,184,9968334,2212,4506.48
2023,9,1,2023-09,185,9197341,2073,4436.73
2023,9,1,2023-09,186,9610871,1443,6660.34
2023,9,1,2023-09,187,7371590,1182,6236.54
2023,9,1,2023-09,188,8940131,1737,5146.88
2023,9,1,2023-09,189,10088364,2304,4378.63
2023,9,1,2023-09,190,9445511,2113,4470.19
2023,9,1,2023-09,191,11412508,1564,7297
2023,9,1,2023-09,192,11261327,2356,4779.85
2023,9,1,2023-09,193,12193429,2315,5267.14
2023,9,1,2023-09,194,7012892,1422,4931.71
2023,9,1,2023-09,195,6043097,1129,5352.61
2023,9,1,2023-09,196,9169001,2104,4357.89
2023,9,1,2023-09,197,12628800,2105,5999.43
2023,9,1,2023-09,198,5680576,1304,4356.27
2023,9,1,2023-09,199,8449252,1212,6971.33
2023,9,1,2023-09,200,9868137,1987,4966.35
2023,9,1,2023-09,201,13606451,2242,6068.89
2023,9,1,2023-09,202,15220982,2099,7251.54
2023,9,1,2023-09,203,11365254,1772,6413.8
2023,9,1,2023-09,204,7822825,1299,6022.19
2023,9,1,2023-09,205,6516135,1254,5196.28
2023,9,1,2023-09,206,10605508,2005,5289.53
2023,9,1,2023-09,207,13324067,2085,6390.44
2023,9,1,2023-09,208,14869775,1960,7586.62
2023,9,1,2023-09,209,12349614,1932,6392.14
2023,9,1,2023-09,210,11800967,1919,6149.54
2023,9,1,2023-09,211,12527758,1864,6720.9
2023,9,1,2023-09,212,7034820,1231,5714.72
2023,9,1,2023-09,213,4098118,943,4345.83
2023,9,1,2023-09,214,3328036,540,6163.03
2023,9,1,2023-09,215,9435446,1249,7554.4
2023,9,1,2023-09,216,4400697,931,4726.85
2023,9,1,2023-09,217,10727698,1629,6585.45
2023,9,1,2023-09,218,9243420,1899,4867.52
2023,9,1,2023-09,219,6585083,1097,6002.81
2023,9,1,2023-09,220,10199006,2289,4455.66
2023,9,1,2023-09,221,11550806,2024,5706.92
2023,9,1,2023-09,222,13430528,1993,6738.85
2023,9,1,2023-09,223,9242419,1714,5392.31
2023,9,1,2023-09,224,15221214,2314,6577.88
2023,9,1,2023-09,225,6649873,962,6912.55
2023,9,1,2023-09,226,12669819,1697,7466.01
2023,9,1,2023-09,227,11272304,2296,4909.54
2023,9,1,2023-09,228,5558616,1003,5541.99
2023,9,1,2023-09,229,9438079,1999,4721.4
2023,9,1,2023-09,230,5724518,750,7632.69
2023,9,1,2023-09,231,7592092,1023,7421.4
2023,9,1,2023-09,232,9007921,1512,5957.62
2023,9,1,2023-09,233,7471258,1054,7088.48
2023,9,1,2023-09,234,5531900,940,5885
2023,9,1,2023-09,235,10774962,1695,6356.91
2023,9,1,2023-09,236,5299658,1187,4464.75
2023,9,1,2023-09,237,10435375,1535,6798.29
2023,9,1,2023-09,238,7224258,1578,4578.11
2023,9,1,2023-09,239,6158772,874,7046.65
2023,9,1,2023-09,240,9816166,1415,6937.22
2023,9,1,2023-09,241,12916675,1943,6647.8
2023,9,1,2023-09,242,7874157,1898,4148.66
2023,9,1,2023-09,243,4925683,941,5234.52
2023,9,1,2023-09,244,10506106,2088,5031.66
2023,9,1,2023-09,245,5493635,1029,5338.81
2023,9,1,2023-09,246,9328431,2119,4402.28
2023,9,1,2023-09,247,9163471,1243,7372.06
2023,9,1,2023-09,248,9645056,1599,6031.93
2023,9,1,2023-09,249,7774365,1493,5207.21
2023,9,1,2023-09,250,7044171,1272,5537.87
2023,9,1,2023-09,251,12563228,2196,5720.96
2023,9,1,2023-09,252,5861460,937,6255.56
2023,9,1,2023-09,253,9952764,1681,5920.74
2023,9,1,2023-09,254,11709593,1584,7392.42
2023,9,1,2023-09,255,8064856,1375,5865.35
2023,9,1,2023-09,256,12343154,1628,7581.79
2023,9,1,2023-09,257,8334218,1171,7117.18
2023,9,1,2023-09,258,4918530,1005,4894.06
2023,9,1,2023-09,259,12182855,1623,7506.38
2023,9,1,2023-09,260,5879214,1291,4554
2023,9,1,2023-09,261,9712759,1368,7099.97
2023,9,1,2023-09,262,4821748,881,5473.04
2023,9,1,2023-09,263,15741941,2149,7325.24
2023,9,1,2023-09,264,14162146,1939,7303.84
2023,9,1,2023-09,265,7339811,1062,6911.31
2023,9,1,2023-09,266,6505094,937,6942.47
2023,9,1,2023-09,267,5175642,995,5201.65
2023,9,1,2023-09,268,4851832,1108,4378.91
2023,9,1,2023-09,269,10195369,1830,5571.24
2023,9,1,2023-09,270,7654499,1618,4730.84
2023,9,1,2023-09,271,5090226,776,6559.57
2023,9,1,2023-09,272,10112002,1892,5344.61
2023,9,1,2023-09,273,16049721,2098,7650.01
2023,9,1,2023-09,274,5978617,933,6407.95
2023,9,1,2023-09,275,7515455,1062,7076.7
2023,9,1,2023-09,276,8175694,1789,4569.98
2023,9,1,2023-09,277,14218376,1972,7210.13
2023,9,1,2023-09,278,13124177,1785,7352.48
2023,9,1,2023-09,279,5529956,949,5827.14
2023,9,1,2023-09,280,13093890,2088,6271.02
2023,9,1,2023-09,281,12714940,1874,6784.92
2023,9,1,2023-09,282,6992820,1489,4696.32
2023,9,1,2023-09,283,5794838,979,5919.14
2023,9,1,2023-09,284,10048689,1814,5539.52
2023,9,1,2023-09,285,5466497,1171,4668.23
2023,9,1,2023-09,286,5114830,948,5395.39
2023,9,1,2023-09,287,3322888,763,4355.03
2023,9,1,2023-09,288,7657589,1836,4170.8
2023,9,1,2023-09,289,5169252,1118,4623.66
2023,9,1,2023-09,290,11216962,1475,7604.72
2023,9,1,2023-09,291,13828761,2269,6094.65
2023,9,1,2023-09,292,17301888,2274,7608.57
2023,9,1,2023-09,293,3693414,653,5656.07
2023,9,1,2023-09,294,6101043,1160,5259.52
2023,9,1,2023-09,295,11641119,1966,5921.22
2023,9,1,2023-09,296,10529124,1869,5633.56
2023,9,1,2023-09,297,5082220,1130,4497.54
2023,9,1,2023-09,298,13096480,2061,6354.43
2023,9,1,2023-09,299,4856559,974,4986.2
2023,9,1,2023-09,300,6592142,1045,6308.27
2023,9,1,2023-09,301,10694196,1655,6461.75
2023,9,1,2023-09,302,7237858,1556,4651.58
2023,9,1,2023-09,303,4426351,1036,4272.54
2023,9,1,2023-09,304,10479840,1538,6813.94
2023,9,1,2023-09,305,10484051,1812,5785.9
2023,9,1,2023-09,306,7386664,1684,4386.38
2023,9,1,2023-09,307,6998141,917,7631.56
2023,9,1,2023-09,308,7124443,1680,4240.74
2023,9,1,2023-09,309,7532199,1145,6578.34
2023,9,1,2023-09,310,14285373,1884,7582.47
2023,9,1,2023-09,311,7973974,1616,4934.39
2023,9,1,2023-09,312,10037132,2161,4644.67
2023,9,1,2023-09,313,9493893,2091,4540.36
2023,9,1,2023-09,314,11135686,2160,5155.41
2023,9,1,2023-09,315,5944267,1322,4496.42
2023,9,1,2023-09,316,8761841,1325,6612.71
2023,9,1,2023-09,317,8895791,2061,4316.25
2023,9,1,2023-09,318,8808668,1484,5935.76
2023,9,1,2023-09,319,10787815,1402,7694.59
2023,9,1,2023-09,320,11660707,1657,7037.24
2023,9,1,2023-09,321,7457853,1182,6309.52
2023,9,1,2023-09,322,11626145,2207,5267.85
2023,9,1,2023-09,323,11641439,1829,6364.92
2023,9,1,2023-09,324,9890046,1656,5972.25
2023,9,1,2023-09,325,4180694,745,5611.67
2023,9,1,2023-09,326,5051444,1110,4550.85
2023,9,1,2023-09,327,16453382,2252,7306.12
2023,9,1,2023-09,328,7326621,1288,5688.37
2023,9,1,2023-09,329,6043796,1263,4785.27
2023,9,1,2023-09,330,11067489,2023,5470.83
2023,9,1,2023-09,331,5838276,1043,5597.58
2023,9,1,2023-09,332,4599843,646,7120.5
2023,9,1,2023-09,333,14575623,2154,6766.77
2023,9,1,2023-09,334,9139746,1343,6805.47
2023,9,1,2023-09,335,4139466,999,4143.61
2023,9,1,2023-09,336,9183125,1628,5640.74
2023,9,1,2023-09,337,10988303,1903,5774.2
2023,9,1,2023-09,338,4687222,1117,4196.26
2023,9,1,2023-09,339,9774158,1941,5035.63
2023,9,1,2023-09,340,9662048,1432,6747.24
2023,9,1,2023-09,341,7247042,1574,4604.22
2023,9,1,2023-09,342,7420644,1240,5984.39
2023,9,1,2023-09,343,9626693,1995,4825.41
2023,9,1,2023-09,344,7466213,1798,4152.51
2023,9,1,2023-09,345,4420011,905,4883.99
2023,9,1,2023-09,346,15859174,2096,7566.4
2023,9,1,2023-09,347,14658873,2068,7088.43
2023,9,1,2023-09,348,5736354,758,7567.75
2023,9,1,2023-09,349,6620779,1139,5812.8
2023,9,1,2023-09,350,7813876,1712,4564.18
2023,9,1,2023-09,351,11455080,1902,6022.65
2023,9,1,2023-09,352,8093788,1418,5707.89
2023,9,1,2023-09,353,5631684,796,7074.98
2023,9,1,2023-09,354,7980503,1785,4470.87
2023,9,1,2023-09,355,7104443,1201,5915.44
2023,9,1,2023-09,356,9614251,2090,4600.12
2023,9,1,2023-09,357,5921927,1144,5176.51
2023,9,1,2023-09,358,6908817,1017,6793.33
2023,9,1,2023-09,359,4609983,784,5880.08
2023,9,1,2023-09,360,7507500,1400,5362.5
2023,9,1,2023-09,361,10220211,1845,5539.41
2023,9,1,2023-09,362,8025240,1393,5761.12
2023,9,1,2023-09,363,11591368,1685,6879.15
2023,9,1,2023-09,364,13709415,1895,7234.52
2023,9,1,2023-09,365,7113882,940,7567.96
2023,9,1,2023-09,366,6451253,931,6929.38
2023,9,1,2023-09,367,8926083,1701,5247.55
2023,9,1,2023-09,368,10981214,1679,6540.33
2023,9,1,2023-09,369,10890240,1932,5636.77
2023,9,1,2023-09,370,10087070,2055,4908.55
2023,9,1,2023-09,371,14484974,2039,7103.96
2023,9,1,2023-09,372,4250518,986,4310.87
2023,9,1,2023-09,373,5563636,763,7291.79
2023,9,1,2023-09,374,7146238,1256,5689.68
2023,9,1,2023-09,375,8724795,1362,6405.87
2023,9,1,2023-09,376,13713934,2112,6493.34
2023,9,1,2023-09,377,8971104,1232,7281.74
2023,9,1,2023-09,378,9037143,1419,6368.67
2023,9,1,2023-09,379,12389971,1962,6314.97
2023,9,1,2023-09,380,7486500,1725,4340
2023,9,1,2023-09,381,10181323,1695,6006.68
2023,9,1,2023-09,382,4693373,987,4755.19
2023,9,1,2023-09,383,7747751,1162,6667.6
2023,9,1,2023-09,384,13152811,2194,5994.9
2023,9,1,2023-09,385,11041044,1687,6544.78
2023,9,1,2023-09,386,8048514,1863,4320.19
2023,9,1,2023-09,387,9431080,2122,4444.43
2023,9,1,2023-09,388,7105478,1065,6671.81
2023,9,1,2023-09,389,9003669,2046,4400.62
2023,9,1,2023-09,390,7657159,1762,4345.72
2023,9,1,2023-09,391,8403226,2041,4117.21
2023,9,1,2023-09,392,10907274,1442,7563.99
2023,9,1,2023-09,393,9181582,1369,6706.78
2023,9,1,2023-09,394,8581029,1589,5400.27
2023,9,1,2023-09,395,5955886,1152,5170.04
2023,9,1,2023-09,396,6278363,1195,5253.86
2023,9,1,2023-09,397,9277188,1354,6851.69
2023,9,1,2023-09,398,10263557,1582,6487.71
2023,9,1,2023-09,399,4044318,851,4752.43
2023,9,1,2023-09,400,5327406,1154,4616.47
2023,9,1,2023-09,401,3543594,784,4519.89
2023,9,1,2023-09,402,5971287,922,6476.45
2023,9,1,2023-09,403,9152254,1334,6860.76
2023,9,1,2023-09,404,6197851,1231,5034.81
2023,9,1,2023-09,405,5831664,1386,4207.55
2023,9,1,2023-09,406,7687359,1714,4485.04
2023,9,1,2023-09,407,8454292,1122,7535.02
2023,9,1,2023-09,408,9295352,1774,5239.77
2023,9,1,2023-09,409,14343482,2086,6876.07
2023,9,1,2023-09,410,12913454,2049,6302.32
2023,9,1,2023-09,411,9920759,1780,5573.46
2023,9,1,2023-09,412,6704105,1379,4861.57
2023,9,1,2023-09,413,7664482,1676,4573.08
2023,9,1,2023-09,414,4085345,649,6294.83
2023,9,1,2023-09,415,9496196,1388,6841.64
2023,9,1,2023-09,416,12482563,1945,6417.77
2023,9,1,2023-09,417,11415583,1879,6075.35
2023,9,1,2023-09,418,4079234,961,4244.78
2023,9,1,2023-09,419,7569140,1000,7569.14
2023,9,1,2023-09,420,8076401,1149,7029.07
2023,9,1,2023-09,421,11476654,2232,5141.87
2023,9,1,2023-09,422,6947258,910,7634.35
2023,9,1,2023-09,423,9436651,1498,6299.5
2023,9,1,2023-09,424,10589115,1713,6181.62
2023,9,1,2023-09,425,12226868,1799,6796.48
2023,9,1,2023-09,426,13432225,1908,7039.95
2023,9,1,2023-09,427,8033526,1248,6437.12
2023,9,1,2023-09,428,5896853,1281,4603.32
2023,9,1,2023-09,429,10184117,1924,5293.2
2023,9,1,2023-09,430,6419337,868,7395.55
2023,9,1,2023-09,431,8702655,1797,4842.88
2023,9,1,2023-09,432,9440646,1743,5416.32
2023,9,1,2023-09,433,4554909,811,5616.41
2023,9,1,2023-09,434,11481035,2028,5661.26
2023,9,1,2023-09,435,13388101,2116,6327.08
2023,9,1,2023-09,436,11524696,1557,7401.86
2023,9,1,2023-09,437,7822961,1603,4880.2
2023,9,1,2023-09,438,6926346,1536,4509.34
2023,9,1,2023-09,439,7185300,1486,4835.33
2023,9,1,2023-09,440,17208695,2360,7291.82
2023,9,1,2023-09,441,3580639,561,6382.6
2023,9,1,2023-09,442,7940800,1532,5183.29
2023,9,1,2023-09,443,12018269,1718,6995.5
2023,9,1,2023-09,444,12412675,1722,7208.29
2023,9,1,2023-09,445,10819451,1520,7118.06
2023,9,1,2023-09,446,7905668,1075,7354.11
2023,9,1,2023-09,447,6433195,1291,4983.11
2023,9,1,2023-09,448,9740844,1424,6840.48
2023,9,1,2023-09,449,11409425,1977,5771.08
2023,9,1,2023-09,450,9475075,1323,7161.81
2023,9,1,2023-09,451,6237588,927,6728.79
2023,9,1,2023-09,452,10503256,1542,6811.45
2023,9,1,2023-09,453,11742680,1793,6549.18
2023,9,1,2023-09,454,10719115,2252,4759.82
2023,9,1,2023-09,455,9758352,1605,6079.97
2023,9,1,2023-09,456,18868214,2479,7611.22
2023,9,1,2023-09,457,7877235,1049,7509.28
2023,9,1,2023-09,458,6986646,1658,4213.9
2023,9,1,2023-09,459,8089714,1712,4725.3
2023,9,1,2023-09,460,10820280,2412,4486.02
2023,9,1,2023-09,461,12707152,1887,6734.05
2023,9,1,2023-09,462,12262359,1756,6983.12
2023,9,1,2023-09,463,7199561,1474,4884.37
2023,9,1,2023-09,464,6796838,1137,5977.87
2023,9,1,2023-09,465,11684146,1634,7150.64
2023,9,1,2023-09,466,11727893,1729,6783.05
2023,9,1,2023-09,467,11054369,1813,6097.28
2023,9,1,2023-09,468,8642304,1395,6195.2
2023,9,1,2023-09,469,8125408,1365,5952.68
2023,9,1,2023-09,470,10551020,2071,5094.65
2023,9,1,2023-09,471,9896015,1623,6097.36
2023,9,1,2023-09,472,12033459,1814,6633.66
2023,9,1,2023-09,473,14122819,1958,7212.88
2023,9,1,2023-09,474,9587002,1522,6298.95
2023,9,1,2023-09,475,15292736,2210,6919.79
2023,9,1,2023-09,476,6254540,1329,4706.2
2023,9,1,2023-09,477,8834142,1525,5792.88
2023,9,1,2023-09,478,6478954,1581,4098.01
2023,9,1,2023-09,479,4988230,997,5003.24
2023,9,1,2023-09,480,12318776,1834,6716.89
2023,9,1,2023-09,481,8111828,1065,7616.74
2023,9,1,2023-09,482,8782027,1971,4455.62
2023,9,1,2023-09,483,9282295,1695,5476.28
2023,9,1,2023-09,484,12320344,1772,6952.79
2023,9,1,2023-09,485,7210507,1477,4881.86
2023,9,1,2023-09,486,12669683,2091,6059.15
2023,9,1,2023-09,487,15053783,2209,6814.75
2023,9,1,2023-09,488,13072480,2093,6245.81
2023,9,1,2023-09,489,8317328,1744,4769.11
2023,9,1,2023-09,490,9484575,1773,5349.45
2023,9,1,2023-09,491,5894393,854,6902.1
2023,9,1,2023-09,492,9989890,1624,6151.41
2023,9,1,2023-09,493,7557948,1851,4083.17
2023,9,1,2023-09,494,7972636,1171,6808.4
2023,9,1,2023-09,495,7974503,1870,4264.44
2023,9,1,2023-09,496,11109748,1639,6778.37
2023,9,1,2023-09,497,4056222,838,4840.36
2023,9,1,2023-09,498,10081109,1346,7489.68
2023,9,1,2023-09,499,7621434,1406,5420.65
2023,9,1,2023-09,500,5935637,1114,5328.22
2023,9,1,2023-09,501,6003009,1314,4568.5
2023,9,1,2023-09,502,10877028,2104,5169.69
2023,9,1,2023-09,503,15688436,2191,7160.4
2023,9,1,2023-09,504,9540610,1240,7694.04
2023,9,1,2023-09,505,4071885,743,5480.33
2023,9,1,2023-09,506,7420839,1301,5703.95
2023,9,1,2023-09,507,13082725,1969,6644.35
2023,9,1,2023-09,508,10291549,1423,7232.29
2023,9,1,2023-09,509,13169733,2119,6215.07
2023,9,1,2023-09,510,12231046,2226,5494.63
2023,9,1,2023-09,511,9325587,1658,5624.6
2023,9,1,2023-09,512,6820983,1039,6564.95
2023,9,1,2023-09,513,5336280,1289,4139.86
2023,9,1,2023-09,514,11767348,1865,6309.57
2023,9,1,2023-09,515,10857442,2031,5345.86
2023,9,1,2023-09,516,9005356,1299,6932.53
2023,9,1,2023-09,517,8863561,1989,4456.29
2023,9,1,2023-09,518,9190881,1470,6252.3
2023,9,1,2023-09,519,6014292,1034,5816.53
2023,9,1,2023-09,520,6553613,1032,6350.4
2023,9,1,2023-09,521,4775875,1089,4385.56
2023,9,1,2023-09,522,9611197,1565,6141.34
2023,9,1,2023-09,523,5520760,901,6127.37
2023,9,1,2023-09,524,13696028,2241,6111.57
2023,9,1,2023-09,525,10539533,1684,6258.63
2023,9,1,2023-09,526,11552329,1776,6504.69
2023,9,1,2023-09,527,7974770,1137,7013.87
2023,9,1,2023-09,528,7947584,1618,4911.98
2023,9,1,2023-09,529,11480728,1615,7108.81
2023,9,1,2023-09,530,11913557,2037,5848.58
2023,9,1,2023-09,531,8351656,1897,4402.56
2023,9,1,2023-09,532,9300807,2146,4334.02
2023,9,1,2023-09,533,10330223,1927,5360.78
2023,9,1,2023-09,534,12170722,1758,6923.05
2023,9,1,2023-09,535,6752680,1023,6600.86
2023,9,1,2023-09,536,8054895,1175,6855.23
2023,9,1,2023-09,537,5193221,874,5941.9
2023,9,1,2023-09,538,11803382,2110,5594.02
2023,9,1,2023-09,539,9127497,1981,4607.52
2023,9,1,2023-09,540,7212754,1369,5268.63
2023,9,1,2023-09,541,7948148,1412,5629
2023,9,1,2023-09,542,2536860,573,4427.33
2023,9,1,2023-09,543,7950596,1627,4886.66
2023,9,1,2023-09,544,10875206,1745,6232.21
2023,9,1,2023-09,545,4845872,731,6629.1
2023,9,1,2023-09,546,11313933,1485,7618.81
2023,9,1,2023-09,547,9311146,1246,7472.83
2023,9,1,2023-09,548,11414551,1772,6441.62
2023,9,1,2023-09,549,11030130,1994,5531.66
2023,9,1,2023-09,550,7919733,1248,6345.94
2023,9,1,2023-09,551,6797928,976,6965.09
2023,9,1,2023-09,552,6600649,1467,4499.42
2023,9,1,2023-09,553,11081992,1990,5568.84
2023,9,1,2023-09,554,12298430,1714,7175.28
2023,9,1,2023-09,555,10682902,1955,5464.4
2023,9,1,2023-09,556,8159097,1331,6130.05
2023,9,1,2023-09,557,13149321,2120,6202.51
2023,9,1,2023-09,558,9761278,2012,4851.53
2023,9,1,2023-09,559,8731932,1610,5423.56
2023,9,1,2023-09,560,11220583,2115,5305.24
2023,9,1,2023-09,561,7308739,1749,4178.81
2023,9,1,2023-09,562,6278601,1488,4219.49
2023,9,1,2023-09,563,12344887,1736,7111.11
2023,9,1,2023-09,564,10662249,2117,5036.49
2023,9,1,2023-09,565,6602512,1102,5991.39
2023,9,1,2023-09,566,8741929,1691,5169.68
2023,9,1,2023-09,567,8017531,1073,7472.07
2023,9,1,2023-09,568,8832504,1768,4995.76
2023,9,1,2023-09,569,11078500,1969,5626.46
2023,9,1,2023-09,570,11404587,1588,7181.73
2023,9,1,2023-09,571,14202605,2009,7069.49
2023,9,1,2023-09,572,3976455,830,4790.91
2023,9,1,2023-09,573,9161466,1316,6961.6
2023,9,1,2023-09,574,10545441,1854,5687.94
2023,9,1,2023-09,575,5173550,872,5932.97
2023,9,1,2023-09,576,9963944,2197,4535.25
2023,9,1,2023-09,577,4721663,1062,4446.01
2023,9,1,2023-09,578,7381640,1111,6644.14
2023,9,1,2023-09,579,9032768,1530,5903.77
2023,9,1,2023-09,580,10163366,1796,5658.89
2023,9,1,2023-09,581,13422575,2007,6687.88
2023,9,1,2023-09,582,7244382,1057,6853.72
2023,9,1,2023-09,583,6640281,1419,4679.55
2023,9,1,2023-09,584,8592007,1374,6253.28
2023,9,1,2023-09,585,8638862,1897,4553.96
2023,9,1,2023-09,586,8330429,1239,6723.51
2023,9,1,2023-09,587,9110619,1408,6470.61
2023,9,1,2023-09,588,13366496,1789,7471.49
2023,9,1,2023-09,589,4390263,1008,4355.42
2023,9,1,2023-09,590,5476272,1262,4339.36
2023,9,1,2023-09,591,6859565,1338,5126.73
2023,9,1,2023-09,592,9456927,1887,5011.62
2023,9,1,2023-09,593,4946869,983,5032.42
2023,9,1,2023-09,594,6867788,937,7329.55
2023,9,1,2023-09,595,4599764,931,4940.67
2023,9,1,2023-09,596,6745521,1331,5068.01
2023,9,1,2023-09,597,10383721,1516,6849.42
2023,9,1,2023-09,598,11747049,2066,5685.89
2023,9,1,2023-09,599,11072132,1599,6924.41
2023,9,1,2023-09,600,9507182,2207,4307.74
2023,9,1,2023-09,601,5007703,860,5822.91
2023,9,1,2023-09,602,6628216,1585,4181.84
2023,9,1,2023-09,603,7457187,1709,4363.48
2023,9,1,2023-09,604,13906300,1893,7346.17
2023,9,1,2023-09,605,4074205,893,4562.38
2023,9,1,2023-09,606,10375476,1731,5993.92
2023,9,1,2023-09,607,8692976,1598,5439.91
2023,9,1,2023-09,608,8734892,1622,5385.26
2023,9,1,2023-09,609,16427294,2245,7317.28
2023,9,1,2023-09,610,8397632,2059,4078.5
2023,9,1,2023-09,611,13639863,2126,6415.74
2023,9,1,2023-09,612,8926806,1185,7533.17
2023,9,1,2023-09,613,12509050,2067,6051.79
2023,9,1,2023-09,614,5634638,752,7492.87
2023,9,1,2023-09,615,7990250,1852,4314.39
2023,9,1,2023-09,616,11474114,2041,5621.81
2023,9,1,2023-09,617,9793666,1990,4921.44
2023,9,1,2023-09,618,7219614,1078,6697.23
2023,9,1,2023-09,619,13667683,1802,7584.73
2023,9,1,2023-09,620,7797972,1565,4982.73
2023,9,1,2023-09,621,11731538,1825,6428.24
2023,9,1,2023-09,622,9112860,1912,4766.14
2023,9,1,2023-09,623,11510738,1875,6139.06
2023,9,1,2023-09,624,8383110,1445,5801.46
2023,9,1,2023-09,625,6654225,874,7613.53
2023,9,1,2023-09,626,9366134,1492,6277.57
2023,9,1,2023-09,627,8259092,1516,5447.95
2023,9,1,2023-09,628,5741825,1257,4567.88
2023,9,1,2023-09,629,8904062,1917,4644.79
2023,9,1,2023-09,630,9271098,1895,4892.4
2023,9,1,2023-09,631,7568589,1494,5065.99
2023,9,1,2023-09,632,9712426,1350,7194.39
2023,9,1,2023-09,633,10262886,1696,6051.23
2023,9,1,2023-09,634,13352773,2215,6028.34
2023,9,1,2023-09,635,9204562,2040,4512.04
2023,9,1,2023-09,636,13374223,1872,7144.35
2023,9,1,2023-09,637,12783776,1936,6603.19
2023,9,1,2023-09,638,4360223,1005,4338.53
2023,9,1,2023-09,639,13940157,2100,6638.17
2023,9,1,2023-09,640,10133433,1655,6122.92
2023,9,1,2023-09,641,6777024,1525,4443.95
2023,9,1,2023-09,642,7139309,1248,5720.6
2023,9,1,2023-09,643,11113954,1897,5858.7
2023,9,1,2023-09,644,3714960,784,4738.47
2023,9,1,2023-09,645,15749782,2102,7492.76
2023,9,1,2023-09,646,16099089,2261,7120.34
2023,9,1,2023-09,647,6974706,1077,6476.05
2023,9,1,2023-09,648,11926741,2064,5778.46
2023,9,1,2023-09,649,12721132,2272,5599.09
2023,9,1,2023-09,650,8348990,1300,6422.3
2023,9,1,2023-09,651,6979970,1175,5940.4
2023,9,1,2023-09,652,9542234,2233,4273.28
2023,9,1,2023-09,653,6111693,1024,5968.45
2023,9,1,2023-09,654,13790280,2000,6895.14
2023,9,1,2023-09,655,11096254,1912,5803.48
2023,9,1,2023-09,656,7818339,1801,4341.11
2023,9,1,2023-09,657,16361102,2364,6920.94
2023,9,1,2023-09,658,11065457,2279,4855.4
2023,9,1,2023-09,659,6139113,1214,5056.93
2023,9,1,2023-09,660,7939219,1692,4692.21
2023,9,1,2023-09,661,11191457,2141,5227.21
2023,9,1,2023-09,662,6137087,895,6857.08
2023,9,1,2023-09,663,4557538,756,6028.49
2023,9,1,2023-09,664,7515088,1570,4786.68
2023,9,1,2023-09,665,5401473,752,7182.81
2023,9,1,2023-09,666,12963845,1789,7246.42
2023,9,1,2023-09,667,15110854,2101,7192.22
2023,9,1,2023-09,668,5440836,1095,4968.8
2023,9,1,2023-09,669,8213401,1422,5775.95
2023,9,1,2023-09,670,10833181,1439,7528.27
2023,9,1,2023-09,671,13781370,1986,6939.26
2023,9,1,2023-09,672,8144843,1945,4187.58
2023,9,1,2023-09,673,5185454,1188,4364.86
2023,9,1,2023-09,674,5962849,1029,5794.8
2023,9,1,2023-09,675,12018742,1626,7391.6
2023,9,1,2023-09,676,10866582,1800,6036.99
2023,9,1,2023-09,677,13555424,2297,5901.36
2023,9,1,2023-09,678,7746882,1722,4498.77
2023,9,1,2023-09,679,8253398,1284,6427.88
2023,9,1,2023-09,680,7783278,1117,6968.02
2023,9,1,2023-09,681,5835872,1078,5413.61
2023,9,1,2023-09,682,9090442,1322,6876.28
2023,9,1,2023-09,683,13552121,1802,7520.6
2023,9,1,2023-09,684,11418633,2378,4801.78
2023,9,1,2023-09,685,13423409,2215,6060.23
2023,9,1,2023-09,686,8541795,1651,5173.71
2023,9,1,2023-09,687,10597881,1529,6931.25
2023,9,1,2023-09,688,10893258,1756,6203.45
2023,9,1,2023-09,689,12976658,2041,6357.99
2023,9,1,2023-09,690,7690089,1104,6965.66
2023,9,1,2023-09,691,5327717,961,5543.93
2023,9,1,2023-09,692,11077854,1505,7360.7
2023,9,1,2023-09,693,7419032,1240,5983.09
2023,9,1,2023-09,694,4383236,927,4728.41
2023,9,1,2023-09,695,9948782,1502,6623.69
2023,9,1,2023-09,696,13479902,1970,6842.59
2023,9,1,2023-09,697,3491290,670,5210.88
2023,9,1,2023-09,698,11569644,1621,7137.35
2023,9,1,2023-09,699,14236544,1945,7319.56
2023,9,1,2023-09,700,4505412,877,5137.3
2023,9,1,2023-09,701,11101913,1456,7624.94
2023,9,1,2023-09,702,9134733,2008,4549.17
2023,9,1,2023-09,703,9896720,2056,4813.58
2023,9,1,2023-09,704,9305307,1942,4791.61
2023,9,1,2023-09,705,13982962,1917,7294.19
2023,9,1,2023-09,706,4755990,741,6418.34
2023,9,1,2023-09,707,9353329,2004,4667.33
2023,9,1,2023-09,708,12230225,2125,5755.4
2023,9,1,2023-09,709,11695512,1848,6328.74
2023,9,1,2023-09,710,9900324,2217,4465.64
2023,9,1,2023-09,711,15826707,2187,7236.72
2023,9,1,2023-09,712,13730919,1967,6980.64
2023,9,1,2023-09,713,9053109,1531,5913.2
2023,9,1,2023-09,714,9387817,1240,7570.82
2023,9,1,2023-09,715,10113546,1799,5621.76
2023,9,1,2023-09,716,13720957,1809,7584.83
2023,9,1,2023-09,717,15529928,2380,6525.18
2023,9,1,2023-09,718,9853089,1563,6303.96
2023,9,1,2023-09,719,6879177,1482,4641.82
2023,9,1,2023-09,720,13456063,1829,7357.06
2023,9,1,2023-09,721,5080444,905,5613.75
2023,9,1,2023-09,722,8257834,1749,4721.46
2023,9,1,2023-09,723,9505394,2247,4230.26
2023,9,1,2023-09,724,8629616,1437,6005.3
2023,9,1,2023-09,725,6509916,1077,6044.49
2023,9,1,2023-09,726,11237726,1675,6709.09
2023,9,1,2023-09,727,13396116,1819,7364.55
2023,9,1,2023-09,728,9368808,2159,4339.42
2023,9,1,2023-09,729,8798026,1296,6788.6
2023,9,1,2023-09,730,4925673,1038,4745.35
2023,9,1,2023-09,731,8198718,1135,7223.54
2023,9,1,2023-09,732,14596899,2075,7034.65
2023,9,1,2023-09,733,12061575,1985,6076.36
2023,9,1,2023-09,734,8976852,1350,6649.52
2023,9,1,2023-09,735,7090930,1377,5149.55
2023,9,1,2023-09,736,9970834,1764,5652.4
2023,9,1,2023-09,737,4289391,608,7054.92
2023,9,1,2023-09,738,8194449,1428,5738.41
2023,9,1,2023-09,739,7162340,1325,5405.54
2023,9,1,2023-09,740,10824649,1846,5863.84
2023,9,1,2023-09,741,12665898,1769,7159.92
2023,9,1,2023-09,742,12293482,2312,5317.25
2023,9,1,2023-09,743,7450777,1582,4709.72
2023,9,1,2023-09,744,7008951,1051,6668.84
2023,9,1,2023-09,745,10900552,1548,7041.7
2023,9,1,2023-09,746,6556920,1466,4472.66
2023,9,1,2023-09,747,7985855,1626,4911.35
2023,9,1,2023-09,748,8036160,1741,4615.83
2023,9,1,2023-09,749,9942091,1865,5330.88
2023,9,1,2023-09,750,5276815,931,5667.9
2023,9,1,2023-09,751,10799274,1571,6874.14
2023,9,1,2023-09,752,7192145,1126,6387.34
2023,9,1,2023-09,753,8840789,1397,6328.41
2023,9,1,2023-09,754,7406301,1389,5332.11
2023,9,1,2023-09,755,6331120,888,7129.64
2023,9,1,2023-09,756,9269214,1616,5735.9
2023,9,1,2023-09,757,12203192,1596,7646.11
2023,9,1,2023-09,758,13393053,2071,6466.95
2023,9,1,2023-09,759,9343051,2066,4522.29
2023,9,1,2023-09,760,10482466,1593,6580.33
2023,9,1,2023-09,761,9262062,1763,5253.58
2023,9,1,2023-09,762,11813965,1782,6629.61
2023,9,1,2023-09,763,6751098,1515,4456.17
2023,9,1,2023-09,764,5908873,1251,4723.32
2023,9,1,2023-09,765,13303414,1874,7098.94
2023,9,1,2023-09,766,4387663,884,4963.42
2023,9,1,2023-09,767,7195958,1012,7110.63
2023,9,1,2023-09,768,9925660,1935,5129.54
2023,9,1,2023-09,769,5081060,795,6391.27
2023,9,1,2023-09,770,10335916,1578,6550.01
2023,9,1,2023-09,771,13443017,2243,5993.32
2023,9,1,2023-09,772,3431082,658,5214.41
2023,9,1,2023-09,773,8147330,1696,4803.85
2023,9,1,2023-09,774,6481148,1522,4258.31
2023,9,1,2023-09,775,8811547,1689,5217.02
2023,9,1,2023-09,776,7939407,1235,6428.67
2023,9,1,2023-09,777,15982499,2121,7535.36
2023,9,1,2023-09,778,6281078,873,7194.82
2023,9,1,2023-09,779,15032650,2198,6839.24
2023,9,1,2023-09,780,7636689,1097,6961.43
2023,9,1,2023-09,781,6242437,962,6489.02
2023,9,1,2023-09,782,5927357,1191,4976.79
2023,9,1,2023-09,783,12695206,1725,7359.54
2023,9,1,2023-09,784,7733052,1192,6487.46
2023,9,1,2023-09,785,6328834,1029,6150.47
2023,9,1,2023-09,786,6840616,1516,4512.28
2023,9,1,2023-09,787,9143135,1601,5710.89
2023,9,1,2023-09,788,13993613,2452,5707.02
2023,9,1,2023-09,789,13586360,1890,7188.55
2023,9,1,2023-09,790,11357644,1860,6106.26
2023,9,1,2023-09,791,7601411,1399,5433.46
2023,9,1,2023-09,792,13388716,1762,7598.59
2023,9,1,2023-09,793,9870762,2212,4462.37
2023,9,1,2023-09,794,4146506,745,5565.78
2023,9,1,2023-09,795,9165615,2154,4255.16
2023,9,1,2023-09,796,11487211,1699,6761.16
2023,9,1,2023-09,797,12319379,1647,7479.89
2023,9,1,2023-09,798,6198633,1218,5089.19
2023,9,1,2023-09,799,5266010,734,7174.4
2023,9,1,2023-09,800,3863503,758,5096.97
2023,9,1,2023-09,801,11516113,1558,7391.6
2023,9,1,2023-09,802,9297704,1363,6821.5
2023,9,1,2023-09,803,15903726,2255,7052.65
2023,9,1,2023-09,804,4869303,1153,4223.16
2023,9,1,2023-09,805,11606045,1534,7565.87
2023,9,1,2023-09,806,8209045,1228,6684.89
2023,9,1,2023-09,807,4535497,871,5207.23
2023,9,1,2023-09,808,16970748,2401,7068.2
2023,9,1,2023-09,809,4647259,901,5157.89
2023,9,1,2023-09,810,11341211,1561,7265.35
2023,9,1,2023-09,811,3989566,887,4497.82
2023,9,1,2023-09,812,6538426,997,6558.1
2023,9,1,2023-09,813,9396064,1540,6101.34
2023,9,1,2023-09,814,5407348,1207,4479.99
2023,9,1,2023-09,815,4983775,1005,4958.98
2023,9,1,2023-09,816,6575448,1574,4177.54
2023,9,1,2023-09,817,13253627,2290,5787.61
2023,9,1,2023-09,818,5019369,957,5244.9
2023,9,1,2023-09,819,11464839,1861,6160.58
2023,9,1,2023-09,820,5544940,1076,5153.29
2023,9,1,2023-09,821,5594126,1065,5252.7
2023,9,1,2023-09,822,11258550,1658,6790.44
2023,9,1,2023-09,823,6296721,1444,4360.61
2023,9,1,2023-09,824,7688652,1056,7280.92
2023,9,1,2023-09,825,10365390,1439,7203.19
2023,9,1,2023-09,826,8523171,1303,6541.19
2023,9,1,2023-09,827,11771435,1913,6153.39
2023,9,1,2023-09,828,13862879,1903,7284.75
2023,9,1,2023-09,829,9122870,1914,4766.39
2023,9,1,2023-09,830,8843571,2048,4318.15
2023,9,1,2023-09,831,7096904,1433,4952.48
2023,9,1,2023-09,832,9363987,1340,6988.05
2023,9,1,2023-09,833,3051732,724,4215.1
2023,9,1,2023-09,834,6165524,994,6202.74
2023,9,1,2023-09,835,7677890,1000,7677.89
2023,9,1,2023-09,836,16949151,2365,7166.66
2023,9,1,2023-09,837,8952771,1507,5940.79
2023,9,1,2023-09,838,7042181,1613,4365.89
2023,9,1,2023-09,839,12559859,1792,7008.85
2023,9,1,2023-09,840,13712566,2194,6250.03
2023,9,1,2023-09,841,4087073,892,4581.92
2023,9,1,2023-09,842,6985670,1579,4424.11
2023,9,1,2023-09,843,16200506,2211,7327.23
2023,9,1,2023-09,844,10283383,1574,6533.28
2023,9,1,2023-09,845,8128035,1148,7080.17
2023,9,1,2023-09,846,9090395,1248,7283.97
2023,9,1,2023-09,847,12603679,2048,6154.14
2023,9,1,2023-09,848,5534819,946,5850.76
2023,9,1,2023-09,849,5153080,904,5700.31
2023,9,1,2023-09,850,10056023,1885,5334.76
2023,9,1,2023-09,851,11422620,1997,5719.89
2023,9,1,2023-09,852,12591619,1875,6715.53
2023,9,1,2023-09,853,8711012,1387,6280.47
2023,9,1,2023-09,854,11710028,1609,7277.83
2023,9,1,2023-09,855,10160478,1800,5644.71
2023,9,1,2023-09,856,3858474,614,6284.16
2023,9,1,2023-09,857,5957905,937,6358.49
2023,9,1,2023-09,858,9850746,1577,6246.51
2023,9,1,2023-09,859,11794993,1781,6622.68
2023,9,1,2023-09,860,3881413,791,4906.97
2023,9,1,2023-09,861,5996918,1014,5914.12
2023,9,1,2023-09,862,10355154,2328,4448.09
2023,9,1,2023-09,863,11438779,2116,5405.85
2023,9,1,2023-09,864,9217791,1592,5790.07
2023,9,1,2023-09,865,11529815,1793,6430.46
2023,9,1,2023-09,866,5344582,706,7570.23
2023,9,1,2023-09,867,8468636,1359,6231.52
2023,9,1,2023-09,868,6617989,983,6732.44
2023,9,1,2023-09,869,13219958,2254,5865.11
2023,9,1,2023-09,870,4903575,769,6376.56
2023,9,1,2023-09,871,3448404,781,4415.37
2023,9,1,2023-09,872,2880991,564,5108.14
2023,9,1,2023-09,873,5425780,1002,5414.95
2023,9,1,2023-09,874,9338411,1609,5803.86
2023,9,1,2023-09,875,8138172,1916,4247.48
2023,9,1,2023-09,876,6599135,1437,4592.3
2023,9,1,2023-09,877,3747457,731,5126.48
2023,9,1,2023-09,878,15868125,2097,7567.06
2023,9,1,2023-09,879,8843093,1673,5285.77
2023,9,1,2023-09,880,6489402,1113,5830.55
2023,9,1,2023-09,881,8709989,1821,4783.08
2023,9,1,2023-09,882,5911143,940,6288.45
2023,9,1,2023-09,883,9078185,1808,5021.12
2023,9,1,2023-09,884,9015624,1850,4873.31
2023,9,1,2023-09,885,8588352,1417,6060.94
2023,9,1,2023-09,886,3044879,742,4103.61
2023,9,1,2023-09,887,5772656,1390,4152.99
2023,9,1,2023-09,888,3658127,742,4930.09
2023,9,1,2023-09,889,6467933,1505,4297.63
2023,9,1,2023-09,890,7934892,1770,4482.99
2023,9,1,2023-09,891,11305287,2158,5238.78
2023,9,1,2023-09,892,13133083,1879,6989.4
2023,9,1,2023-09,893,13550196,2200,6159.18
2023,9,1,2023-09,894,8331394,1406,5925.6
2023,9,1,2023-09,895,7598846,1475,5151.76
2023,9,1,2023-09,896,9679176,1300,7445.52
2023,9,1,2023-09,897,11470681,2069,5544.07
2023,9,1,2023-09,898,7733681,1744,4434.45
2023,9,1,2023-09,899,10490688,1664,6304.5
2023,9,1,2023-09,900,4415093,974,4532.95
2023,9,1,2023-09,901,6113338,1147,5329.85
2023,9,1,2023-09,902,6504727,1093,5951.26
2023,9,1,2023-09,903,14078941,1954,7205.19
2023,9,1,2023-09,904,7180594,1222,5876.1
2023,9,1,2023-09,905,12129219,1853,6545.72
2023,9,1,2023-09,906,14547817,1904,7640.66
2023,9,1,2023-09,907,7804255,1695,4604.28
2023,9,1,2023-09,908,5462869,1083,5044.2
2023,9,1,2023-09,909,4844101,880,5504.66
2023,9,1,2023-09,910,10250853,1861,5508.25
2023,9,1,2023-09,911,5527313,1002,5516.28
2023,9,1,2023-09,912,6521552,893,7302.97
2023,9,1,2023-09,913,12977631,1947,6665.45
2023,9,1,2023-09,914,7757350,1232,6296.55
2023,9,1,2023-09,915,4742929,910,5212.01
2023,9,1,2023-09,916,10870543,1545,7035.95
2023,9,1,2023-09,917,5689010,758,7505.29
2023,9,1,2023-09,918,9177728,1297,7076.12
2023,9,1,2023-09,919,7311763,1773,4123.95
2023,9,1,2023-09,920,10743440,1687,6368.37
2023,9,1,2023-09,921,9104006,2093,4349.74
2023,9,1,2023-09,922,3587199,701,5117.26
2023,9,1,2023-09,923,5186812,1216,4265.47
2023,9,1,2023-09,924,13046227,2074,6290.37
2023,9,1,2023-09,925,9952218,1485,6701.83
2023,9,1,2023-09,926,5717605,1262,4530.59
2023,9,1,2023-09,927,7065826,1288,5485.89
2023,9,1,2023-09,928,6115589,1066,5736.95
2023,9,1,2023-09,929,8316547,1526,5449.9
2023,9,1,2023-09,930,6039409,1320,4575.31
2023,9,1,2023-09,931,6382684,1150,5550.16
2023,9,1,2023-09,932,5433952,800,6792.44
2023,9,1,2023-09,933,3706583,870,4260.44
2023,9,1,2023-09,934,9311351,2123,4385.94
2023,9,1,2023-09,935,11035220,2068,5336.18
2023,9,1,2023-09,936,9572156,1278,7489.95
2023,9,1,2023-09,937,9398093,1463,6423.85
2023,9,1,2023-09,938,8777394,1348,6511.42
2023,9,1,2023-09,939,7771214,1427,5445.84
2023,9,1,2023-09,940,12388000,1998,6200.2
2023,9,1,2023-09,941,6701838,1651,4059.26
2023,9,1,2023-09,942,11624110,1818,6393.9
2023,9,1,2023-09,943,11938306,1625,7346.65
2023,9,1,2023-09,944,11164519,1775,6289.87
2023,9,1,2023-09,945,11697888,1625,7198.7
2023,9,1,2023-09,946,6920955,1020,6785.25
2023,9,1,2023-09,947,8702233,1947,4469.56
2023,9,1,2023-09,948,11394214,1527,7461.83
2023,9,1,2023-09,949,6480034,1497,4328.68
2023,9,1,2023-09,950,10677257,1772,6025.54
2023,9,1,2023-09,951,9080879,1978,4590.94
2023,9,1,2023-09,952,5190693,1259,4122.87
2023,9,1,2023-09,953,3337970,598,5581.89
2023,9,1,2023-09,954,6840908,1318,5190.37
2023,9,1,2023-09,955,8679307,1501,5782.35
2023,9,1,2023-09,956,13502631,2182,6188.19
2023,9,1,2023-09,957,8450291,2028,4166.81
2023,9,1,2023-09,958,4323563,948,4560.72
2023,9,1,2023-09,959,13147497,2140,6143.69
2023,9,1,2023-09,960,4570722,866,5277.97
2023,9,1,2023-09,961,10759120,1595,6745.53
2023,9,1,2023-09,962,7853420,1219,6442.51
2023,9,1,2023-09,963,5013330,696,7203.06
2023,9,1,2023-09,964,14504606,2216,6545.4
2023,9,1,2023-09,965,5350783,927,5772.15
2023,9,1,2023-09,966,13761183,2148,6406.51
2023,9,1,2023-09,967,4382504,863,5078.22
2023,9,1,2023-09,968,4691361,915,5127.17
2023,9,1,2023-09,969,5090756,726,7012.06
2023,9,1,2023-09,970,12284609,2158,5692.59
2023,9,1,2023-09,971,4513548,649,6954.62
2023,9,1,2023-09,972,6601717,934,7068.22
2023,9,1,2023-09,973,6155000,858,7173.66
2023,9,1,2023-09,974,18174976,2470,7358.29
2023,9,1,2023-09,975,4899161,876,5592.65
2023,9,1,2023-09,976,6170603,1174,5256.05
2023,9,1,2023-09,977,13456169,2168,6206.72
2023,9,1,2023-09,978,8232865,1506,5466.71
2023,9,1,2023-09,979,8366694,1319,6343.21
2023,9,1,2023-09,980,8133411,1245,6532.86
2023,9,1,2023-09,981,7853211,1196,6566.23
2023,9,1,2023-09,982,7685079,1397,5501.13
2023,9,1,2023-09,983,10038260,2136,4699.56
2023,9,1,2023-09,984,12187650,2199,5542.36
2023,9,1,2023-09,985,10315489,2262,4560.34
2023,9,1,2023-09,986,7472964,1023,7304.95
2023,9,1,2023-09,987,8690936,1622,5358.16
2023,9,1,2023-09,988,10625364,2265,4691.11
2023,9,1,2023-09,989,8703993,2090,4164.59
2023,9,1,2023-09,990,13583991,2113,6428.77
2023,9,1,2023-09,991,8036112,1267,6342.63
2023,9,1,2023-09,992,4483802,840,5337.86
2023,9,1,2023-09,993,6773961,1551,4367.48
2023,9,1,2023-09,994,7539937,1362,5535.93
2023,9,1,2023-09,995,11302110,2136,5291.25
2023,9,1,2023-09,996,9981538,1547,6452.19
2023,9,1,2023-09,997,13650789,2178,6267.58
2023,9,1,2023-09,998,6583125,1225,5373.98
2023,9,1,2023-09,999,8990929,1809,4970.11
2023,9,1,2023-09,1000,14230212,1856,7667.14
2023,9,1,2023-09,1001,9420117,1652,5702.25
2023,9,1,2023-09,1002,10902994,1663,6556.22
2023,9,1,2023-09,1003,4497714,958,4694.9
2023,9,1,2023-09,1004,8546037,1473,5801.79
2023,9,1,2023-09,1005,7545618,1828,4127.8
2023,9,1,2023-09,1006,5958112,1005,5928.47
2023,9,1,2023-09,1007,10043373,1327,7568.48
2023,9,1,2023-09,1008,8190802,1486,5511.98
2023,9,1,2023-09,1009,8779318,2052,4278.42
2023,9,1,2023-09,1010,2888995,672,4299.1
2023,9,1,2023-09,1011,10560072,1949,5418.2
2023,9,1,2023-09,1012,5334481,1153,4626.61
2023,9,1,2023-09,1013,3153864,747,4222.04
2023,9,1,2023-09,1014,5821979,861,6761.88
2023,9,1,2023-09,1015,7221924,1271,5682.08
2023,9,1,2023-09,1016,3972186,760,5226.56
2023,9,1,2023-09,1017,12105190,1669,7252.96
2023,9,1,2023-09,1018,4927321,1093,4508.07
2023,9,1,2023-09,1019,12262082,1630,7522.75
2023,9,1,2023-09,1020,5951104,1125,5289.87
2023,9,1,2023-09,1021,16941624,2353,7200.01
2023,9,1,2023-09,1022,5635411,897,6282.51
2023,9,1,2023-09,1023,11265742,1604,7023.53
2023,9,1,2023-09,1024,12093446,1580,7654.08
2023,9,1,2023-09,1025,10732953,2105,5098.79
2023,9,1,2023-09,1026,13531535,1777,7614.82
2023,9,1,2023-09,1027,11515815,2109,5460.32
2023,9,1,2023-09,1028,4214690,784,5375.88
2023,9,1,2023-09,1029,10505722,1986,5289.89
2023,9,1,2023-09,1030,6092441,1010,6032.12
2023,9,1,2023-09,1031,10189043,2164,4708.43
2023,9,1,2023-09,1032,11724692,1944,6031.22
2023,9,1,2023-09,1033,8905940,1487,5989.2
2023,9,1,2023-09,1034,10429663,1517,6875.19
2023,9,1,2023-09,1035,7188130,1023,7026.52
2023,9,1,2023-09,1036,6951814,1225,5674.95
2023,9,1,2023-09,1037,3902227,753,5182.24
2023,9,1,2023-09,1038,4480386,888,5045.48
2023,9,1,2023-09,1039,6130298,1285,4770.66
2023,9,1,2023-09,1040,3251829,761,4273.1
2023,9,1,2023-09,1041,5422689,1014,5347.82
2023,9,1,2023-09,1042,7123634,1415,5034.37
2023,9,1,2023-09,1043,7396726,986,7501.75
2023,9,1,2023-09,1044,4741190,770,6157.39
2023,9,1,2023-09,1045,8063342,1501,5371.98
2023,9,1,2023-09,1046,5160728,824,6263.02
2023,9,1,2023-09,1047,8234145,1774,4641.57
2023,9,1,2023-09,1048,6631241,1176,5638.81
2023,9,1,2023-09,1049,5093823,802,6351.4
2023,9,1,2023-09,1050,5217820,898,5810.49
2023,9,1,2023-09,1051,4644446,849,5470.49
2023,9,1,2023-09,1052,11843333,1550,7640.86
2023,9,1,2023-09,1053,6715420,920,7299.37
2023,9,1,2023-09,1054,12463715,1963,6349.32
2023,9,1,2023-09,1055,7048169,1159,6081.25
2023,9,1,2023-09,1056,14332242,2273,6305.43
2023,9,1,2023-09,1057,5265493,1092,4821.88
2023,9,1,2023-09,1058,7612208,1398,5445.07
2023,9,1,2023-09,1059,6452823,1507,4281.9
2023,9,1,2023-09,1060,9178519,1583,5798.18
2023,9,1,2023-09,1061,12926106,2159,5987.08
2023,9,1,2023-09,1062,9103292,1874,4857.68
2023,9,1,2023-09,1063,7946117,1045,7603.94
2023,9,1,2023-09,1064,7533107,1026,7342.21
2023,9,1,2023-09,1065,7714484,1144,6743.43
2023,9,1,2023-09,1066,6718889,1104,6085.95
2023,9,1,2023-09,1067,16773107,2309,7264.23
2023,9,1,2023-09,1068,8479910,1863,4551.75
2023,9,1,2023-09,1069,10212250,1497,6821.81
2023,9,1,2023-09,1070,5455374,1194,4568.99
2023,9,1,2023-09,1071,15751970,2237,7041.56
2023,9,1,2023-09,1072,9880090,1940,5092.83
2023,9,1,2023-09,1073,11682694,1633,7154.13
2023,9,1,2023-09,1074,15710081,2108,7452.6
2023,9,1,2023-09,1075,7717462,1666,4632.33
2023,9,1,2023-09,1076,12151679,2127,5713.06
2023,9,1,2023-09,1077,6457190,861,7499.64
2023,9,1,2023-09,1078,8293346,1422,5832.17
2023,9,1,2023-09,1079,13739944,1919,7159.95
2023,9,1,2023-09,1080,10307590,1638,6292.79
2023,9,1,2023-09,1081,10876931,1994,5454.83
2023,9,1,2023-09,1082,3132021,608,5151.35
2023,9,1,2023-09,1083,7519967,1557,4829.78
2023,9,1,2023-09,1084,15859079,2320,6835.81
2023,9,1,2023-09,1085,4224472,780,5415.99
2023,9,1,2023-09,1086,12779933,2170,5889.37
2023,9,1,2023-09,1087,7284356,1231,5917.43
2023,9,1,2023-09,1088,4611406,746,6181.51
2023,9,1,2023-09,1089,10733777,1494,7184.59
2023,9,1,2023-09,1090,15516372,2032,7636.01
2023,9,1,2023-09,1091,3950949,707,5588.33
2023,9,1,2023-09,1092,9417401,1316,7156.08
2023,9,1,2023-09,1093,6711716,980,6848.69
2023,9,1,2023-09,1094,13175036,2156,6110.87
2023,9,1,2023-09,1095,11559270,1537,7520.67
2023,9,1,2023-09,1096,7473081,1540,4852.65
2023,9,1,2023-09,1097,5130300,1129,4544.11
2023,9,1,2023-09,1098,13524534,1908,7088.33
2023,9,1,2023-09,1099,6782242,1192,5689.8
2023,9,1,2023-09,1100,7223351,1018,7095.63
2023,9,1,2023-09,1101,12899213,1773,7275.36
2023,9,1,2023-09,1102,5895224,1349,4370.07
2023,9,1,2023-09,1103,5913032,810,7300.04
2023,9,1,2023-09,1104,10531907,1854,5680.64
2023,9,1,2023-09,1105,10109858,1706,5926.06
2023,9,1,2023-09,1106,7715548,1220,6324.22
2023,9,1,2023-09,1107,10962571,1452,7549.98
2023,9,1,2023-09,1108,3498341,835,4189.63
2023,9,1,2023-09,1109,10886497,1885,5775.33
2023,9,1,2023-09,1110,6043213,912,6626.33
2023,9,1,2023-09,1111,9514921,1409,6752.96
2023,9,1,2023-09,1112,6924571,1039,6664.65
2023,9,1,2023-09,1113,9802000,2093,4683.23
2023,9,1,2023-09,1114,6867729,1318,5210.72
2023,9,1,2023-09,1115,13088490,2435,5375.15
2023,9,1,2023-09,1116,14598424,2093,6974.88
2023,9,1,2023-09,1117,10331627,2029,5091.98
2023,9,1,2023-09,1118,5686516,1174,4843.71
2023,9,1,2023-09,1119,15143013,1996,7586.68
2023,9,1,2023-09,1120,7266560,1755,4140.49
2023,9,1,2023-09,1121,10227542,1325,7718.9
2023,9,1,2023-09,1122,5358139,817,6558.31
2023,9,1,2023-09,1123,9442505,1345,7020.45
2023,9,1,2023-09,1124,11318164,2226,5084.53
2023,9,1,2023-09,1125,8052617,1962,4104.29
2023,9,1,2023-09,1126,13225026,1966,6726.87
2023,9,1,2023-09,1127,12283557,1731,7096.22
2023,9,1,2023-09,1128,13526408,2011,6726.21
2023,9,1,2023-09,1129,8381084,1802,4650.99
2023,9,1,2023-09,1130,6310253,931,6777.93
2023,9,1,2023-09,1131,13957036,2032,6868.62
2023,9,1,2023-09,1132,6661855,1030,6467.82
2023,9,1,2023-09,1133,9591236,1385,6925.08
2023,9,1,2023-09,1134,8888829,1254,7088.38
2023,9,1,2023-09,1135,9954022,1555,6401.3
2023,9,1,2023-09,1136,6870801,1562,4398.72
2023,9,1,2023-09,1137,9538353,1647,5791.35
2023,9,1,2023-09,1138,8407353,1921,4376.55
2023,9,1,2023-09,1139,10017480,1754,5711.22
2023,9,1,2023-09,1140,5693806,1016,5604.14
2023,9,1,2023-09,1141,3895309,891,4371.84
2023,9,1,2023-09,1142,9909228,1838,5391.31
2023,9,1,2023-09,1143,3965662,887,4470.87
2023,9,1,2023-09,1144,13484538,1923,7012.24
2023,9,1,2023-09,1145,16491442,2200,7496.11
2023,9,1,2023-09,1146,8376827,1883,4448.66
2023,9,1,2023-09,1147,6021646,801,7517.66
2023,9,1,2023-09,1148,6770049,1136,5959.55
2023,9,1,2023-09,1149,8700638,1697,5127.07
2023,9,1,2023-09,1150,4135192,942,4389.8
2023,9,1,2023-09,1151,12833411,2171,5911.29
2023,9,1,2023-09,1152,6632471,962,6894.46
2023,9,1,2023-09,1153,9079384,1364,6656.44
2023,9,1,2023-09,1154,6203154,1443,4298.79
2023,9,1,2023-09,1155,8927029,2022,4414.95
2023,9,1,2023-09,1156,9996252,1784,5603.28
2023,9,1,2023-09,1157,10285216,1990,5168.45
2023,9,1,2023-09,1158,4692128,959,4892.73
2023,9,1,2023-09,1159,3086062,608,5075.76
2023,9,1,2023-09,1160,14882227,2108,7059.88
2023,9,1,2023-09,1161,12398262,1667,7437.47
2023,9,1,2023-09,1162,8419093,1494,5635.27
2023,9,1,2023-09,1163,13612076,1847,7369.83
2023,9,1,2023-09,1164,7170362,1355,5291.78
2023,9,1,2023-09,1165,4349448,743,5853.9
2023,9,1,2023-09,1166,8614773,1772,4861.61
2023,9,1,2023-09,1167,6309192,984,6411.78
2023,9,1,2023-09,1168,5543300,734,7552.18
2023,9,1,2023-09,1169,6965797,1114,6252.96
2023,9,1,2023-09,1170,6797682,1255,5416.48
2023,9,1,2023-09,1171,5332058,836,6378.06
2023,9,1,2023-09,1172,4481824,980,4573.29
2023,9,1,2023-09,1173,11519274,1596,7217.59
2023,9,1,2023-09,1174,11839241,1987,5958.35
2023,9,1,2023-09,1175,10448920,1838,5684.94
2023,9,1,2023-09,1176,9936672,1614,6156.55
2023,9,1,2023-09,1177,10093882,1608,6277.29
2023,9,1,2023-09,1178,6869033,1583,4339.25
2023,9,1,2023-09,1179,14987094,2319,6462.74
2023,9,1,2023-09,1180,8318950,1681,4948.81
2023,9,1,2023-09,1181,8602297,1282,6710.06
2023,9,1,2023-09,1182,13024352,1850,7040.19
2023,9,1,2023-09,1183,13151811,1898,6929.3
2023,9,1,2023-09,1184,12364138,2029,6093.71
2023,9,1,2023-09,1185,9433214,1579,5974.17
2023,9,1,2023-09,1186,4180251,888,4707.49
2023,9,1,2023-09,1187,13955681,2018,6915.6
2023,9,1,2023-09,1188,8693068,1707,5092.6
2023,9,1,2023-09,1189,6860907,1158,5924.79
2023,9,1,2023-09,1190,12070083,2358,5118.78
2023,9,1,2023-09,1191,8786972,1917,4583.71
2023,9,1,2023-09,1192,4986032,775,6433.59
2023,9,1,2023-09,1193,8120390,1920,4229.37
2023,9,1,2023-09,1194,15158471,2220,6828.14
2023,9,1,2023-09,1195,11022667,2104,5238.91
2023,9,1,2023-09,1196,8507683,2077,4096.14
2023,9,1,2023-09,1197,8842512,1496,5910.77
2023,9,1,2023-09,1198,9637088,2250,4283.15
2023,9,1,2023-09,1199,7268995,1427,5093.9
2023,9,1,2023-09,1200,14391953,2175,6616.99
2023,9,1,2023-09,1201,9385262,2182,4301.22
2023,9,1,2023-09,1202,9733878,1386,7023
2023,9,1,2023-09,1203,7504893,1835,4089.86
2023,9,1,2023-09,1204,8981999,1808,4967.92
2023,9,1,2023-09,1205,11221011,1659,6763.72
2023,9,1,2023-09,1206,8332257,1564,5327.53
2023,9,1,2023-09,1207,6076643,1367,4445.24
2023,9,1,2023-09,1208,6532667,1221,5350.26
2023,9,1,2023-09,1209,8916130,1768,5043.06
2023,9,1,2023-09,1210,10007291,1404,7127.7
2023,9,1,2023-09,1211,11939883,2272,5255.23
2023,9,1,2023-09,1212,12196285,1752,6961.35
2023,9,1,2023-09,1213,13963460,1904,7333.75
2023,9,1,2023-09,1214,11132139,1952,5702.94
2023,9,1,2023-09,1215,6591640,897,7348.54
2023,9,1,2023-09,1216,11943127,2152,5549.78
2023,9,1,2023-09,1217,10207291,1354,7538.62
2023,9,1,2023-09,1218,4450561,1004,4432.83
2023,9,1,2023-09,1219,10331303,1560,6622.63
2023,9,1,2023-09,1220,8064275,1367,5899.25
2023,9,1,2023-09,1221,6256425,1160,5393.47
2023,9,1,2023-09,1222,7052110,1107,6370.47
2023,9,1,2023-09,1223,5463898,820,6663.29
2023,9,1,2023-09,1224,4657241,1146,4063.91
2023,9,1,2023-09,1225,8772407,1851,4739.28
2023,9,1,2023-09,1226,8463773,1268,6674.9
2023,9,1,2023-09,1227,8493917,1298,6543.85
2023,9,1,2023-09,1228,9578783,1272,7530.49
2023,9,1,2023-09,1229,9368839,1363,6873.69
2023,9,1,2023-09,1230,15035934,2001,7514.21
2023,9,1,2023-09,1231,9847927,1470,6699.27
2023,9,1,2023-09,1232,8892477,1678,5299.45
2023,9,1,2023-09,1233,6148710,1350,4554.6
2023,9,1,2023-09,1234,13731859,1983,6924.79
2023,9,1,2023-09,1235,12464228,1913,6515.54
2023,9,1,2023-09,1236,6367460,1478,4308.16
2023,9,1,2023-09,1237,3983979,744,5354.81
2023,9,1,2023-09,1238,14105223,1874,7526.8
2023,9,1,2023-09,1239,8144059,1373,5931.58
2023,9,1,2023-09,1240,12444024,2186,5692.6
2023,9,1,2023-09,1241,5517534,969,5694.05
2023,9,1,2023-09,1242,3955470,823,4806.16
2023,9,1,2023-09,1243,4675320,864,5411.25
2023,9,1,2023-09,1244,9507403,1743,5454.62
2023,9,1,2023-09,1245,6125220,1416,4325.72
2023,9,1,2023-09,1246,10411309,1518,6858.57
2023,9,1,2023-09,1247,5760056,1036,5559.9
2023,9,1,2023-09,1248,15448236,2168,7125.57
2023,9,1,2023-09,1249,13028225,1835,7099.85
2023,9,1,2023-09,1250,8195350,1664,4925.09
2023,9,1,2023-09,1251,10899296,1679,6491.54
2023,9,1,2023-09,1252,10813114,1847,5854.42
2023,9,1,2023-09,1253,15648505,2163,7234.63
2023,9,1,2023-09,1254,6871579,1410,4873.46
2023,9,1,2023-09,1255,5704086,873,6533.89
2023,9,1,2023-09,1256,8074845,1290,6259.57
2023,9,1,2023-09,1257,7813314,1510,5174.38
2023,9,1,2023-09,1258,8859997,1898,4668.07
2023,9,1,2023-09,1259,13696808,2147,6379.51
2023,9,1,2023-09,1260,7525392,1120,6719.1
2023,9,1,2023-09,1261,5093179,979,5202.43
2023,9,1,2023-09,1262,12293018,1918,6409.29
2023,9,1,2023-09,1263,9193422,1667,5514.95
2023,9,1,2023-09,1264,5902935,882,6692.67
2023,9,1,2023-09,1265,6606592,1370,4822.33
2023,9,1,2023-09,1266,12541329,1717,7304.21
2023,9,1,2023-09,1267,7689708,1492,5153.96
2023,9,1,2023-09,1268,11058923,2035,5434.36
2023,9,1,2023-09,1269,3948038,908,4348.06
2023,9,1,2023-09,1270,6293572,1398,4501.84
2023,9,1,2023-09,1271,5809700,964,6026.66
2023,9,1,2023-09,1272,9903357,1912,5179.58
2023,9,1,2023-09,1273,8324021,1168,7126.73
2023,9,1,2023-09,1274,9231640,2213,4171.55
2023,9,1,2023-09,1275,6754963,1230,5491.84
2023,9,1,2023-09,1276,11361805,2158,5264.97
2023,9,1,2023-09,1277,8690053,2076,4185.96
2023,9,1,2023-09,1278,7562596,1673,4520.38
2023,9,1,2023-09,1279,4033712,719,5610.17
2023,9,1,2023-09,1280,8330384,1427,5837.69
2023,9,1,2023-09,1281,7570815,1367,5538.27
2023,9,1,2023-09,1282,12620230,2131,5922.21
2023,9,1,2023-09,1283,12378566,2002,6183.1
2023,9,1,2023-09,1284,7883598,1895,4160.21
2023,9,1,2023-09,1285,4611402,805,5728.45
2023,9,1,2023-09,1286,10412521,1370,7600.38
2023,9,1,2023-09,1287,9846590,1663,5920.98
2023,9,1,2023-09,1288,14162916,2162,6550.84
2023,9,1,2023-09,1289,5422662,1045,5189.15
2023,9,1,2023-09,1290,13805718,2003,6892.52
2023,9,1,2023-09,1291,10836048,1593,6802.29
2023,9,1,2023-09,1292,8635772,1451,5951.6
2023,9,1,2023-09,1293,16365581,2165,7559.16
2023,9,1,2023-09,1294,7732591,1682,4597.26
2023,9,1,2023-09,1295,3775325,901,4190.15
2023,9,1,2023-09,1296,12400550,1822,6806.01
2023,9,1,2023-09,1297,10071750,1442,6984.57
2023,9,1,2023-09,1298,9511751,2112,4503.67
2023,9,1,2023-09,1299,4708020,923,5100.78
2023,9,1,2023-09,1300,9797967,2317,4228.73
2023,9,1,2023-09,1301,3615490,710,5092.24
2023,9,1,2023-09,1302,5486016,794,6909.34
2023,9,1,2023-09,1303,14469938,2443,5923.02
2023,9,1,2023-09,1304,9481269,1775,5341.56
2023,9,1,2023-09,1305,12068919,2219,5438.9
2023,9,1,2023-09,1306,8738935,2083,4195.36
2023,9,1,2023-09,1307,9299757,1811,5135.15
2023,9,1,2023-09,1308,10821781,1676,6456.91
2023,9,1,2023-09,1309,8156138,1082,7538.02
2023,9,1,2023-09,1310,9870231,1394,7080.51
2023,9,1,2023-09,1311,4735466,1129,4194.39
2023,9,1,2023-09,1312,9093166,1242,7321.39
2023,9,1,2023-09,1313,12767926,1883,6780.63
2023,9,1,2023-09,1314,11245391,1618,6950.18
2023,9,1,2023-09,1315,11660527,2064,5649.48
2023,9,1,2023-09,1316,11718016,2121,5524.76
2023,9,1,2023-09,1317,6732038,1282,5251.2
2023,9,1,2023-09,1318,7766364,1748,4443
2023,9,1,2023-09,1319,9139068,1862,4908.2
2023,9,1,2023-09,1320,10811912,2195,4925.7
2023,9,1,2023-09,1321,12436857,2109,5897.04
2023,9,1,2023-09,1322,5203065,763,6819.22
2023,9,1,2023-09,1323,10745503,1859,5780.26
2023,9,1,2023-09,1324,8845752,2063,4287.81
2023,9,1,2023-09,1325,16139634,2152,7499.83
2023,9,1,2023-09,1326,13082201,1753,7462.75
2023,9,1,2023-09,1327,10816825,1561,6929.42
2023,9,1,2023-09,1328,9220451,1209,7626.51
2023,9,1,2023-09,1329,6385115,1058,6035.08
2023,9,1,2023-09,1330,6752675,891,7578.76
2023,9,1,2023-09,1331,3820689,886,4312.29
2023,9,1,2023-09,1332,6332875,1173,5398.87
2023,9,1,2023-09,1333,7848728,1622,4838.92
2023,9,1,2023-09,1334,8024271,1667,4813.6
2023,9,1,2023-09,1335,6954556,1537,4524.76
2023,9,1,2023-09,1336,10911364,1712,6373.46
2023,9,1,2023-09,1337,5015347,733,6842.22
2023,9,1,2023-09,1338,6175207,1013,6095.96
2023,9,1,2023-09,1339,7115860,1541,4617.69
2023,9,1,2023-09,1340,6355146,897,7084.89
2023,9,1,2023-09,1341,12090032,1885,6413.81
2023,9,1,2023-09,1342,4230346,782,5409.65
2023,9,1,2023-09,1343,13923038,2156,6457.81
2023,9,1,2023-09,1344,8870216,1767,5019.93
2023,9,1,2023-09,1345,11213177,2060,5443.29
2023,9,1,2023-09,1346,10827709,1474,7345.8
2023,9,1,2023-09,1347,4278166,838,5105.21
2023,9,1,2023-09,1348,7690687,1313,5857.34
2023,9,1,2023-09,1349,11970508,1640,7299.09
2023,9,1,2023-09,1350,9647465,1443,6685.7
2023,9,1,2023-09,1351,5983345,1392,4298.38
2023,9,1,2023-09,1352,7598962,1641,4630.69
2023,9,1,2023-09,1353,9684391,2308,4196.01
2023,9,1,2023-09,1354,9879244,1554,6357.3
2023,9,1,2023-09,1355,7464169,1296,5759.39
2023,9,1,2023-09,1356,9249109,2008,4606.13
2023,9,1,2023-09,1357,8399112,1122,7485.84
2023,9,1,2023-09,1358,5563066,927,6001.15
2023,9,1,2023-09,1359,7250302,1445,5017.51
2023,9,1,2023-09,1360,9277570,1565,5928.16
2023,9,1,2023-09,1361,14359724,2197,6536.06
2023,9,1,2023-09,1362,6899601,1606,4296.14
2023,9,1,2023-09,1363,10756041,2147,5009.8
2023,9,1,2023-09,1364,12597640,1820,6921.78
2023,9,1,2023-09,1365,9280559,1620,5728.74
2023,9,1,2023-09,1366,8959253,1482,6045.38
2023,9,1,2023-09,1367,11692920,2092,5589.35
2023,9,1,2023-09,1368,9688390,2247,4311.7
2023,9,1,2023-09,1369,5638217,1214,4644.33
2023,9,1,2023-09,1370,9716962,1723,5639.56
2023,9,1,2023-09,1371,8991777,1850,4860.42
2023,9,1,2023-09,1372,6384248,1474,4331.24
2023,9,1,2023-09,1373,5607314,777,7216.62
2023,9,1,2023-09,1374,6319909,827,7641.97
2023,9,1,2023-09,1375,9392710,1339,7014.72
2023,9,1,2023-09,1376,10402935,1464,7105.83
2023,9,1,2023-09,1377,8960174,1767,5070.84
2023,9,1,2023-09,1378,13432722,1801,7458.48
2023,9,1,2023-09,1379,6174246,1289,4789.95
2023,9,1,2023-09,1380,8996324,1194,7534.61
2023,9,1,2023-09,1381,11418699,1504,7592.22
2023,9,1,2023-09,1382,7252157,1097,6610.9
2023,9,1,2023-09,1383,17259666,2281,7566.71
2023,9,1,2023-09,1384,12726835,2076,6130.46
2023,9,1,2023-09,1385,10256904,2011,5100.4
2023,9,1,2023-09,1386,9981734,1760,5671.44
2023,9,1,2023-09,1387,12394042,1996,6209.44
2023,9,1,2023-09,1388,5317198,1254,4240.19
2023,9,1,2023-09,1389,4803745,756,6354.16
2023,9,1,2023-09,1390,10818868,1414,7651.25
2023,9,1,2023-09,1391,5635265,1196,4711.76
2023,9,1,2023-09,1392,3039133,438,6938.66
2023,9,1,2023-09,1393,14216930,1931,7362.47
2023,9,1,2023-09,1394,10685727,1420,7525.16
2023,9,1,2023-09,1395,12936077,1723,7507.88
2023,9,1,2023-09,1396,5072877,855,5933.19
2023,9,1,2023-09,1397,11986083,1581,7581.33
2023,9,1,2023-09,1398,14234708,2071,6873.35
2023,9,1,2023-09,1399,2754949,582,4733.59
2023,9,1,2023-09,1400,4155830,715,5812.35
2023,9,1,2023-09,1401,13867734,2063,6722.12
2023,9,1,2023-09,1402,3767283,771,4886.23
2023,9,1,2023-09,1403,9207183,1431,6434.09
2023,9,1,2023-09,1404,5970798,927,6440.99
2023,9,1,2023-09,1405,8471183,1776,4769.81
2023,9,1,2023-09,1406,12063930,1984,6080.61
2023,9,1,2023-09,1407,12209090,1788,6828.35
2023,9,1,2023-09,1408,13781252,2329,5917.24
2023,9,1,2023-09,1409,4662584,1115,4181.69
2023,9,1,2023-09,1410,4528979,1099,4121
2023,9,1,2023-09,1411,4856020,899,5401.58
2023,9,1,2023-09,1412,15418726,2072,7441.47
2023,9,1,2023-09,1413,6347839,1284,4943.8
2023,9,1,2023-09,1414,8990085,1414,6357.91
2023,9,1,2023-09,1415,4230790,859,4925.25
2023,9,1,2023-09,1416,6785257,1275,5321.77
2023,9,1,2023-09,1417,7020938,991,7084.7
2023,9,1,2023-09,1418,11749883,1760,6676.07
2023,9,1,2023-09,1419,5029607,1130,4450.98
2023,9,1,2023-09,1420,8994364,1608,5593.51
2023,9,1,2023-09,1421,9321521,2256,4131.88
2023,9,1,2023-09,1422,9767175,1662,5876.76
2023,9,1,2023-09,1423,10099822,1584,6376.15
2023,9,1,2023-09,1424,10251794,2271,4514.22
2023,9,1,2023-09,1425,7473364,1444,5175.46
2023,9,1,2023-09,1426,8330708,1503,5542.72
2023,9,1,2023-09,1427,5533455,750,7377.94
2023,9,1,2023-09,1428,14473231,1902,7609.48
2023,9,1,2023-09,1429,9212256,2150,4284.77
2023,9,1,2023-09,1430,9796515,1444,6784.29
2023,9,1,2023-09,1431,7029674,1290,5449.36
2023,9,1,2023-09,1432,12806907,2321,5517.84
2023,9,1,2023-09,1433,14651472,2151,6811.47
2023,9,1,2023-09,1434,12244004,1663,7362.6
2023,9,1,2023-09,1435,4240331,558,7599.16
2023,9,1,2023-09,1436,7443743,1203,6187.65
2023,9,1,2023-09,1437,11819852,2200,5372.66
2023,9,1,2023-09,1438,4951968,714,6935.53
2023,9,1,2023-09,1439,6924673,1393,4971.05
2023,9,1,2023-09,1440,12172267,1993,6107.51
2023,9,1,2023-09,1441,5536526,1007,5498.04
2023,9,1,2023-09,1442,10183976,1586,6421.17
2023,9,1,2023-09,1443,7451730,1501,4964.51
2023,9,1,2023-09,1444,9970881,2089,4773.04
2023,9,1,2023-09,1445,13938836,1898,7343.96
2023,9,1,2023-09,1446,3548356,790,4491.59
2023,9,1,2023-09,1447,3503936,592,5918.81
2023,9,1,2023-09,1448,7146936,1447,4939.14
2023,9,1,2023-09,1449,5723945,1336,4284.39
2023,9,1,2023-09,1450,5668416,1325,4278.05
2023,9,1,2023-09,1451,4956579,1056,4693.73
2023,9,1,2023-09,1452,5947688,822,7235.63
2023,9,1,2023-09,1453,10734310,2085,5148.35
2023,9,1,2023-09,1454,14509622,1945,7459.96
2023,9,1,2023-09,1455,8037598,1302,6173.27
2023,9,1,2023-09,1456,10921806,1949,5603.8
2023,9,1,2023-09,1457,13660760,2199,6212.26
2023,9,1,2023-09,1458,12018844,2008,5985.48
2023,9,1,2023-09,1459,11711657,1701,6885.16
2023,9,1,2023-09,1460,5930597,1161,5108.18
2023,9,1,2023-09,1461,7175368,1331,5390.96
2023,9,1,2023-09,1462,7040246,958,7348.9
2023,9,1,2023-09,1463,6361401,853,7457.68
2023,9,1,2023-09,1464,16359960,2254,7258.19
2023,9,1,2023-09,1465,4281938,768,5575.44
2023,9,1,2023-09,1466,8747327,1271,6882.24
2023,9,1,2023-09,1467,6747608,1169,5772.12
2023,9,1,2023-09,1468,11209322,1914,5856.49
2023,9,1,2023-09,1469,10979955,2250,4879.98
2023,9,1,2023-09,1470,6652468,1070,6217.26
2023,9,1,2023-09,1471,7464274,1559,4787.86
2023,9,1,2023-09,1472,3878036,736,5269.07
2023,9,1,2023-09,1473,7565315,1060,7137.09
2023,9,1,2023-09,1474,8862988,1823,4861.76
2023,9,1,2023-09,1475,3918796,897,4368.78
2023,9,1,2023-09,1476,8082782,1841,4390.43
2023,9,1,2023-09,1477,6498304,863,7529.9
2023,9,1,2023-09,1478,6725809,1142,5889.5
2023,9,1,2023-09,1479,13409932,2390,5610.85
2023,9,1,2023-09,1480,5323199,765,6958.43
2023,9,1,2023-09,1481,11345031,1578,7189.5
2023,9,1,2023-09,1482,5981427,1137,5260.71
2023,9,1,2023-09,1483,6049748,914,6618.98
2023,9,1,2023-09,1484,10932864,1604,6816
2023,9,1,2023-09,1485,10081386,1565,6441.78
2023,9,1,2023-09,1486,8968304,1900,4720.16
2023,9,1,2023-09,1487,13310331,1848,7202.56
2023,9,1,2023-09,1488,7588748,1237,6134.8
2023,9,1,2023-09,1489,4473263,874,5118.15
2023,9,1,2023-09,1490,11628686,2050,5672.53
2023,9,1,2023-09,1491,3685929,865,4261.19
2023,9,1,2023-09,1492,4568015,996,4586.36
2023,9,1,2023-09,1493,8191231,1208,6780.82
2023,9,1,2023-09,1494,7664138,1875,4087.54
2023,9,1,2023-09,1495,4351640,770,5651.48
2023,9,1,2023-09,1496,10783160,1809,5960.84
2023,9,1,2023-09,1497,6349072,1473,4310.3
2023,9,1,2023-09,1498,15417613,2051,7517.12
2023,9,1,2023-09,1499,6556352,1340,4892.8
2023,9,1,2023-09,1500,9984242,1903,5246.58
2023,9,1,2023-09,1501,11610547,2260,5137.41
2023,9,1,2023-09,1502,6513555,1312,4964.6
2023,9,1,2023-09,1503,2848330,691,4122.04
2023,9,1,2023-09,1504,13785439,2056,6704.98
2023,9,1,2023-09,1505,9538024,1263,7551.88
2023,9,1,2023-09,1506,8290642,1696,4888.35
2023,9,1,2023-09,1507,9173981,1420,6460.55
2023,9,1,2023-09,1508,8244388,1212,6802.3
2023,9,1,2023-09,1509,11779424,1654,7121.78
2023,9,1,2023-09,1510,9845074,1727,5700.68
2023,9,1,2023-09,1511,3976612,764,5204.99
2023,9,1,2023-09,1512,5581223,1064,5245.51
2023,9,1,2023-09,1513,8789915,1312,6699.63
2023,9,1,2023-09,1514,9977439,1414,7056.18
2023,9,1,2023-09,1515,4622575,987,4683.46
2023,9,1,2023-09,1516,8270641,1535,5388.04
2023,9,1,2023-09,1517,9181107,1253,7327.3
2023,9,1,2023-09,1518,9959031,1439,6920.8
2023,9,1,2023-09,1519,11352707,1470,7722.93
2023,9,1,2023-09,1520,13956884,2040,6841.61
2023,9,1,2023-09,1521,6748561,1224,5513.53
2023,9,1,2023-09,1522,12079986,1947,6204.41
2023,9,1,2023-09,1523,10272358,1594,6444.39
2023,9,1,2023-09,1524,3707298,862,4300.81
2023,9,1,2023-09,1525,10346083,1731,5976.94
2023,9,1,2023-09,1526,11870979,1764,6729.58
2023,9,1,2023-09,1527,5929039,1241,4777.63
2023,9,1,2023-09,1528,14508903,2111,6873
2023,9,1,2023-09,1529,9092321,1458,6236.16
2023,9,1,2023-09,1530,16976355,2253,7535
2023,9,1,2023-09,1531,8504076,1983,4288.49
2023,9,1,2023-09,1532,9341847,1871,4992.97
2023,9,1,2023-09,1533,10971204,1776,6177.48
2023,9,1,2023-09,1534,6751994,1293,5221.96
2023,9,1,2023-09,1535,5442610,828,6573.2
2023,9,1,2023-09,1536,13432247,1971,6814.94
2023,9,1,2023-09,1537,3794303,851,4458.64
2023,9,1,2023-09,1538,10113446,1707,5924.69
2023,9,1,2023-09,1539,11354780,1911,5941.8
2023,9,1,2023-09,1540,8939370,1656,5398.17
2023,9,1,2023-09,1541,12542008,1681,7461.04
2023,9,1,2023-09,1542,5566294,787,7072.8
2023,9,1,2023-09,1543,12339217,1843,6695.18
2023,9,1,2023-09,1544,9041425,1370,6599.58
2023,9,1,2023-09,1545,4193542,728,5760.36
2023,9,1,2023-09,1546,8629460,1163,7420
2023,9,1,2023-09,1547,13541352,2058,6579.86
2023,9,1,2023-09,1548,11065818,1663,6654.13
2023,9,1,2023-09,1549,13620976,1880,7245.2
2023,9,1,2023-09,1550,10773531,2111,5103.52
2023,9,1,2023-09,1551,9759515,1407,6936.4
2023,9,1,2023-09,1552,8711544,1805,4826.34
2023,9,1,2023-09,1553,4254441,785,5419.67
2023,9,1,2023-09,1554,6543136,1233,5306.68
2023,9,1,2023-09,1555,15896791,2090,7606.12
2023,9,1,2023-09,1556,12975460,1792,7240.77
2023,9,1,2023-09,1557,12077921,1838,6571.23
2023,9,1,2023-09,1558,15300536,2255,6785.16
2023,9,1,2023-09,1559,6568180,1066,6161.52
2023,9,1,2023-09,1560,11230586,1507,7452.28
2023,9,1,2023-09,1561,12465676,2130,5852.43
2023,9,1,2023-09,1562,6370896,1170,5445.21
2023,9,1,2023-09,1563,5125197,1112,4608.99
2023,9,1,2023-09,1564,6736495,972,6930.55
2023,9,1,2023-09,1565,8756105,1308,6694.27
2023,9,1,2023-09,1566,10018989,1823,5495.88
2023,9,1,2023-09,1567,9093043,2196,4140.73
2023,9,1,2023-09,1568,16500030,2308,7149.06
2023,9,1,2023-09,1569,8118776,1941,4182.78
2023,9,1,2023-09,1570,9894847,1501,6592.17
2023,9,1,2023-09,1571,5368145,707,7592.85
2023,9,1,2023-09,1572,8543584,1505,5676.8
2023,9,1,2023-09,1573,6700468,1336,5015.32
2023,9,1,2023-09,1574,7845339,1192,6581.66
2023,9,1,2023-09,1575,7837110,1116,7022.5
2023,9,1,2023-09,1576,10231968,1696,6033
2023,9,1,2023-09,1577,11365889,1502,7567.17
2023,9,1,2023-09,1578,5180940,1200,4317.45
2023,9,1,2023-09,1579,13044119,2217,5883.68
2023,9,1,2023-09,1580,12135048,1822,6660.29
2023,9,1,2023-09,1581,8863488,1225,7235.5
2023,9,1,2023-09,1582,3805145,791,4810.55
2023,9,1,2023-09,1583,11932545,1707,6990.36
2023,9,1,2023-09,1584,10922256,1797,6078.05
2023,9,1,2023-09,1585,12117883,2197,5515.65
2023,9,1,2023-09,1586,6247927,1357,4604.22
2023,9,1,2023-09,1587,6476160,898,7211.76
2023,9,1,2023-09,1588,6058451,1318,4596.7
2023,9,1,2023-09,1589,3868434,738,5241.78
2023,9,1,2023-09,1590,10565824,2069,5106.73
2023,9,1,2023-09,1591,12858678,1796,7159.62
2023,9,1,2023-09,1592,6560393,1019,6438.07
2023,9,1,2023-09,1593,6495024,935,6946.55
2023,9,1,2023-09,1594,4318636,871,4958.25
2023,9,1,2023-09,1595,6006722,963,6237.51
2023,9,1,2023-09,1596,7461595,1216,6136.18
2023,9,1,2023-09,1597,10856446,1537,7063.4
2023,9,1,2023-09,1598,13073555,1781,7340.57
2023,9,1,2023-09,1599,5307498,1287,4123.93
2023,9,1,2023-09,1600,7775012,1178,6600.18
2023,9,1,2023-09,1601,7335144,1699,4317.33
2023,9,1,2023-09,1602,13281452,2196,6048.02
2023,9,1,2023-09,1603,10006108,1949,5133.97
2023,9,1,2023-09,1604,10801286,2050,5268.92
2023,9,1,2023-09,1605,6127935,1132,5413.37
2023,9,1,2023-09,1606,3114485,497,6266.57
2023,9,1,2023-09,1607,9003220,1712,5258.89
2023,9,1,2023-09,1608,14321757,2140,6692.41
2023,9,1,2023-09,1609,8025533,1450,5534.85
2023,9,1,2023-09,1610,6350994,1468,4326.29
2023,9,1,2023-09,1611,15820698,2289,6911.62
2023,9,1,2023-09,1612,9810156,1900,5163.24
2023,9,1,2023-09,1613,12229720,2147,5696.19
2023,9,1,2023-09,1614,13415159,2050,6543.98
2023,9,1,2023-09,1615,3578084,685,5223.48
2023,9,1,2023-09,1616,8119056,1904,4264.21
2023,9,1,2023-09,1617,5286304,975,5421.85
2023,9,1,2023-09,1618,15391645,2072,7428.4
2023,9,1,2023-09,1619,7731652,1198,6453.8
2023,9,1,2023-09,1620,9806208,1519,6455.7
2023,9,1,2023-09,1621,14161740,2214,6396.45
2023,9,1,2023-09,1622,8008429,1688,4744.33
2023,9,1,2023-09,1623,11768507,2089,5633.56
2023,9,1,2023-09,1624,15595423,2298,6786.52
2023,9,1,2023-09,1625,9436934,2079,4539.17
2023,9,1,2023-09,1626,9212951,1824,5050.96
2023,9,1,2023-09,1627,5248495,1035,5071.01
2023,9,1,2023-09,1628,8820700,1565,5636.23
2023,9,1,2023-09,1629,8305697,1092,7605.95
2023,9,1,2023-09,1630,7554981,1743,4334.47
2023,9,1,2023-09,1631,8529461,1434,5948.02
2023,9,1,2023-09,1632,6131074,1295,4734.42
2023,9,1,2023-09,1633,6676584,892,7484.96
2023,9,1,2023-09,1634,4111713,902,4558.44
2023,9,1,2023-09,1635,9480054,1669,5680.08
2023,9,1,2023-09,1636,11011307,1629,6759.55
2023,9,1,2023-09,1637,9738893,1481,6575.89
2023,9,1,2023-09,1638,10421772,1870,5573.14
2023,9,1,2023-09,1639,10212329,1900,5374.91
2023,9,1,2023-09,1640,6800953,1226,5547.27
2023,9,1,2023-09,1641,8085058,1604,5040.56
2023,9,1,2023-09,1642,8616917,1767,4876.58
2023,9,1,2023-09,1643,4817857,839,5742.38
2023,9,1,2023-09,1644,9352882,1833,5102.5
2023,9,1,2023-09,1645,4585906,891,5146.92
2023,9,1,2023-09,1646,4667456,728,6411.34
2023,9,1,2023-09,1647,7716189,1028,7506.02
2023,9,1,2023-09,1648,9301020,1483,6271.76
2023,9,1,2023-09,1649,8302997,1867,4447.24
2023,9,1,2023-09,1650,8191238,1875,4368.66
2023,9,1,2023-09,1651,13948320,1867,7470.98
2023,9,1,2023-09,1652,5159240,996,5179.96
2023,9,1,2023-09,1653,6436167,1424,4519.78
2023,9,1,2023-09,1654,13472704,2149,6269.29
2023,9,1,2023-09,1655,12062523,1896,6362.09
2023,9,1,2023-09,1656,11919828,1839,6481.69
2023,9,1,2023-09,1657,10329239,2031,5085.79
2023,9,1,2023-09,1658,5749803,1393,4127.64
2023,9,1,2023-09,1659,13036646,1743,7479.43
2023,9,1,2023-09,1660,10007505,2016,4964.04
2023,9,1,2023-09,1661,9188479,1419,6475.32
2023,9,1,2023-09,1662,9682908,1453,6664.08
2023,9,1,2023-09,1663,14326102,2265,6324.99
2023,9,1,2023-09,1664,5549174,1060,5235.07
2023,9,1,2023-09,1665,5778757,1151,5020.64
2023,9,1,2023-09,1666,15022730,2375,6325.36
2023,9,1,2023-09,1667,4907792,683,7185.64
2023,9,1,2023-09,1668,15129737,2012,7519.75
2023,9,1,2023-09,1669,9679405,2156,4489.52
2023,9,1,2023-09,1670,8081782,1730,4671.55
2023,9,1,2023-09,1671,16081094,2141,7511.02
2023,9,1,2023-09,1672,11937054,1779,6709.98
2023,9,1,2023-09,1673,13922012,1901,7323.52
2023,9,1,2023-09,1674,8828655,1854,4761.95
2023,9,1,2023-09,1675,4165640,676,6162.19
2023,9,1,2023-09,1676,7086673,1062,6672.95
2023,9,1,2023-09,1677,14222346,2166,6566.18
2023,9,1,2023-09,1678,11551323,2033,5681.91
2023,9,1,2023-09,1679,6746179,1619,4166.88
2023,9,1,2023-09,1680,6387897,1019,6268.79
2023,9,1,2023-09,1681,3988224,809,4929.82
2023,9,1,2023-09,1682,10879200,1924,5654.47
2023,9,1,2023-09,1683,12947539,1710,7571.66
2023,9,1,2023-09,1684,9249090,1695,5456.69
2023,9,1,2023-09,1685,12832429,1807,7101.51
2023,9,1,2023-09,1686,5323533,1101,4835.18
2023,9,1,2023-09,1687,12605706,1929,6534.84
2023,9,1,2023-09,1688,13613910,1791,7601.29
2023,9,1,2023-09,1689,8660599,1945,4452.75
2023,9,1,2023-09,1690,4164200,1004,4147.61
2023,9,1,2023-09,1691,5695829,1002,5684.46
2023,9,1,2023-09,1692,4560043,1034,4410.1
2023,9,1,2023-09,1693,5895929,867,6800.38
2023,9,1,2023-09,1694,10225712,1377,7426.08
2023,9,1,2023-09,1695,12045885,2132,5650.04
2023,9,1,2023-09,1696,8854220,1758,5036.53
2023,9,1,2023-09,1697,4035065,710,5683.19
2023,9,1,2023-09,1698,14816123,2205,6719.33
2023,9,1,2023-09,1699,9151487,2189,4180.67
2023,9,1,2023-09,1700,4633632,751,6169.95
2023,9,1,2023-09,1701,12736033,2029,6277
2023,9,1,2023-09,1702,7938240,1247,6365.87
2023,9,1,2023-09,1703,10596363,2148,4933.13
2023,9,1,2023-09,1704,5856209,890,6580.01
2023,9,1,2023-09,1705,4160311,970,4288.98
2023,9,1,2023-09,1706,6810096,1397,4874.8
2023,9,1,2023-09,1707,10540222,1469,7175.1
2023,9,1,2023-09,1708,10208956,1497,6819.61
2023,9,1,2023-09,1709,4832431,1153,4191.18
2023,9,1,2023-09,1710,6023707,1210,4978.27
2023,9,1,2023-09,1711,9835117,2006,4902.85
2023,9,1,2023-09,1712,10288461,2019,5095.82
2023,9,1,2023-09,1713,6545882,1324,4944.02
2023,9,1,2023-09,1714,4673775,1079,4331.58
2023,9,1,2023-09,1715,7148403,1253,5705.03
2023,9,1,2023-09,1716,10622240,1572,6757.15
2023,9,1,2023-09,1717,5102304,817,6245.17
2023,9,1,2023-09,1718,6014686,924,6509.4
2023,9,1,2023-09,1719,6215430,1415,4392.53
2023,9,1,2023-09,1720,10671385,1420,7515.06
2023,9,1,2023-09,1721,11065197,1541,7180.53
2023,9,1,2023-09,1722,12625637,1810,6975.49
2023,9,1,2023-09,1723,9193986,1294,7105.09
2023,9,1,2023-09,1724,8337366,1117,7464.07
2023,9,1,2023-09,1725,13801937,2256,6117.88
2023,9,1,2023-09,1726,6382061,1327,4809.39
2023,9,1,2023-09,1727,6617428,1043,6344.61
2023,9,1,2023-09,1728,14604451,2160,6761.32
2023,9,1,2023-09,1729,6089394,921,6611.72
2023,9,1,2023-09,1730,6509926,1099,5923.5
2023,9,1,2023-09,1731,8750581,1998,4379.67
2023,9,1,2023-09,1732,7068680,1295,5458.44
2023,9,1,2023-09,1733,7620487,1038,7341.51
2023,9,1,2023-09,1734,13737485,2213,6207.63
2023,9,1,2023-09,1735,10215679,1687,6055.53
2023,9,1,2023-09,1736,10060278,1985,5068.15
2023,9,1,2023-09,1737,11380931,2085,5458.48
2023,9,1,2023-09,1738,4731456,645,7335.59
2023,9,1,2023-09,1739,8306266,1280,6489.27
2023,9,1,2023-09,1740,14365946,2082,6900.07
2023,9,1,2023-09,1741,9039310,1564,5779.61
2023,9,1,2023-09,1742,7856550,1231,6382.25
2023,9,1,2023-09,1743,6029812,1222,4934.38
2023,9,1,2023-09,1744,10690674,1610,6640.17
2023,9,1,2023-09,1745,5507116,986,5585.31
2023,9,1,2023-09,1746,7358197,1303,5647.12
2023,9,1,2023-09,1747,12006869,1876,6400.25
2023,9,1,2023-09,1748,14086745,1889,7457.25
2023,9,1,2023-09,1749,5451709,1252,4354.4
2023,9,1,2023-09,1750,8002399,1137,7038.17
2023,9,1,2023-09,1751,11898172,2316,5137.38
2023,9,1,2023-09,1752,7385973,1302,5672.79
2023,9,1,2023-09,1753,8735237,2063,4234.24
2023,9,1,2023-09,1754,9758833,1930,5056.39
2023,9,1,2023-09,1755,10315824,1751,5891.39
2023,9,1,2023-09,1756,9944891,2271,4379.08
2023,9,1,2023-09,1757,7894910,1341,5887.33
2023,9,1,2023-09,1758,8406913,1124,7479.46
2023,9,1,2023-09,1759,8370437,1905,4393.93
2023,9,1,2023-09,1760,4749598,700,6785.14
2023,9,1,2023-09,1761,9418320,1683,5596.15
2023,9,1,2023-09,1762,6428996,986,6520.28
2023,9,1,2023-09,1763,10738217,2153,4987.56
2023,9,1,2023-09,1764,7616695,1634,4661.38
2023,9,1,2023-09,1765,5146905,1095,4700.37
2023,9,1,2023-09,1766,9028868,2102,4295.37
2023,9,1,2023-09,1767,10948789,2283,4795.79
2023,9,1,2023-09,1768,8493831,1335,6362.42
2023,9,1,2023-09,1769,8505680,1168,7282.26
2023,9,1,2023-09,1770,12936473,1855,6973.84
2023,9,1,2023-09,1771,9132804,1397,6537.44
2023,9,1,2023-09,1772,8408381,1855,4532.82
2023,9,1,2023-09,1773,6520263,1263,5162.52
2023,9,1,2023-09,1774,8517287,1633,5215.73
2023,9,1,2023-09,1775,8103523,1606,5045.78
2023,9,1,2023-09,1776,4616178,786,5873
2023,9,1,2023-09,1777,8155467,1352,6032.15
2023,9,1,2023-09,1778,10997133,2056,5348.8
2023,9,1,2023-09,1779,4434557,819,5414.6
2023,9,1,2023-09,1780,8123681,1144,7101.12
2023,9,1,2023-09,1781,14231186,2044,6962.42
2023,9,1,2023-09,1782,7792336,1475,5282.94
2023,9,1,2023-09,1783,10811557,1456,7425.52
2023,9,1,2023-09,1784,7785008,1037,7507.24
2023,9,1,2023-09,1785,8727430,1654,5276.56
2023,9,1,2023-09,1786,7320523,1355,5402.6
2023,9,1,2023-09,1787,10748684,1815,5922.14
2023,9,1,2023-09,1788,11091296,1478,7504.26
2023,9,1,2023-09,1789,8954250,1254,7140.55
2023,9,1,2023-09,1790,5079851,1114,4560.01
2023,9,1,2023-09,1791,9988063,1811,5515.22
2023,9,1,2023-09,1792,4504201,749,6013.62
2023,9,1,2023-09,1793,9156748,1561,5865.95
2023,9,1,2023-09,1794,9054075,1924,4705.86
2023,9,1,2023-09,1795,11570854,1623,7129.3
2023,9,1,2023-09,1796,5126213,786,6521.9
2023,9,1,2023-09,1797,12457399,1737,7171.79
2023,9,1,2023-09,1798,9305268,1293,7196.65
2023,9,1,2023-09,1799,8186806,1205,6794.03
2023,9,1,2023-09,1800,13145887,2336,5627.52
2023,9,1,2023-09,1801,10425235,1667,6253.89
2023,9,1,2023-09,1802,8878329,1910,4648.34
2023,9,1,2023-09,1803,8417193,1298,6484.74
2023,9,1,2023-09,1804,8771435,1853,4733.64
2023,9,1,2023-09,1805,8062997,1226,6576.67
2023,9,1,2023-09,1806,3081172,627,4914.15
2023,9,1,2023-09,1807,10180603,2263,4498.72
2023,9,1,2023-09,1808,6841957,1454,4705.61
2023,9,1,2023-09,1809,6255169,1525,4101.75
2023,9,1,2023-09,1810,6255778,947,6605.89
2023,9,1,2023-09,1811,11996149,1783,6728.07
2023,9,1,2023-09,1812,9171592,1543,5944
2023,9,1,2023-09,1813,8993544,1949,4614.44
2023,9,1,2023-09,1814,7648894,1746,4380.81
2023,9,1,2023-09,1815,7882519,1875,4204.01
2023,9,1,2023-09,1816,8900196,1914,4650.05
2023,9,1,2023-09,1817,16015415,2213,7236.97
2023,9,1,2023-09,1818,8159979,1646,4957.46
2023,9,1,2023-09,1819,11459848,2121,5403.04
2023,9,1,2023-09,1820,6402612,1402,4566.77
2023,9,1,2023-09,1821,10887550,2207,4933.19
2023,9,1,2023-09,1822,10174690,1692,6013.41
2023,9,1,2023-09,1823,4413924,701,6296.61
2023,9,1,2023-09,1824,5871533,1185,4954.88
2023,9,1,2023-09,1825,6942431,1598,4344.45
2023,9,1,2023-09,1826,4071887,740,5502.55
2023,9,1,2023-09,1827,11206070,2258,4962.83
2023,9,1,2023-09,1828,10667195,2199,4850.93
2023,9,1,2023-09,1829,14440574,1910,7560.51
2023,9,1,2023-09,1830,8103377,1285,6306.13
2023,9,1,2023-09,1831,10111355,1655,6109.58
2023,9,1,2023-09,1832,10813013,1934,5591.01
2023,9,1,2023-09,1833,11500925,2043,5629.43
2023,9,1,2023-09,1834,10848299,1789,6063.89
2023,9,1,2023-09,1835,11165717,1697,6579.68
2023,9,1,2023-09,1836,10134586,1548,6546.89
2023,9,1,2023-09,1837,10574914,2280,4638.12
2023,9,1,2023-09,1838,6996927,1185,5904.58
2023,9,1,2023-09,1839,4754715,855,5561.07
2023,9,1,2023-09,1840,13677696,1915,7142.4
2023,9,1,2023-09,1841,8536323,1340,6370.39
2023,9,1,2023-09,1842,9504387,1582,6007.83
2023,9,1,2023-09,1843,9370875,2083,4498.74
2023,9,1,2023-09,1844,7516322,1196,6284.55
2023,9,1,2023-09,1845,6233543,1359,4586.86
2023,9,1,2023-09,1846,9760615,1817,5371.83
2023,9,1,2023-09,1847,5088369,1100,4625.79
2023,9,1,2023-09,1848,7361420,1119,6578.57
2023,9,1,2023-09,1849,6105149,1258,4853.06
2023,9,1,2023-09,1850,9301170,1684,5523.26
2023,9,1,2023-09,1851,11370315,1558,7298.02
2023,9,1,2023-09,1852,5573935,1150,4846.9
2023,9,1,2023-09,1853,10927476,1867,5852.96
2023,9,1,2023-09,1854,8410889,1499,5611
2023,9,1,2023-09,1855,4765531,1136,4195.01
2023,9,1,2023-09,1856,14982255,2165,6920.21
2023,9,1,2023-09,1857,6096115,1401,4351.26
2023,9,1,2023-09,1858,4977072,865,5753.84
2023,9,1,2023-09,1859,6643970,1097,6056.49
2023,9,1,2023-09,1860,14046187,2207,6364.38
2023,9,1,2023-09,1861,12296567,1881,6537.25
2023,9,1,2023-09,1862,6281058,1273,4934.06
2023,9,1,2023-09,1863,7161123,1749,4094.41
2023,9,1,2023-09,1864,12251179,1842,6651.02
2023,9,1,2023-09,1865,8560208,1413,6058.18
2023,9,1,2023-09,1866,12988470,1828,7105.29
2023,9,1,2023-09,1867,7768944,1109,7005.36
2023,9,1,2023-09,1868,7997801,1127,7096.54
2023,9,1,2023-09,1869,6503607,1102,5901.64
2023,9,1,2023-09,1870,11450799,2143,5343.35
2023,9,1,2023-09,1871,10558767,1533,6887.65
2023,9,1,2023-09,1872,6178340,1070,5774.15
2023,9,1,2023-09,1873,9778704,2054,4760.81
2023,9,1,2023-09,1874,10275270,1427,7200.61
2023,9,1,2023-09,1875,6443213,888,7255.87
2023,9,1,2023-09,1876,5519893,947,5828.82
2023,9,1,2023-09,1877,8459598,1955,4327.16
2023,9,1,2023-09,1878,6201782,1131,5483.45
2023,9,1,2023-09,1879,15773636,2242,7035.52
2023,9,1,2023-09,1880,8676300,1201,7224.23
2023,9,1,2023-09,1881,4191035,867,4833.95
2023,9,1,2023-09,1882,3849761,889,4330.44
2023,9,1,2023-09,1883,15787640,2170,7275.41
2023,9,1,2023-09,1884,7973525,1437,5548.73
2023,9,1,2023-09,1885,9037986,1487,6078
2023,9,1,2023-09,1886,8125417,1072,7579.68
2023,9,1,2023-09,1887,8923163,2052,4348.52
2023,9,1,2023-09,1888,14007095,2185,6410.57
2023,9,1,2023-09,1889,5961002,1360,4383.09
2023,9,1,2023-09,1890,6128787,1111,5516.46
2023,9,1,2023-09,1891,13041583,1878,6944.4
2023,9,1,2023-09,1892,6587520,1168,5640
2023,9,1,2023-09,1893,12815751,1671,7669.51
2023,9,1,2023-09,1894,9707872,1578,6152.01
2023,9,1,2023-09,1895,10770442,2045,5266.72
2023,9,1,2023-09,1896,10956366,2218,4939.75
2023,9,1,2023-09,1897,7111704,1315,5408.14
2023,9,1,2023-09,1898,13251838,2424,5466.93
2023,9,1,2023-09,1899,7997152,1857,4306.49
2023,9,1,2023-09,1900,3649457,663,5504.46
2023,9,1,2023-09,1901,8514151,1460,5831.61
2023,9,1,2023-09,1902,9694128,1448,6694.84
2023,9,1,2023-09,1903,11131745,1741,6393.88
2023,9,1,2023-09,1904,6348378,966,6571.82
2023,9,1,2023-09,1905,4154260,1001,4150.11
2023,9,1,2023-09,1906,5010546,1032,4855.18
2023,9,1,2023-09,1907,9140584,1429,6396.49
2023,9,1,2023-09,1908,7815071,1355,5767.58
2023,9,1,2023-09,1909,3108711,757,4106.62
2023,9,1,2023-09,1910,11531408,1649,6992.97
2023,9,1,2023-09,1911,12377565,1785,6934.21
2023,9,1,2023-09,1912,7223606,1186,6090.73
2023,9,1,2023-09,1913,8121523,1876,4329.17
2023,9,1,2023-09,1914,11760687,1713,6865.55
2023,9,1,2023-09,1915,4885822,787,6208.16
2023,9,1,2023-09,1916,4994597,720,6936.94
2023,9,1,2023-09,1917,6141658,904,6793.87
2023,9,1,2023-09,1918,12681009,1805,7025.49
2023,9,1,2023-09,1919,5451582,909,5997.34
2023,9,1,2023-09,1920,6145901,1332,4614.04
2023,9,1,2023-09,1921,6671319,1026,6502.26
2023,9,1,2023-09,1922,14117546,2217,6367.86
2023,9,1,2023-09,1923,6386419,949,6729.63
2023,9,1,2023-09,1924,6563216,1412,4648.17
2023,9,1,2023-09,1925,2804659,592,4737.6
2023,9,1,2023-09,1926,11739302,1618,7255.44
2023,9,1,2023-09,1927,13467584,1975,6819.03
2023,9,1,2023-09,1928,16476521,2246,7335.94
2023,9,1,2023-09,1929,7423971,1087,6829.78
2023,9,1,2023-09,1930,14954899,2404,6220.84
2023,9,1,2023-09,1931,7465676,1162,6424.85
2023,9,1,2023-09,1932,15016901,2074,7240.55
2023,9,1,2023-09,1933,9741641,1578,6173.41
2023,9,1,2023-09,1934,13969173,2196,6361.19
2023,9,1,2023-09,1935,9537272,2035,4686.62
2023,9,1,2023-09,1936,10380864,1785,5815.61
2023,9,1,2023-09,1937,13567337,2037,6660.45
2023,9,1,2023-09,1938,3281157,655,5009.4
2023,9,1,2023-09,1939,4094194,839,4879.85
2023,9,1,2023-09,1940,5111644,978,5226.63
2023,9,1,2023-09,1941,3507749,705,4975.53
2023,9,1,2023-09,1942,6131737,1239,4948.94
2023,9,1,2023-09,1943,10922525,1927,5668.15
2023,9,1,2023-09,1944,6533063,886,7373.66
2023,9,1,2023-09,1945,9485442,1602,5921
2023,9,1,2023-09,1946,10539724,2205,4779.92
2023,9,1,2023-09,1947,8490541,1932,4394.69
2023,9,1,2023-09,1948,5761918,871,6615.29
2023,9,1,2023-09,1949,7275727,1310,5553.99
2023,9,1,2023-09,1950,11308787,1580,7157.46
2023,9,1,2023-09,1951,7878537,1216,6479.06
2023,9,1,2023-09,1952,14181930,2068,6857.8
2023,9,1,2023-09,1953,7818883,1552,5037.94
2023,9,1,2023-09,1954,11357024,1704,6664.92
2023,9,1,2023-09,1955,3747593,737,5084.93
2023,9,1,2023-09,1956,14369990,1920,7484.37
2023,9,1,2023-09,1957,11470064,1799,6375.8
2023,9,1,2023-09,1958,9611503,1843,5215.14
2023,9,1,2023-09,1959,9615661,1868,5147.57
2023,9,1,2023-09,1960,3594130,756,4754.14
2023,9,1,2023-09,1961,10691749,1614,6624.38
2023,9,1,2023-09,1962,10582036,2190,4831.98
2023,9,1,2023-09,1963,12783661,2053,6226.82
2023,9,1,2023-09,1964,3661312,718,5099.32
2023,9,1,2023-09,1965,13987122,2164,6463.55
2023,9,1,2023-09,1966,11369034,1623,7004.95
2023,9,1,2023-09,1967,14875661,2159,6890.07
2023,9,1,2023-09,1968,9515935,1406,6768.09
2023,9,1,2023-09,1969,5064486,1075,4711.15
2023,9,1,2023-09,1970,6734255,1511,4456.82
2023,9,1,2023-09,1971,5178137,786,6587.96
2023,9,1,2023-09,1972,7110614,1303,5457.11
2023,9,1,2023-09,1973,9012936,1580,5704.39
2023,9,1,2023-09,1974,6047781,1415,4274.05
2023,9,1,2023-09,1975,6467584,1303,4963.61
2023,9,1,2023-09,1976,10032599,2390,4197.74
2023,9,1,2023-09,1977,7595465,1044,7275.35
2023,9,1,2023-09,1978,9121581,1823,5003.61
2023,9,1,2023-09,1979,11771453,1898,6202.03
2023,9,1,2023-09,1980,6605382,1570,4207.25
2023,9,1,2023-09,1981,9993894,1527,6544.79
2023,9,1,2023-09,1982,3986468,755,5280.09
2023,9,1,2023-09,1983,7693457,1062,7244.31
2023,9,1,2023-09,1984,6329360,872,7258.44
2023,9,1,2023-09,1985,10587613,2004,5283.24
2023,9,1,2023-09,1986,8441666,1164,7252.29
2023,9,1,2023-09,1987,12780577,1687,7575.92
2023,9,1,2023-09,1988,14322385,2052,6979.72
2023,9,1,2023-09,1989,12231128,1713,7140.18
2023,9,1,2023-09,1990,4091069,822,4976.97
2023,9,1,2023-09,1991,8273449,1347,6142.13
2023,9,1,2023-09,1992,3341532,773,4322.81
2023,9,1,2023-09,1993,4747818,1083,4383.95
2023,9,1,2023-09,1994,12314836,1608,7658.48
2023,9,1,2023-09,1995,7817467,1505,5194.33
2023,9,1,2023-09,1996,11833774,1731,6836.38
2023,9,1,2023-09,1997,15146960,2143,7068.11
2023,9,1,2023-09,1998,14721510,2082,7070.85
2023,9,1,2023-09,1999,10339730,1351,7653.39
2023,9,1,2023-09,2000,8292578,1674,4953.75
2023,9,1,2023-09,2001,3977706,937,4245.15
2023,9,1,2023-09,2002,9160714,1629,5623.52
2023,9,1,2023-09,2003,6328295,1390,4552.73
2023,9,1,2023-09,2004,4469537,1068,4184.96
2023,9,1,2023-09,2005,12101981,2188,5531.07
2023,9,1,2023-09,2006,12691390,1838,6905
2023,9,1,2023-09,2007,10591290,1705,6211.9
2023,9,1,2023-09,2008,6178426,1177,5249.3
2023,9,1,2023-09,2009,7527299,1172,6422.61
2023,9,1,2023-09,2010,10316519,2103,4905.62
2023,9,1,2023-09,2011,7175741,1725,4159.85
2023,9,1,2023-09,2012,7876446,1160,6790.04
2023,9,1,2023-09,2013,9367029,1487,6299.28
2023,9,1,2023-09,2014,13948995,2047,6814.36
2023,9,1,2023-09,2015,4192972,984,4261.15
2023,9,1,2023-09,2016,13934981,1940,7182.98
2023,9,1,2023-09,2017,8449990,1341,6301.26
2023,9,1,2023-09,2018,12876210,2096,6143.23
2023,9,1,2023-09,2019,13758304,2195,6268.02
2023,9,1,2023-09,2020,9289564,1282,7246.15
2023,9,1,2023-09,2021,4645881,758,6129.13
2023,9,1,2023-09,2022,10949206,1760,6221.14
2023,9,1,2023-09,2023,12478305,1632,7646.02
2023,9,1,2023-09,2024,11076697,1627,6808.05
2023,9,1,2023-09,2025,5483122,966,5676.11
2023,9,1,2023-09,2026,9657385,1468,6578.6
2023,9,1,2023-09,2027,4534677,833,5443.79
2023,9,1,2023-09,2028,9914047,1997,4964.47
2023,9,1,2023-09,2029,11523803,1846,6242.58
2023,9,1,2023-09,2030,9421211,1271,7412.44
2023,9,1,2023-09,2031,7725297,1037,7449.66
2023,9,1,2023-09,2032,4668449,875,5335.37
2023,9,1,2023-09,2033,6596746,1107,5959.12
2023,9,1,2023-09,2034,3901145,784,4975.95
2023,9,1,2023-09,2035,10896476,1415,7700.69
2023,9,1,2023-09,2036,13862981,1819,7621.21
2023,9,1,2023-09,2037,8297246,1295,6407.14
2023,9,1,2023-09,2038,8678086,1235,7026.79
2023,9,1,2023-09,2039,6881162,1038,6629.25
2023,9,1,2023-09,2040,4400813,711,6189.61
2023,9,1,2023-09,2041,5014495,1146,4375.65
2023,9,1,2023-09,2042,5213633,909,5735.57
2023,9,1,2023-09,2043,10682854,1647,6486.25
2023,9,1,2023-09,2044,5361672,821,6530.66
2023,9,1,2023-09,2045,8714234,1590,5480.65
2023,9,1,2023-09,2046,14412360,1921,7502.53
2023,9,1,2023-09,2047,9069239,1909,4750.78
2023,9,1,2023-09,2048,5735793,982,5840.93
2023,9,1,2023-09,2049,4707417,711,6620.84
2023,9,1,2023-09,2050,11279631,1711,6592.42
2023,9,1,2023-09,2051,12939474,2012,6431.15
2023,9,1,2023-09,2052,5389056,1047,5147.14
2023,9,1,2023-09,2053,10088130,2147,4698.71
2023,9,1,2023-09,2054,13607589,2127,6397.55
2023,9,1,2023-09,2055,8607643,1397,6161.52
2023,9,1,2023-09,2056,4804753,1012,4747.78
2023,9,1,2023-09,2057,11598441,1759,6593.77
2023,9,1,2023-09,2058,11466088,1988,5767.65
2023,9,1,2023-09,2059,6683962,1022,6540.08
2023,9,1,2023-09,2060,15267767,2154,7088.1
2023,9,1,2023-09,2061,8044832,1717,4685.4
2023,9,1,2023-09,2062,6460052,1521,4247.24
2023,9,1,2023-09,2063,5802024,845,6866.3
2023,9,1,2023-09,2064,8596962,1379,6234.2
2023,9,1,2023-09,2065,10252258,1560,6571.96
2023,9,1,2023-09,2066,11829895,1671,7079.53
2023,9,1,2023-09,2067,14704631,2119,6939.42
2023,9,1,2023-09,2068,16352950,2157,7581.34
2023,9,1,2023-09,2069,4485535,757,5925.41
2023,9,1,2023-09,2070,12857053,2211,5815.04
2023,9,1,2023-09,2071,9595037,1731,5543.06
2023,9,1,2023-09,2072,5143651,1102,4667.56
2023,9,1,2023-09,2073,7085238,1137,6231.52
2023,9,1,2023-09,2074,6734438,1303,5168.41
2023,9,1,2023-09,2075,10562069,1441,7329.68
2023,9,1,2023-09,2076,12947582,2120,6107.35
2023,9,1,2023-09,2077,12663211,2033,6228.83
2023,9,1,2023-09,2078,10972147,2052,5347.05
2023,9,1,2023-09,2079,5916125,1395,4240.95
2023,9,1,2023-09,2080,8513487,2016,4222.96
2023,9,1,2023-09,2081,5119706,909,5632.24
2023,9,1,2023-09,2082,5361641,1226,4373.28
2023,9,1,2023-09,2083,4980995,797,6249.68
2023,9,1,2023-09,2084,15241079,2110,7223.26
2023,10,1,2023-10,1,12463377,1717,7258.81
2023,10,1,2023-10,2,10207708,2109,4840.07
2023,10,1,2023-10,3,6816803,1527,4464.18
2023,10,1,2023-10,4,10188573,2017,5051.35
2023,10,1,2023-10,5,7985803,1883,4241
2023,10,1,2023-10,6,12343911,2060,5992.19
2023,10,1,2023-10,7,13647340,1831,7453.49
2023,10,1,2023-10,8,3783926,892,4242.07
2023,10,1,2023-10,9,5243545,1141,4595.57
2023,10,1,2023-10,10,10520489,1843,5708.35
2023,10,1,2023-10,11,7137588,971,7350.76
2023,10,1,2023-10,12,11445153,2124,5388.49
2023,10,1,2023-10,13,4898548,833,5880.61
2023,10,1,2023-10,14,8252689,1923,4291.57
2023,10,1,2023-10,15,8731190,1914,4561.75
2023,10,1,2023-10,16,12003022,1572,7635.51
2023,10,1,2023-10,17,6895887,918,7511.86
2023,10,1,2023-10,18,7856448,1969,3990.07
2023,10,1,2023-10,19,10287619,1374,7487.35
2023,10,1,2023-10,20,6374259,999,6380.64
2023,10,1,2023-10,21,15186315,2112,7190.49
2023,10,1,2023-10,22,9262154,1615,5735.08
2023,10,1,2023-10,23,7032316,1186,5929.44
2023,10,1,2023-10,24,12663323,2165,5849.11
2023,10,1,2023-10,25,10461348,1612,6489.67
2023,10,1,2023-10,26,2652359,577,4596.81
2023,10,1,2023-10,27,7793066,1856,4198.85
2023,10,1,2023-10,28,6155164,1193,5159.4
2023,10,1,2023-10,29,14264410,2147,6643.88
2023,10,1,2023-10,30,3629957,755,4807.89
2023,10,1,2023-10,31,5807753,895,6489.11
2023,10,1,2023-10,32,12633687,1665,7587.8
2023,10,1,2023-10,33,6431148,1447,4444.47
2023,10,1,2023-10,34,7428823,1148,6471.1
2023,10,1,2023-10,35,9599203,1672,5741.15
2023,10,1,2023-10,36,8720109,1220,7147.63
2023,10,1,2023-10,37,11325941,2417,4685.95
2023,10,1,2023-10,38,9206157,1394,6604.13
2023,10,1,2023-10,39,12021378,1676,7172.66
2023,10,1,2023-10,40,5117037,687,7448.38
2023,10,1,2023-10,41,10750414,1639,6559.13
2023,10,1,2023-10,42,8936908,1535,5822.09
2023,10,1,2023-10,43,10299792,1644,6265.08
2023,10,1,2023-10,44,8945193,1233,7254.82
2023,10,1,2023-10,45,13066173,2123,6154.58
2023,10,1,2023-10,46,6424623,1508,4260.36
2023,10,1,2023-10,47,15173073,2030,7474.42
2023,10,1,2023-10,48,7775678,1202,6468.95
2023,10,1,2023-10,49,5163673,799,6462.67
2023,10,1,2023-10,50,8553895,1752,4882.36
2023,10,1,2023-10,51,6300614,988,6377.14
2023,10,1,2023-10,52,9804723,1796,5459.2
2023,10,1,2023-10,53,6594226,1016,6490.38
2023,10,1,2023-10,54,5708021,1281,4455.91
2023,10,1,2023-10,55,7389206,1140,6481.76
2023,10,1,2023-10,56,4225553,551,7668.88
2023,10,1,2023-10,57,3481943,821,4241.1
2023,10,1,2023-10,58,9740477,1296,7515.8
2023,10,1,2023-10,59,11099661,1995,5563.74
2023,10,1,2023-10,60,8170869,1123,7275.93
2023,10,1,2023-10,61,12385236,1804,6865.43
2023,10,1,2023-10,62,12318024,2010,6128.37
2023,10,1,2023-10,63,5822369,873,6669.38
2023,10,1,2023-10,64,15259251,2117,7207.96
2023,10,1,2023-10,65,9294146,1672,5558.7
2023,10,1,2023-10,66,11313038,2134,5301.33
2023,10,1,2023-10,67,14776883,2270,6509.64
2023,10,1,2023-10,68,8507566,1234,6894.3
2023,10,1,2023-10,69,10203555,1500,6802.37
2023,10,1,2023-10,70,4565091,661,6906.34
2023,10,1,2023-10,71,4823730,855,5641.79
2023,10,1,2023-10,72,13289062,1894,7016.4
2023,10,1,2023-10,73,9904433,2164,4576.91
2023,10,1,2023-10,74,10650105,1758,6058.08
2023,10,1,2023-10,75,6894935,1648,4183.82
2023,10,1,2023-10,76,12399986,2372,5227.65
2023,10,1,2023-10,77,6499484,1216,5344.97
2023,10,1,2023-10,78,10295801,1845,5580.38
2023,10,1,2023-10,79,14561181,2205,6603.71
2023,10,1,2023-10,80,8988588,1648,5454.24
2023,10,1,2023-10,81,6134241,1072,5722.24
2023,10,1,2023-10,82,6955093,1395,4985.73
2023,10,1,2023-10,83,4764003,876,5438.36
2023,10,1,2023-10,84,3995598,819,4878.63
2023,10,1,2023-10,85,7492739,1726,4341.1
2023,10,1,2023-10,86,7879530,1257,6268.52
2023,10,1,2023-10,87,10165896,1565,6495.78
2023,10,1,2023-10,88,13046618,2049,6367.31
2023,10,1,2023-10,89,6173725,1075,5743
2023,10,1,2023-10,90,13083148,2417,5412.97
2023,10,1,2023-10,91,16286144,2231,7299.93
2023,10,1,2023-10,92,10945993,1836,5961.87
2023,10,1,2023-10,93,6299384,1077,5849.01
2023,10,1,2023-10,94,5913000,1403,4214.54
2023,10,1,2023-10,95,5795830,1088,5327.05
2023,10,1,2023-10,96,8133207,1493,5447.56
2023,10,1,2023-10,97,8960995,1660,5398.19
2023,10,1,2023-10,98,8121007,1326,6124.44
2023,10,1,2023-10,99,5822027,967,6020.71
2023,10,1,2023-10,100,8055203,1310,6149.01
2023,10,1,2023-10,101,5659744,828,6835.44
2023,10,1,2023-10,102,7575435,1077,7033.83
2023,10,1,2023-10,103,8840795,1319,6702.65
2023,10,1,2023-10,104,12916465,1713,7540.26
2023,10,1,2023-10,105,8562690,2035,4207.71
2023,10,1,2023-10,106,4018715,825,4871.17
2023,10,1,2023-10,107,2647451,634,4175.79
2023,10,1,2023-10,108,8752641,1363,6421.6
2023,10,1,2023-10,109,15027248,2058,7301.87
2023,10,1,2023-10,110,9018805,1813,4974.52
2023,10,1,2023-10,111,9796475,1324,7399.15
2023,10,1,2023-10,112,9699163,2222,4365.06
2023,10,1,2023-10,113,13098864,1755,7463.74
2023,10,1,2023-10,114,9513332,1782,5338.57
2023,10,1,2023-10,115,5475391,1211,4521.38
2023,10,1,2023-10,116,6480142,1113,5822.23
2023,10,1,2023-10,117,5496590,1105,4974.29
2023,10,1,2023-10,118,5398171,1055,5116.75
2023,10,1,2023-10,119,5619501,1089,5160.24
2023,10,1,2023-10,120,6596993,941,7010.62
2023,10,1,2023-10,121,10813804,1806,5987.71
2023,10,1,2023-10,122,4732699,909,5206.49
2023,10,1,2023-10,123,12296932,1945,6322.33
2023,10,1,2023-10,124,6592930,995,6626.06
2023,10,1,2023-10,125,5122532,1006,5091.98
2023,10,1,2023-10,126,9638782,1742,5533.17
2023,10,1,2023-10,127,7718972,1698,4545.92
2023,10,1,2023-10,128,8656735,1814,4772.18
2023,10,1,2023-10,129,13447411,2059,6531.04
2023,10,1,2023-10,130,4188786,882,4749.19
2023,10,1,2023-10,131,6511363,1086,5995.73
2023,10,1,2023-10,132,11042327,1668,6620.1
2023,10,1,2023-10,133,4137008,915,4521.32
2023,10,1,2023-10,134,10532044,1702,6188.04
2023,10,1,2023-10,135,7212924,1450,4974.43
2023,10,1,2023-10,136,12381379,1625,7619.31
2023,10,1,2023-10,137,7452779,1282,5813.4
2023,10,1,2023-10,138,15904890,2250,7068.84
2023,10,1,2023-10,139,9362831,1547,6052.25
2023,10,1,2023-10,140,8324150,1942,4286.38
2023,10,1,2023-10,141,12511414,1957,6393.16
2023,10,1,2023-10,142,9276676,1240,7481.19
2023,10,1,2023-10,143,8784271,1405,6252.15
2023,10,1,2023-10,144,7388864,1042,7091.04
2023,10,1,2023-10,145,12387308,1710,7244.04
2023,10,1,2023-10,146,8322418,1700,4895.54
2023,10,1,2023-10,147,4872402,1014,4805.13
2023,10,1,2023-10,148,5952667,937,6352.9
2023,10,1,2023-10,149,9578512,1727,5546.33
2023,10,1,2023-10,150,12233511,1710,7154.1
2023,10,1,2023-10,151,15778477,2165,7287.98
2023,10,1,2023-10,152,7293641,1347,5414.73
2023,10,1,2023-10,153,7846697,1575,4982.03
2023,10,1,2023-10,154,13411768,1950,6877.83
2023,10,1,2023-10,155,6300191,1248,5048.23
2023,10,1,2023-10,156,12546271,1790,7009.09
2023,10,1,2023-10,157,4673314,837,5583.41
2023,10,1,2023-10,158,8139370,1246,6532.4
2023,10,1,2023-10,159,8722489,1961,4447.98
2023,10,1,2023-10,160,6271912,999,6278.19
2023,10,1,2023-10,161,7019371,1231,5702.17
2023,10,1,2023-10,162,12428275,2008,6189.38
2023,10,1,2023-10,163,6366599,1383,4603.47
2023,10,1,2023-10,164,10844683,1613,6723.3
2023,10,1,2023-10,165,9169744,1271,7214.59
2023,10,1,2023-10,166,9886136,2031,4867.62
2023,10,1,2023-10,167,8616284,1935,4452.86
2023,10,1,2023-10,168,8032887,1910,4205.7
2023,10,1,2023-10,169,6071532,952,6377.66
2023,10,1,2023-10,170,9603257,1524,6301.35
2023,10,1,2023-10,171,7757966,1268,6118.27
2023,10,1,2023-10,172,8256409,1699,4859.57
2023,10,1,2023-10,173,8078331,1474,5480.55
2023,10,1,2023-10,174,10859226,1716,6328.22
2023,10,1,2023-10,175,10752241,1828,5881.97
2023,10,1,2023-10,176,17397278,2281,7627.04
2023,10,1,2023-10,177,8656468,1892,4575.3
2023,10,1,2023-10,178,14449532,2176,6640.41
2023,10,1,2023-10,179,12147842,2208,5501.74
2023,10,1,2023-10,180,10672803,1882,5670.99
2023,10,1,2023-10,181,4382890,659,6650.82
2023,10,1,2023-10,182,13367024,2044,6539.64
2023,10,1,2023-10,183,17084913,2239,7630.6
2023,10,1,2023-10,184,10419755,2287,4556.08
2023,10,1,2023-10,185,9658801,2171,4449.01
2023,10,1,2023-10,186,8421800,1250,6737.44
2023,10,1,2023-10,187,9149705,1492,6132.51
2023,10,1,2023-10,188,9443346,1857,5085.27
2023,10,1,2023-10,189,8700168,1974,4407.38
2023,10,1,2023-10,190,9312297,2111,4411.32
2023,10,1,2023-10,191,9593609,1309,7328.96
2023,10,1,2023-10,192,11360809,2384,4765.44
2023,10,1,2023-10,193,10454661,1979,5282.8
2023,10,1,2023-10,194,7027614,1423,4938.59
2023,10,1,2023-10,195,5135362,949,5411.34
2023,10,1,2023-10,196,7834714,1838,4262.63
2023,10,1,2023-10,197,10489372,1755,5976.85
2023,10,1,2023-10,198,5993988,1368,4381.57
2023,10,1,2023-10,199,8481218,1222,6940.44
2023,10,1,2023-10,200,10452964,2129,4909.8
2023,10,1,2023-10,201,14603279,2435,5997.24
2023,10,1,2023-10,202,14416292,2003,7197.35
2023,10,1,2023-10,203,13529387,2096,6454.86
2023,10,1,2023-10,204,6283362,1029,6106.28
2023,10,1,2023-10,205,5850718,1118,5233.2
2023,10,1,2023-10,206,9962166,1891,5268.2
2023,10,1,2023-10,207,13808654,2127,6492.08
2023,10,1,2023-10,208,18660040,2462,7579.22
2023,10,1,2023-10,209,10659083,1657,6432.76
2023,10,1,2023-10,210,10608310,1742,6089.73
2023,10,1,2023-10,211,11605243,1740,6669.68
2023,10,1,2023-10,212,8042712,1383,5815.41
2023,10,1,2023-10,213,2813282,661,4256.1
2023,10,1,2023-10,214,4943764,804,6148.96
2023,10,1,2023-10,215,10212008,1346,7586.93
2023,10,1,2023-10,216,4984830,1051,4742.94
2023,10,1,2023-10,217,10428031,1590,6558.51
2023,10,1,2023-10,218,8396622,1739,4828.42
2023,10,1,2023-10,219,7318698,1221,5994.02
2023,10,1,2023-10,220,8319023,1911,4353.23
2023,10,1,2023-10,221,9340695,1649,5664.46
2023,10,1,2023-10,222,11458944,1685,6800.56
2023,10,1,2023-10,223,7063460,1333,5298.92
2023,10,1,2023-10,224,15062898,2333,6456.45
2023,10,1,2023-10,225,6461655,928,6962.99
2023,10,1,2023-10,226,12604184,1699,7418.59
2023,10,1,2023-10,227,10574033,2121,4985.4
2023,10,1,2023-10,228,5218077,942,5539.36
2023,10,1,2023-10,229,9254522,1986,4659.88
2023,10,1,2023-10,230,6897686,906,7613.34
2023,10,1,2023-10,231,7719106,1050,7351.53
2023,10,1,2023-10,232,8618369,1434,6010.02
2023,10,1,2023-10,233,6799210,961,7075.14
2023,10,1,2023-10,234,4667324,784,5953.22
2023,10,1,2023-10,235,9971719,1588,6279.42
2023,10,1,2023-10,236,3796325,852,4455.78
2023,10,1,2023-10,237,11960485,1768,6764.98
2023,10,1,2023-10,238,6695571,1475,4539.37
2023,10,1,2023-10,239,7078110,1004,7049.91
2023,10,1,2023-10,240,9207771,1326,6944.02
2023,10,1,2023-10,241,12609574,1879,6710.79
2023,10,1,2023-10,242,8078570,1874,4310.87
2023,10,1,2023-10,243,4991536,974,5124.78
2023,10,1,2023-10,244,9347245,1861,5022.7
2023,10,1,2023-10,245,5811096,1084,5360.79
2023,10,1,2023-10,246,8920489,2014,4429.24
2023,10,1,2023-10,247,10587045,1419,7460.92
2023,10,1,2023-10,248,9313766,1539,6051.83
2023,10,1,2023-10,249,8686350,1683,5161.23
2023,10,1,2023-10,250,4433041,810,5472.89
2023,10,1,2023-10,251,10575452,1896,5577.77
2023,10,1,2023-10,252,5060827,818,6186.83
2023,10,1,2023-10,253,10956954,1832,5980.87
2023,10,1,2023-10,254,11756352,1578,7450.16
2023,10,1,2023-10,255,6760705,1139,5935.65
2023,10,1,2023-10,256,14048436,1828,7685.14
2023,10,1,2023-10,257,6975250,983,7095.88
2023,10,1,2023-10,258,5164968,1078,4791.25
2023,10,1,2023-10,259,12372584,1685,7342.78
2023,10,1,2023-10,260,6441643,1435,4488.95
2023,10,1,2023-10,261,8941488,1273,7023.95
2023,10,1,2023-10,262,5208249,962,5413.98
2023,10,1,2023-10,263,15178862,2092,7255.67
2023,10,1,2023-10,264,13831315,1913,7230.17
2023,10,1,2023-10,265,5016358,721,6957.5
2023,10,1,2023-10,266,5489408,800,6861.76
2023,10,1,2023-10,267,5019134,956,5250.14
2023,10,1,2023-10,268,6462271,1472,4390.13
2023,10,1,2023-10,269,9559542,1699,5626.57
2023,10,1,2023-10,270,6948371,1471,4723.57
2023,10,1,2023-10,271,3663851,556,6589.66
2023,10,1,2023-10,272,9791292,1850,5292.59
2023,10,1,2023-10,273,15495250,2048,7566.04
2023,10,1,2023-10,274,5447288,862,6319.36
2023,10,1,2023-10,275,8184654,1173,6977.54
2023,10,1,2023-10,276,9240198,2006,4606.28
2023,10,1,2023-10,277,13308246,1857,7166.53
2023,10,1,2023-10,278,13382332,1814,7377.25
2023,10,1,2023-10,279,4923742,848,5806.3
2023,10,1,2023-10,280,10946706,1752,6248.12
2023,10,1,2023-10,281,12148389,1765,6882.94
2023,10,1,2023-10,282,7833874,1656,4730.6
2023,10,1,2023-10,283,4819576,825,5841.91
2023,10,1,2023-10,284,10716969,1924,5570.15
2023,10,1,2023-10,285,4784641,1018,4700.04
2023,10,1,2023-10,286,4336994,798,5434.83
2023,10,1,2023-10,287,2998054,684,4383.12
2023,10,1,2023-10,288,8238404,1940,4246.6
2023,10,1,2023-10,289,6135143,1361,4507.82
2023,10,1,2023-10,290,9965025,1307,7624.35
2023,10,1,2023-10,291,15097258,2470,6112.25
2023,10,1,2023-10,292,18021669,2380,7572.13
2023,10,1,2023-10,293,3186052,565,5639.03
2023,10,1,2023-10,294,4648295,902,5153.32
2023,10,1,2023-10,295,13341458,2264,5892.87
2023,10,1,2023-10,296,10162179,1786,5689.91
2023,10,1,2023-10,297,6494805,1467,4427.27
2023,10,1,2023-10,298,13870066,2172,6385.85
2023,10,1,2023-10,299,3705080,769,4818.05
2023,10,1,2023-10,300,6018785,956,6295.8
2023,10,1,2023-10,301,10293085,1618,6361.61
2023,10,1,2023-10,302,7556627,1651,4577
2023,10,1,2023-10,303,5330746,1230,4333.94
2023,10,1,2023-10,304,11159010,1626,6862.86
2023,10,1,2023-10,305,11005973,1924,5720.36
2023,10,1,2023-10,306,8014099,1873,4278.75
2023,10,1,2023-10,307,7512041,966,7776.44
2023,10,1,2023-10,308,6179157,1426,4333.21
2023,10,1,2023-10,309,8863872,1340,6614.83
2023,10,1,2023-10,310,15923563,2101,7579.04
2023,10,1,2023-10,311,7479980,1503,4976.7
2023,10,1,2023-10,312,8725903,1898,4597.42
2023,10,1,2023-10,313,7704851,1713,4497.87
2023,10,1,2023-10,314,11298430,2144,5269.79
2023,10,1,2023-10,315,5894919,1314,4486.24
2023,10,1,2023-10,316,8970424,1360,6595.9
2023,10,1,2023-10,317,6682658,1562,4278.27
2023,10,1,2023-10,318,7433460,1268,5862.35
2023,10,1,2023-10,319,7435772,971,7657.85
2023,10,1,2023-10,320,10270213,1471,6981.79
2023,10,1,2023-10,321,8975274,1419,6325.07
2023,10,1,2023-10,322,12386554,2371,5224.19
2023,10,1,2023-10,323,10313932,1629,6331.45
2023,10,1,2023-10,324,8788762,1460,6019.7
2023,10,1,2023-10,325,3271291,581,5630.45
2023,10,1,2023-10,326,4205787,929,4527.22
2023,10,1,2023-10,327,16766396,2310,7258.18
2023,10,1,2023-10,328,7997556,1400,5712.54
2023,10,1,2023-10,329,5997372,1240,4836.59
2023,10,1,2023-10,330,10879541,2006,5423.5
2023,10,1,2023-10,331,4859164,875,5553.33
2023,10,1,2023-10,332,7135048,1005,7099.55
2023,10,1,2023-10,333,13960369,2072,6737.63
2023,10,1,2023-10,334,10355602,1497,6917.57
2023,10,1,2023-10,335,4242207,1024,4142.78
2023,10,1,2023-10,336,9018469,1628,5539.6
2023,10,1,2023-10,337,9460034,1611,5872.15
2023,10,1,2023-10,338,4415436,1066,4142.06
2023,10,1,2023-10,339,8151297,1617,5041
2023,10,1,2023-10,340,9669835,1417,6824.16
2023,10,1,2023-10,341,6179971,1346,4591.36
2023,10,1,2023-10,342,7277284,1212,6004.36
2023,10,1,2023-10,343,8926372,1862,4793.97
2023,10,1,2023-10,344,6998786,1708,4097.65
2023,10,1,2023-10,345,3753763,749,5011.7
2023,10,1,2023-10,346,15834318,2082,7605.34
2023,10,1,2023-10,347,13844413,1964,7049.09
2023,10,1,2023-10,348,6351471,849,7481.12
2023,10,1,2023-10,349,6255786,1071,5841.07
2023,10,1,2023-10,350,8001720,1761,4543.85
2023,10,1,2023-10,351,13655837,2264,6031.73
2023,10,1,2023-10,352,7690649,1349,5701
2023,10,1,2023-10,353,6492105,914,7102.96
2023,10,1,2023-10,354,8376809,1891,4429.83
2023,10,1,2023-10,355,6073132,1035,5867.76
2023,10,1,2023-10,356,9771397,2145,4555.43
2023,10,1,2023-10,357,6576045,1233,5333.37
2023,10,1,2023-10,358,6389609,955,6690.69
2023,10,1,2023-10,359,5083057,891,5704.89
2023,10,1,2023-10,360,7303110,1342,5441.96
2023,10,1,2023-10,361,10533368,1918,5491.85
2023,10,1,2023-10,362,8157988,1423,5732.95
2023,10,1,2023-10,363,13573548,1962,6918.22
2023,10,1,2023-10,364,12539110,1714,7315.7
2023,10,1,2023-10,365,7451966,982,7588.56
2023,10,1,2023-10,366,6535848,950,6879.84
2023,10,1,2023-10,367,8928205,1697,5261.17
2023,10,1,2023-10,368,10188001,1546,6589.91
2023,10,1,2023-10,369,11243394,2028,5544.08
2023,10,1,2023-10,370,10341427,2080,4971.84
2023,10,1,2023-10,371,15289386,2170,7045.8
2023,10,1,2023-10,372,3605586,847,4256.89
2023,10,1,2023-10,373,4959447,676,7336.46
2023,10,1,2023-10,374,7297629,1266,5764.32
2023,10,1,2023-10,375,8461846,1330,6362.29
2023,10,1,2023-10,376,11796125,1830,6445.97
2023,10,1,2023-10,377,10951641,1501,7296.23
2023,10,1,2023-10,378,10335002,1626,6356.09
2023,10,1,2023-10,379,13237925,2092,6327.88
2023,10,1,2023-10,380,6580001,1534,4289.44
2023,10,1,2023-10,381,9809441,1658,5916.43
2023,10,1,2023-10,382,4362944,940,4641.43
2023,10,1,2023-10,383,7825992,1165,6717.59
2023,10,1,2023-10,384,13164447,2239,5879.61
2023,10,1,2023-10,385,9673261,1476,6553.7
2023,10,1,2023-10,386,8668957,2053,4222.58
2023,10,1,2023-10,387,10230107,2344,4364.38
2023,10,1,2023-10,388,6038999,908,6650.88
2023,10,1,2023-10,389,8249386,1911,4316.79
2023,10,1,2023-10,390,7738727,1778,4352.49
2023,10,1,2023-10,391,9185634,2226,4126.52
2023,10,1,2023-10,392,10169046,1357,7493.77
2023,10,1,2023-10,393,7483467,1115,6711.63
2023,10,1,2023-10,394,9655723,1786,5406.34
2023,10,1,2023-10,395,6433171,1243,5175.52
2023,10,1,2023-10,396,7175124,1361,5271.95
2023,10,1,2023-10,397,10588216,1533,6906.86
2023,10,1,2023-10,398,11965987,1845,6485.63
2023,10,1,2023-10,399,3495423,731,4781.7
2023,10,1,2023-10,400,7137429,1499,4761.46
2023,10,1,2023-10,401,2448418,550,4451.67
2023,10,1,2023-10,402,6460534,996,6486.48
2023,10,1,2023-10,403,8171388,1200,6809.49
2023,10,1,2023-10,404,5577740,1097,5084.54
2023,10,1,2023-10,405,5041828,1205,4184.09
2023,10,1,2023-10,406,7674638,1772,4331.06
2023,10,1,2023-10,407,9885265,1300,7604.05
2023,10,1,2023-10,408,9258280,1798,5149.21
2023,10,1,2023-10,409,11600115,1697,6835.66
2023,10,1,2023-10,410,12685753,2010,6311.32
2023,10,1,2023-10,411,8754004,1607,5447.42
2023,10,1,2023-10,412,6617806,1366,4844.66
2023,10,1,2023-10,413,6966447,1552,4488.69
2023,10,1,2023-10,414,3860225,620,6226.17
2023,10,1,2023-10,415,10371927,1521,6819.15
2023,10,1,2023-10,416,12474959,1944,6417.16
2023,10,1,2023-10,417,12009561,2006,5986.82
2023,10,1,2023-10,418,3908173,909,4299.42
2023,10,1,2023-10,419,7647421,1012,7556.74
2023,10,1,2023-10,420,8857597,1267,6991
2023,10,1,2023-10,421,10244263,2003,5114.46
2023,10,1,2023-10,422,7232369,954,7581.1
2023,10,1,2023-10,423,7944093,1271,6250.27
2023,10,1,2023-10,424,8748147,1417,6173.71
2023,10,1,2023-10,425,13833702,2046,6761.34
2023,10,1,2023-10,426,12201739,1753,6960.49
2023,10,1,2023-10,427,8444967,1325,6373.56
2023,10,1,2023-10,428,5621823,1226,4585.5
2023,10,1,2023-10,429,8311606,1559,5331.37
2023,10,1,2023-10,430,6264753,848,7387.68
2023,10,1,2023-10,431,8578736,1744,4919
2023,10,1,2023-10,432,9352312,1725,5421.63
2023,10,1,2023-10,433,3893978,684,5692.95
2023,10,1,2023-10,434,9834856,1753,5610.3
2023,10,1,2023-10,435,12259401,1951,6283.65
2023,10,1,2023-10,436,11241572,1507,7459.57
2023,10,1,2023-10,437,8319122,1675,4966.64
2023,10,1,2023-10,438,8676108,1885,4602.71
2023,10,1,2023-10,439,7463067,1555,4799.4
2023,10,1,2023-10,440,16384992,2244,7301.69
2023,10,1,2023-10,441,4812905,752,6400.14
2023,10,1,2023-10,442,7226430,1398,5169.12
2023,10,1,2023-10,443,12334945,1750,7048.54
2023,10,1,2023-10,444,13779592,1924,7161.95
2023,10,1,2023-10,445,10232107,1440,7105.63
2023,10,1,2023-10,446,7271219,982,7404.5
2023,10,1,2023-10,447,5174978,1041,4971.16
2023,10,1,2023-10,448,8779276,1290,6805.64
2023,10,1,2023-10,449,11423327,1994,5728.85
2023,10,1,2023-10,450,9724670,1365,7124.3
2023,10,1,2023-10,451,6828849,1020,6694.95
2023,10,1,2023-10,452,10591989,1548,6842.37
2023,10,1,2023-10,453,11370154,1751,6493.52
2023,10,1,2023-10,454,9592651,2022,4744.14
2023,10,1,2023-10,455,8238381,1363,6044.3
2023,10,1,2023-10,456,17456742,2286,7636.37
2023,10,1,2023-10,457,4873778,661,7373.34
2023,10,1,2023-10,458,6108589,1405,4347.75
2023,10,1,2023-10,459,9514793,2029,4689.4
2023,10,1,2023-10,460,9084487,2027,4481.74
2023,10,1,2023-10,461,12367416,1833,6747.09
2023,10,1,2023-10,462,10851448,1553,6987.41
2023,10,1,2023-10,463,7447317,1517,4909.24
2023,10,1,2023-10,464,6308339,1067,5912.22
2023,10,1,2023-10,465,9908708,1409,7032.44
2023,10,1,2023-10,466,12927081,1921,6729.35
2023,10,1,2023-10,467,11449609,1894,6045.2
2023,10,1,2023-10,468,8608146,1375,6260.47
2023,10,1,2023-10,469,6182718,1041,5939.21
2023,10,1,2023-10,470,9947949,1948,5106.75
2023,10,1,2023-10,471,9472931,1537,6163.26
2023,10,1,2023-10,472,12331783,1885,6542.06
2023,10,1,2023-10,473,14630605,2005,7297.06
2023,10,1,2023-10,474,9713221,1528,6356.82
2023,10,1,2023-10,475,14687595,2157,6809.27
2023,10,1,2023-10,476,6821778,1472,4634.36
2023,10,1,2023-10,477,8062292,1408,5726.06
2023,10,1,2023-10,478,7192780,1755,4098.45
2023,10,1,2023-10,479,5114260,1016,5033.72
2023,10,1,2023-10,480,11093770,1672,6635.03
2023,10,1,2023-10,481,8377996,1091,7679.19
2023,10,1,2023-10,482,9570491,2131,4491.08
2023,10,1,2023-10,483,10397164,1858,5595.89
2023,10,1,2023-10,484,12847994,1846,6959.91
2023,10,1,2023-10,485,6943783,1452,4782.22
2023,10,1,2023-10,486,13000329,2140,6074.92
2023,10,1,2023-10,487,13942576,2067,6745.32
2023,10,1,2023-10,488,11158168,1770,6304.05
2023,10,1,2023-10,489,8871645,1853,4787.72
2023,10,1,2023-10,490,9666468,1780,5430.6
2023,10,1,2023-10,491,5665435,818,6925.96
2023,10,1,2023-10,492,10039953,1649,6088.51
2023,10,1,2023-10,493,7077618,1754,4035.13
2023,10,1,2023-10,494,9462341,1395,6783.04
2023,10,1,2023-10,495,8052944,1914,4207.39
2023,10,1,2023-10,496,11827799,1772,6674.83
2023,10,1,2023-10,497,4033143,845,4772.95
2023,10,1,2023-10,498,8066137,1074,7510.37
2023,10,1,2023-10,499,8276168,1530,5409.26
2023,10,1,2023-10,500,5866909,1109,5290.27
2023,10,1,2023-10,501,6133593,1327,4622.15
2023,10,1,2023-10,502,10961604,2107,5202.47
2023,10,1,2023-10,503,15644433,2169,7212.74
2023,10,1,2023-10,504,8503754,1110,7661.04
2023,10,1,2023-10,505,4446345,818,5435.63
2023,10,1,2023-10,506,6356898,1102,5768.51
2023,10,1,2023-10,507,13052612,1961,6656.1
2023,10,1,2023-10,508,10806385,1486,7272.13
2023,10,1,2023-10,509,12546047,2005,6257.38
2023,10,1,2023-10,510,9579260,1763,5433.5
2023,10,1,2023-10,511,8772854,1549,5663.56
2023,10,1,2023-10,512,5827988,878,6637.8
2023,10,1,2023-10,513,5841116,1448,4033.92
2023,10,1,2023-10,514,9671965,1528,6329.82
2023,10,1,2023-10,515,11479234,2148,5344.15
2023,10,1,2023-10,516,8517375,1231,6919.07
2023,10,1,2023-10,517,7405004,1665,4447.45
2023,10,1,2023-10,518,10472050,1676,6248.24
2023,10,1,2023-10,519,5402711,932,5796.9
2023,10,1,2023-10,520,3798892,596,6373.98
2023,10,1,2023-10,521,5500094,1265,4347.9
2023,10,1,2023-10,522,8663895,1398,6197.35
2023,10,1,2023-10,523,4581504,756,6060.19
2023,10,1,2023-10,524,13367621,2163,6180.13
2023,10,1,2023-10,525,8686149,1395,6226.63
2023,10,1,2023-10,526,8796611,1341,6559.74
2023,10,1,2023-10,527,6401184,915,6995.83
2023,10,1,2023-10,528,8613532,1692,5090.74
2023,10,1,2023-10,529,8801951,1254,7019.1
2023,10,1,2023-10,530,12648447,2180,5802.04
2023,10,1,2023-10,531,9421144,2154,4373.79
2023,10,1,2023-10,532,9735764,2260,4307.86
2023,10,1,2023-10,533,9991702,1903,5250.5
2023,10,1,2023-10,534,11570420,1666,6945.03
2023,10,1,2023-10,535,6665283,1006,6625.53
2023,10,1,2023-10,536,7004451,1018,6880.6
2023,10,1,2023-10,537,4378847,733,5973.87
2023,10,1,2023-10,538,10504566,1843,5699.71
2023,10,1,2023-10,539,9629087,2096,4594.03
2023,10,1,2023-10,540,6440960,1209,5327.51
2023,10,1,2023-10,541,9955068,1731,5751.05
2023,10,1,2023-10,542,3882210,889,4366.94
2023,10,1,2023-10,543,7348346,1506,4879.38
2023,10,1,2023-10,544,9678019,1548,6251.95
2023,10,1,2023-10,545,4788131,701,6830.43
2023,10,1,2023-10,546,12220945,1601,7633.32
2023,10,1,2023-10,547,9504813,1286,7390.99
2023,10,1,2023-10,548,11599866,1826,6352.61
2023,10,1,2023-10,549,10113419,1787,5659.44
2023,10,1,2023-10,550,7431101,1172,6340.53
2023,10,1,2023-10,551,6078322,885,6868.16
2023,10,1,2023-10,552,5511678,1216,4532.63
2023,10,1,2023-10,553,10140477,1818,5577.82
2023,10,1,2023-10,554,10093089,1412,7148.08
2023,10,1,2023-10,555,10637808,1943,5474.94
2023,10,1,2023-10,556,6178445,1004,6153.83
2023,10,1,2023-10,557,12550442,2026,6194.69
2023,10,1,2023-10,558,10499465,2234,4699.85
2023,10,1,2023-10,559,7592371,1410,5384.66
2023,10,1,2023-10,560,10478277,1978,5297.41
2023,10,1,2023-10,561,7019104,1682,4173.07
2023,10,1,2023-10,562,4913883,1194,4115.48
2023,10,1,2023-10,563,8915222,1270,7019.86
2023,10,1,2023-10,564,11592490,2285,5073.3
2023,10,1,2023-10,565,6579666,1098,5992.41
2023,10,1,2023-10,566,7376099,1407,5242.43
2023,10,1,2023-10,567,5745515,771,7452.03
2023,10,1,2023-10,568,7455445,1493,4993.6
2023,10,1,2023-10,569,10578242,1883,5617.76
2023,10,1,2023-10,570,11895777,1659,7170.45
2023,10,1,2023-10,571,11735867,1643,7142.95
2023,10,1,2023-10,572,3042698,626,4860.54
2023,10,1,2023-10,573,9828255,1417,6935.96
2023,10,1,2023-10,574,11564518,2035,5682.81
2023,10,1,2023-10,575,5218688,889,5870.29
2023,10,1,2023-10,576,9107850,1984,4590.65
2023,10,1,2023-10,577,5040851,1145,4402.49
2023,10,1,2023-10,578,6169010,911,6771.69
2023,10,1,2023-10,579,9205749,1584,5811.71
2023,10,1,2023-10,580,9482114,1694,5597.47
2023,10,1,2023-10,581,13095665,1955,6698.55
2023,10,1,2023-10,582,3418660,500,6837.32
2023,10,1,2023-10,583,6460545,1389,4651.22
2023,10,1,2023-10,584,9470558,1482,6390.39
2023,10,1,2023-10,585,9352907,2047,4569.08
2023,10,1,2023-10,586,7948784,1176,6759.17
2023,10,1,2023-10,587,9736385,1509,6452.21
2023,10,1,2023-10,588,11938708,1579,7560.93
2023,10,1,2023-10,589,3795590,880,4313.17
2023,10,1,2023-10,590,3553346,827,4296.67
2023,10,1,2023-10,591,5853365,1136,5152.61
2023,10,1,2023-10,592,9828453,1934,5081.93
2023,10,1,2023-10,593,4158036,833,4991.64
2023,10,1,2023-10,594,6239865,838,7446.14
2023,10,1,2023-10,595,5638966,1110,5080.15
2023,10,1,2023-10,596,5223125,1043,5007.79
2023,10,1,2023-10,597,10192294,1513,6736.48
2023,10,1,2023-10,598,12184694,2122,5742.08
2023,10,1,2023-10,599,10924074,1575,6935.92
2023,10,1,2023-10,600,8369076,1936,4322.87
2023,10,1,2023-10,601,5184586,891,5818.84
2023,10,1,2023-10,602,7520351,1798,4182.62
2023,10,1,2023-10,603,7640336,1789,4270.73
2023,10,1,2023-10,604,14187072,1920,7389.1
2023,10,1,2023-10,605,4561461,996,4579.78
2023,10,1,2023-10,606,10568812,1757,6015.26
2023,10,1,2023-10,607,8119339,1480,5486.04
2023,10,1,2023-10,608,9155401,1700,5385.53
2023,10,1,2023-10,609,16436096,2239,7340.82
2023,10,1,2023-10,610,7200458,1749,4116.9
2023,10,1,2023-10,611,11616980,1792,6482.69
2023,10,1,2023-10,612,9683504,1284,7541.67
2023,10,1,2023-10,613,11504420,1892,6080.56
2023,10,1,2023-10,614,7206152,985,7315.89
2023,10,1,2023-10,615,7525386,1768,4256.44
2023,10,1,2023-10,616,9911668,1767,5609.32
2023,10,1,2023-10,617,8402136,1679,5004.25
2023,10,1,2023-10,618,8824611,1317,6700.54
2023,10,1,2023-10,619,13611512,1774,7672.78
2023,10,1,2023-10,620,6160350,1229,5012.49
2023,10,1,2023-10,621,12367524,1950,6342.32
2023,10,1,2023-10,622,9242662,1926,4798.89
2023,10,1,2023-10,623,11604468,1895,6123.73
2023,10,1,2023-10,624,8413885,1471,5719.84
2023,10,1,2023-10,625,8015976,1054,7605.29
2023,10,1,2023-10,626,8417763,1356,6207.79
2023,10,1,2023-10,627,7692422,1440,5341.96
2023,10,1,2023-10,628,6070533,1367,4440.77
2023,10,1,2023-10,629,7948344,1718,4626.51
2023,10,1,2023-10,630,9645569,1954,4936.32
2023,10,1,2023-10,631,9543613,1913,4988.82
2023,10,1,2023-10,632,7777324,1091,7128.62
2023,10,1,2023-10,633,9024417,1478,6105.83
2023,10,1,2023-10,634,12208628,2044,5972.91
2023,10,1,2023-10,635,8268633,1821,4540.71
2023,10,1,2023-10,636,12693518,1762,7204.04
2023,10,1,2023-10,637,11238653,1666,6745.89
2023,10,1,2023-10,638,3583370,824,4348.75
2023,10,1,2023-10,639,14011725,2138,6553.66
2023,10,1,2023-10,640,9721920,1599,6080
2023,10,1,2023-10,641,7452933,1674,4452.17
2023,10,1,2023-10,642,8777308,1501,5847.64
2023,10,1,2023-10,643,12795383,2170,5896.49
2023,10,1,2023-10,644,3418191,732,4669.66
2023,10,1,2023-10,645,15355140,2051,7486.66
2023,10,1,2023-10,646,15737049,2209,7124.06
2023,10,1,2023-10,647,6905016,1067,6471.43
2023,10,1,2023-10,648,11819584,2057,5746.03
2023,10,1,2023-10,649,10232540,1818,5628.46
2023,10,1,2023-10,650,8151836,1283,6353.73
2023,10,1,2023-10,651,8140136,1356,6003.05
2023,10,1,2023-10,652,8276548,1891,4376.81
2023,10,1,2023-10,653,5498268,917,5995.93
2023,10,1,2023-10,654,15062557,2167,6950.88
2023,10,1,2023-10,655,10657978,1833,5814.5
2023,10,1,2023-10,656,8467504,1956,4328.99
2023,10,1,2023-10,657,13662184,1981,6896.61
2023,10,1,2023-10,658,9894218,2101,4709.29
2023,10,1,2023-10,659,6432894,1300,4948.38
2023,10,1,2023-10,660,6884953,1478,4658.29
2023,10,1,2023-10,661,9776711,1840,5313.43
2023,10,1,2023-10,662,5189662,759,6837.5
2023,10,1,2023-10,663,3869040,652,5934.11
2023,10,1,2023-10,664,6956761,1443,4821.04
2023,10,1,2023-10,665,4883146,675,7234.29
2023,10,1,2023-10,666,13943624,1928,7232.17
2023,10,1,2023-10,667,14383900,1993,7217.21
2023,10,1,2023-10,668,3654030,738,4951.26
2023,10,1,2023-10,669,7716081,1369,5636.29
2023,10,1,2023-10,670,12494421,1642,7609.27
2023,10,1,2023-10,671,13788763,2011,6856.67
2023,10,1,2023-10,672,7332775,1729,4241.05
2023,10,1,2023-10,673,4307885,1003,4295
2023,10,1,2023-10,674,6250507,1084,5766.15
2023,10,1,2023-10,675,11332655,1537,7373.23
2023,10,1,2023-10,676,7979125,1326,6017.44
2023,10,1,2023-10,677,11389354,1964,5799.06
2023,10,1,2023-10,678,7478941,1654,4521.73
2023,10,1,2023-10,679,6868387,1060,6479.61
2023,10,1,2023-10,680,7364063,1045,7046.95
2023,10,1,2023-10,681,4461163,817,5460.42
2023,10,1,2023-10,682,8637376,1272,6790.39
2023,10,1,2023-10,683,14788951,1951,7580.19
2023,10,1,2023-10,684,10145988,2073,4894.35
2023,10,1,2023-10,685,13229144,2235,5919.08
2023,10,1,2023-10,686,8318119,1604,5185.86
2023,10,1,2023-10,687,10265113,1470,6983.07
2023,10,1,2023-10,688,10053631,1645,6111.63
2023,10,1,2023-10,689,12488365,1967,6348.94
2023,10,1,2023-10,690,6611942,960,6887.44
2023,10,1,2023-10,691,4408992,800,5511.24
2023,10,1,2023-10,692,10100831,1367,7389.05
2023,10,1,2023-10,693,8518368,1433,5944.43
2023,10,1,2023-10,694,4540716,970,4681.15
2023,10,1,2023-10,695,10199574,1542,6614.51
2023,10,1,2023-10,696,13368979,1920,6963.01
2023,10,1,2023-10,697,3928212,748,5251.62
2023,10,1,2023-10,698,10233634,1440,7106.69
2023,10,1,2023-10,699,14201019,1937,7331.45
2023,10,1,2023-10,700,4195998,822,5104.62
2023,10,1,2023-10,701,10712358,1395,7679.11
2023,10,1,2023-10,702,9881117,2147,4602.29
2023,10,1,2023-10,703,10101810,2087,4840.35
2023,10,1,2023-10,704,9374812,1988,4715.7
2023,10,1,2023-10,705,14635112,2021,7241.52
2023,10,1,2023-10,706,4471931,701,6379.36
2023,10,1,2023-10,707,8794791,1902,4623.97
2023,10,1,2023-10,708,12049728,2090,5765.42
2023,10,1,2023-10,709,10914101,1738,6279.69
2023,10,1,2023-10,710,10059620,2279,4414.05
2023,10,1,2023-10,711,15398576,2116,7277.21
2023,10,1,2023-10,712,13593708,1964,6921.44
2023,10,1,2023-10,713,8026963,1364,5884.87
2023,10,1,2023-10,714,8545917,1127,7582.89
2023,10,1,2023-10,715,8097091,1443,5611.29
2023,10,1,2023-10,716,13207674,1755,7525.74
2023,10,1,2023-10,717,13279069,2039,6512.54
2023,10,1,2023-10,718,8454153,1333,6342.2
2023,10,1,2023-10,719,7600725,1628,4668.75
2023,10,1,2023-10,720,12821828,1764,7268.61
2023,10,1,2023-10,721,7711450,1354,5695.31
2023,10,1,2023-10,722,8350049,1788,4670.05
2023,10,1,2023-10,723,8730883,2080,4197.54
2023,10,1,2023-10,724,7657780,1269,6034.5
2023,10,1,2023-10,725,6097433,1018,5989.62
2023,10,1,2023-10,726,11090839,1669,6645.2
2023,10,1,2023-10,727,13695972,1878,7292.85
2023,10,1,2023-10,728,8350707,1911,4369.81
2023,10,1,2023-10,729,9739392,1464,6652.59
2023,10,1,2023-10,730,3778551,799,4729.1
2023,10,1,2023-10,731,10438820,1472,7091.59
2023,10,1,2023-10,732,13418403,1926,6966.98
2023,10,1,2023-10,733,11815866,1952,6053.21
2023,10,1,2023-10,734,9295857,1403,6625.7
2023,10,1,2023-10,735,7012140,1340,5232.94
2023,10,1,2023-10,736,8656046,1476,5864.53
2023,10,1,2023-10,737,5785856,824,7021.67
2023,10,1,2023-10,738,7701415,1335,5768.85
2023,10,1,2023-10,739,6352658,1181,5379.05
2023,10,1,2023-10,740,11092535,1852,5989.49
2023,10,1,2023-10,741,12350311,1784,6922.82
2023,10,1,2023-10,742,11219246,2131,5264.78
2023,10,1,2023-10,743,7618503,1604,4749.69
2023,10,1,2023-10,744,6820952,1032,6609.45
2023,10,1,2023-10,745,10727171,1516,7075.97
2023,10,1,2023-10,746,6577499,1476,4456.3
2023,10,1,2023-10,747,8202430,1642,4995.39
2023,10,1,2023-10,748,6974838,1531,4555.74
2023,10,1,2023-10,749,10759554,2011,5350.35
2023,10,1,2023-10,750,4847098,846,5729.43
2023,10,1,2023-10,751,11005206,1623,6780.78
2023,10,1,2023-10,752,7159473,1113,6432.59
2023,10,1,2023-10,753,7697388,1208,6372.01
2023,10,1,2023-10,754,5848071,1107,5282.81
2023,10,1,2023-10,755,4281057,602,7111.39
2023,10,1,2023-10,756,7768321,1356,5728.85
2023,10,1,2023-10,757,9646444,1264,7631.68
2023,10,1,2023-10,758,11680380,1846,6327.4
2023,10,1,2023-10,759,8736542,1968,4439.3
2023,10,1,2023-10,760,11325745,1729,6550.46
2023,10,1,2023-10,761,8204031,1563,5248.9
2023,10,1,2023-10,762,12465305,1898,6567.6
2023,10,1,2023-10,763,7761535,1759,4412.47
2023,10,1,2023-10,764,6063701,1279,4740.97
2023,10,1,2023-10,765,13440508,1876,7164.45
2023,10,1,2023-10,766,4521171,921,4908.98
2023,10,1,2023-10,767,7101746,1009,7038.4
2023,10,1,2023-10,768,9534069,1874,5087.55
2023,10,1,2023-10,769,5240009,808,6485.16
2023,10,1,2023-10,770,11163017,1701,6562.62
2023,10,1,2023-10,771,10562563,1783,5924.04
2023,10,1,2023-10,772,3562598,679,5246.83
2023,10,1,2023-10,773,8636045,1803,4789.82
2023,10,1,2023-10,774,6657618,1568,4245.93
2023,10,1,2023-10,775,7450923,1457,5113.88
2023,10,1,2023-10,776,9508818,1474,6451.03
2023,10,1,2023-10,777,16376880,2198,7450.81
2023,10,1,2023-10,778,4474098,618,7239.64
2023,10,1,2023-10,779,11286443,1662,6790.88
2023,10,1,2023-10,780,8387966,1217,6892.33
2023,10,1,2023-10,781,6485664,997,6505.18
2023,10,1,2023-10,782,5236747,1046,5006.45
2023,10,1,2023-10,783,12160831,1649,7374.67
2023,10,1,2023-10,784,8560909,1316,6505.25
2023,10,1,2023-10,785,8502259,1398,6081.73
2023,10,1,2023-10,786,6193848,1382,4481.8
2023,10,1,2023-10,787,8009757,1406,5696.84
2023,10,1,2023-10,788,12827629,2237,5734.3
2023,10,1,2023-10,789,12254410,1697,7221.22
2023,10,1,2023-10,790,9959070,1650,6035.8
2023,10,1,2023-10,791,7404838,1363,5432.75
2023,10,1,2023-10,792,12384009,1623,7630.32
2023,10,1,2023-10,793,10263537,2293,4476.03
2023,10,1,2023-10,794,4903463,878,5584.81
2023,10,1,2023-10,795,8614754,2082,4137.73
2023,10,1,2023-10,796,12963843,1936,6696.2
2023,10,1,2023-10,797,12370950,1685,7341.81
2023,10,1,2023-10,798,6441000,1269,5075.65
2023,10,1,2023-10,799,5842443,819,7133.63
2023,10,1,2023-10,800,4290244,827,5187.72
2023,10,1,2023-10,801,10041064,1372,7318.56
2023,10,1,2023-10,802,10095173,1493,6761.67
2023,10,1,2023-10,803,15312008,2193,6982.22
2023,10,1,2023-10,804,4266425,1037,4114.2
2023,10,1,2023-10,805,11475503,1508,7609.75
2023,10,1,2023-10,806,8609959,1279,6731.79
2023,10,1,2023-10,807,3199535,623,5135.69
2023,10,1,2023-10,808,14209532,1999,7108.32
2023,10,1,2023-10,809,4561652,884,5160.24
2023,10,1,2023-10,810,13114183,1830,7166.22
2023,10,1,2023-10,811,4106649,923,4449.24
2023,10,1,2023-10,812,5295224,804,6586.1
2023,10,1,2023-10,813,8652976,1450,5967.57
2023,10,1,2023-10,814,4691421,1064,4409.23
2023,10,1,2023-10,815,3437248,695,4945.68
2023,10,1,2023-10,816,5924692,1422,4166.45
2023,10,1,2023-10,817,12809626,2217,5777.91
2023,10,1,2023-10,818,4786624,926,5169.14
2023,10,1,2023-10,819,12803951,2060,6215.51
2023,10,1,2023-10,820,3520766,690,5102.56
2023,10,1,2023-10,821,4719439,908,5197.62
2023,10,1,2023-10,822,12645353,1865,6780.35
2023,10,1,2023-10,823,7061500,1664,4243.69
2023,10,1,2023-10,824,7290302,1002,7275.75
2023,10,1,2023-10,825,9674564,1341,7214.44
2023,10,1,2023-10,826,10160495,1564,6496.48
2023,10,1,2023-10,827,12616986,2023,6236.77
2023,10,1,2023-10,828,12071610,1652,7307.27
2023,10,1,2023-10,829,9193708,1953,4707.48
2023,10,1,2023-10,830,7994943,1797,4449.05
2023,10,1,2023-10,831,7528940,1525,4937.01
2023,10,1,2023-10,832,8984186,1288,6975.3
2023,10,1,2023-10,833,3366818,785,4288.94
2023,10,1,2023-10,834,5770941,933,6185.36
2023,10,1,2023-10,835,6781680,892,7602.78
2023,10,1,2023-10,836,15406256,2187,7044.47
2023,10,1,2023-10,837,8041038,1349,5960.74
2023,10,1,2023-10,838,7222903,1665,4338.08
2023,10,1,2023-10,839,10403456,1477,7043.64
2023,10,1,2023-10,840,12609826,2019,6245.58
2023,10,1,2023-10,841,3954201,873,4529.44
2023,10,1,2023-10,842,7780892,1737,4479.5
2023,10,1,2023-10,843,15881747,2164,7339.07
2023,10,1,2023-10,844,10848471,1672,6488.32
2023,10,1,2023-10,845,7195366,1020,7054.28
2023,10,1,2023-10,846,8421713,1163,7241.37
2023,10,1,2023-10,847,12183287,1991,6119.18
2023,10,1,2023-10,848,6132240,1035,5924.87
2023,10,1,2023-10,849,5397745,961,5616.8
2023,10,1,2023-10,850,9932879,1896,5238.86
2023,10,1,2023-10,851,10240009,1824,5614.04
2023,10,1,2023-10,852,11368000,1661,6844.07
2023,10,1,2023-10,853,8895589,1405,6331.38
2023,10,1,2023-10,854,9549153,1303,7328.59
2023,10,1,2023-10,855,10976374,1946,5640.48
2023,10,1,2023-10,856,5771234,915,6307.36
2023,10,1,2023-10,857,5291681,829,6383.21
2023,10,1,2023-10,858,8313556,1339,6208.78
2023,10,1,2023-10,859,10524720,1600,6577.95
2023,10,1,2023-10,860,4969709,1012,4910.78
2023,10,1,2023-10,861,6349956,1069,5940.09
2023,10,1,2023-10,862,9643384,2175,4433.74
2023,10,1,2023-10,863,10824296,1960,5522.6
2023,10,1,2023-10,864,10072088,1706,5903.92
2023,10,1,2023-10,865,11563576,1799,6427.78
2023,10,1,2023-10,866,4965762,658,7546.75
2023,10,1,2023-10,867,8063874,1295,6226.93
2023,10,1,2023-10,868,5285072,786,6724.01
2023,10,1,2023-10,869,12654240,2124,5957.74
2023,10,1,2023-10,870,6094949,947,6436.06
2023,10,1,2023-10,871,4254679,958,4441.21
2023,10,1,2023-10,872,3541426,705,5023.3
2023,10,1,2023-10,873,5186672,955,5431.07
2023,10,1,2023-10,874,7321556,1262,5801.55
2023,10,1,2023-10,875,9490564,2194,4325.69
2023,10,1,2023-10,876,7242937,1568,4619.22
2023,10,1,2023-10,877,4724946,922,5124.67
2023,10,1,2023-10,878,16159277,2149,7519.44
2023,10,1,2023-10,879,7993686,1516,5272.88
2023,10,1,2023-10,880,6203929,1059,5858.29
2023,10,1,2023-10,881,6693206,1385,4832.64
2023,10,1,2023-10,882,6739348,1066,6322.09
2023,10,1,2023-10,883,10026415,1963,5107.7
2023,10,1,2023-10,884,9220099,1917,4809.65
2023,10,1,2023-10,885,8717501,1467,5942.4
2023,10,1,2023-10,886,3280499,796,4121.23
2023,10,1,2023-10,887,6020354,1455,4137.7
2023,10,1,2023-10,888,4228919,874,4838.58
2023,10,1,2023-10,889,5387254,1277,4218.68
2023,10,1,2023-10,890,7587027,1693,4481.41
2023,10,1,2023-10,891,10131933,1945,5209.22
2023,10,1,2023-10,892,12334713,1761,7004.38
2023,10,1,2023-10,893,13968103,2271,6150.64
2023,10,1,2023-10,894,6858268,1154,5943.04
2023,10,1,2023-10,895,8010094,1563,5124.82
2023,10,1,2023-10,896,8520825,1143,7454.79
2023,10,1,2023-10,897,10423835,1902,5480.46
2023,10,1,2023-10,898,7582195,1731,4380.24
2023,10,1,2023-10,899,7079590,1118,6332.37
2023,10,1,2023-10,900,4748352,1050,4522.24
2023,10,1,2023-10,901,6952924,1318,5275.36
2023,10,1,2023-10,902,6509841,1088,5983.31
2023,10,1,2023-10,903,12400559,1725,7188.73
2023,10,1,2023-10,904,7695861,1314,5856.82
2023,10,1,2023-10,905,13013058,1946,6687.08
2023,10,1,2023-10,906,12818951,1697,7553.89
2023,10,1,2023-10,907,7295739,1624,4492.45
2023,10,1,2023-10,908,5417145,1062,5100.89
2023,10,1,2023-10,909,4210167,780,5397.65
2023,10,1,2023-10,910,9926262,1800,5514.59
2023,10,1,2023-10,911,5772582,1027,5620.82
2023,10,1,2023-10,912,7331084,1001,7323.76
2023,10,1,2023-10,913,11311927,1676,6749.36
2023,10,1,2023-10,914,6280823,1009,6224.8
2023,10,1,2023-10,915,4692158,904,5190.44
2023,10,1,2023-10,916,11010402,1558,7067.01
2023,10,1,2023-10,917,6598820,876,7532.9
2023,10,1,2023-10,918,7014928,999,7021.95
2023,10,1,2023-10,919,6717001,1648,4075.85
2023,10,1,2023-10,920,11362790,1780,6383.59
2023,10,1,2023-10,921,7823724,1801,4344.1
2023,10,1,2023-10,922,3259927,645,5054.15
2023,10,1,2023-10,923,5860033,1368,4283.65
2023,10,1,2023-10,924,13150910,2117,6212.05
2023,10,1,2023-10,925,9827629,1507,6521.32
2023,10,1,2023-10,926,5710851,1283,4451.17
2023,10,1,2023-10,927,7306932,1334,5477.46
2023,10,1,2023-10,928,3742205,649,5766.11
2023,10,1,2023-10,929,7640269,1411,5414.79
2023,10,1,2023-10,930,5508030,1195,4609.23
2023,10,1,2023-10,931,6652448,1172,5676.15
2023,10,1,2023-10,932,4125840,607,6797.1
2023,10,1,2023-10,933,3814715,870,4384.73
2023,10,1,2023-10,934,8716852,2006,4345.39
2023,10,1,2023-10,935,10610498,1983,5350.73
2023,10,1,2023-10,936,8912729,1185,7521.29
2023,10,1,2023-10,937,8258500,1278,6462.05
2023,10,1,2023-10,938,7190923,1091,6591.13
2023,10,1,2023-10,939,7728464,1420,5442.58
2023,10,1,2023-10,940,11557946,1848,6254.3
2023,10,1,2023-10,941,6810227,1668,4082.87
2023,10,1,2023-10,942,8945776,1407,6358.05
2023,10,1,2023-10,943,11981492,1621,7391.42
2023,10,1,2023-10,944,11382247,1823,6243.69
2023,10,1,2023-10,945,9945955,1379,7212.44
2023,10,1,2023-10,946,6753500,1005,6719.9
2023,10,1,2023-10,947,9788518,2173,4504.61
2023,10,1,2023-10,948,10367466,1423,7285.64
2023,10,1,2023-10,949,6562444,1542,4255.8
2023,10,1,2023-10,950,11362651,1897,5989.8
2023,10,1,2023-10,951,9256268,1994,4642.06
2023,10,1,2023-10,952,4175826,1018,4101.99
2023,10,1,2023-10,953,3662083,653,5608.09
2023,10,1,2023-10,954,9001090,1750,5143.48
2023,10,1,2023-10,955,9997639,1722,5805.83
2023,10,1,2023-10,956,14742078,2378,6199.36
2023,10,1,2023-10,957,9447231,2182,4329.62
2023,10,1,2023-10,958,3882733,847,4584.1
2023,10,1,2023-10,959,13704730,2260,6064.04
2023,10,1,2023-10,960,4164266,769,5415.17
2023,10,1,2023-10,961,10219046,1514,6749.7
2023,10,1,2023-10,962,7447688,1162,6409.37
2023,10,1,2023-10,963,5930756,837,7085.73
2023,10,1,2023-10,964,11883510,1794,6624.03
2023,10,1,2023-10,965,3115113,552,5643.32
2023,10,1,2023-10,966,14864253,2299,6465.53
2023,10,1,2023-10,967,2898773,571,5076.66
2023,10,1,2023-10,968,5387716,1041,5175.52
2023,10,1,2023-10,969,3991125,580,6881.25
2023,10,1,2023-10,970,11279238,1965,5740.07
2023,10,1,2023-10,971,5484850,785,6987.07
2023,10,1,2023-10,972,7698177,1088,7075.53
2023,10,1,2023-10,973,5544346,770,7200.45
2023,10,1,2023-10,974,14512363,1979,7333.18
2023,10,1,2023-10,975,3978979,709,5612.1
2023,10,1,2023-10,976,7166150,1351,5304.33
2023,10,1,2023-10,977,12999567,2102,6184.38
2023,10,1,2023-10,978,8189163,1528,5359.4
2023,10,1,2023-10,979,7733306,1236,6256.72
2023,10,1,2023-10,980,6503534,978,6649.83
2023,10,1,2023-10,981,7912237,1202,6582.56
2023,10,1,2023-10,982,7229890,1340,5395.44
2023,10,1,2023-10,983,9398463,1966,4780.5
2023,10,1,2023-10,984,13123179,2356,5570.11
2023,10,1,2023-10,985,10810344,2343,4613.89
2023,10,1,2023-10,986,8093503,1100,7357.73
2023,10,1,2023-10,987,8820194,1645,5361.82
2023,10,1,2023-10,988,10137467,2162,4688.93
2023,10,1,2023-10,989,8584234,2072,4142.97
2023,10,1,2023-10,990,14167925,2206,6422.45
2023,10,1,2023-10,991,8776062,1377,6373.32
2023,10,1,2023-10,992,3833284,728,5265.5
2023,10,1,2023-10,993,5664614,1289,4394.58
2023,10,1,2023-10,994,6598151,1194,5526.09
2023,10,1,2023-10,995,10401079,2008,5179.82
2023,10,1,2023-10,996,9741814,1490,6538.13
2023,10,1,2023-10,997,13966361,2232,6257.33
2023,10,1,2023-10,998,6199493,1146,5409.68
2023,10,1,2023-10,999,7653644,1572,4868.73
2023,10,1,2023-10,1000,15155387,1970,7693.09
2023,10,1,2023-10,1001,8871957,1562,5679.87
2023,10,1,2023-10,1002,10316317,1578,6537.59
2023,10,1,2023-10,1003,4655623,1007,4623.26
2023,10,1,2023-10,1004,6027286,1041,5789.9
2023,10,1,2023-10,1005,7206796,1736,4151.38
2023,10,1,2023-10,1006,5143031,870,5911.53
2023,10,1,2023-10,1007,10911534,1439,7582.72
2023,10,1,2023-10,1008,9241042,1675,5517.04
2023,10,1,2023-10,1009,7671163,1808,4242.9
2023,10,1,2023-10,1010,3235165,774,4179.8
2023,10,1,2023-10,1011,11980251,2179,5498.05
2023,10,1,2023-10,1012,5462216,1163,4696.66
2023,10,1,2023-10,1013,3590629,856,4194.66
2023,10,1,2023-10,1014,2749569,401,6856.78
2023,10,1,2023-10,1015,5874165,1032,5692.02
2023,10,1,2023-10,1016,3443506,675,5101.49
2023,10,1,2023-10,1017,11879019,1613,7364.55
2023,10,1,2023-10,1018,6200651,1394,4448.1
2023,10,1,2023-10,1019,11437963,1527,7490.48
2023,10,1,2023-10,1020,6122147,1180,5188.26
2023,10,1,2023-10,1021,15854111,2201,7203.14
2023,10,1,2023-10,1022,5214759,835,6245.22
2023,10,1,2023-10,1023,10594602,1495,7086.69
2023,10,1,2023-10,1024,10480470,1375,7622.16
2023,10,1,2023-10,1025,11876266,2299,5165.84
2023,10,1,2023-10,1026,14422944,1901,7587.03
2023,10,1,2023-10,1027,11976302,2188,5473.63
2023,10,1,2023-10,1028,5998816,1072,5595.91
2023,10,1,2023-10,1029,11172463,2108,5300.03
2023,10,1,2023-10,1030,7036289,1168,6024.22
2023,10,1,2023-10,1031,9495286,2056,4618.33
2023,10,1,2023-10,1032,10880383,1783,6102.29
2023,10,1,2023-10,1033,8852002,1470,6021.77
2023,10,1,2023-10,1034,9715678,1425,6818.02
2023,10,1,2023-10,1035,6595069,933,7068.67
2023,10,1,2023-10,1036,7237058,1278,5662.8
2023,10,1,2023-10,1037,5440890,1049,5186.74
2023,10,1,2023-10,1038,4635306,926,5005.73
2023,10,1,2023-10,1039,5755863,1205,4776.65
2023,10,1,2023-10,1040,3034515,697,4353.68
2023,10,1,2023-10,1041,5145128,969,5309.73
2023,10,1,2023-10,1042,7404824,1457,5082.24
2023,10,1,2023-10,1043,9029700,1202,7512.23
2023,10,1,2023-10,1044,4736168,780,6072.01
2023,10,1,2023-10,1045,7784407,1473,5284.73
2023,10,1,2023-10,1046,5487205,877,6256.79
2023,10,1,2023-10,1047,7304779,1568,4658.66
2023,10,1,2023-10,1048,7272293,1273,5712.72
2023,10,1,2023-10,1049,4773768,742,6433.65
2023,10,1,2023-10,1050,5880840,1000,5880.84
2023,10,1,2023-10,1051,5709577,1033,5527.18
2023,10,1,2023-10,1052,10741509,1401,7667.03
2023,10,1,2023-10,1053,4354299,596,7305.87
2023,10,1,2023-10,1054,12630844,2009,6287.13
2023,10,1,2023-10,1055,6360663,1046,6080.94
2023,10,1,2023-10,1056,13126555,2072,6335.21
2023,10,1,2023-10,1057,5674060,1184,4792.28
2023,10,1,2023-10,1058,7443472,1376,5409.5
2023,10,1,2023-10,1059,5866655,1402,4184.49
2023,10,1,2023-10,1060,8815517,1524,5784.46
2023,10,1,2023-10,1061,11642414,1927,6041.73
2023,10,1,2023-10,1062,9115488,1854,4916.66
2023,10,1,2023-10,1063,7313334,958,7633.96
2023,10,1,2023-10,1064,6231151,849,7339.4
2023,10,1,2023-10,1065,6210204,928,6692.03
2023,10,1,2023-10,1066,6394653,1078,5931.96
2023,10,1,2023-10,1067,15226849,2113,7206.27
2023,10,1,2023-10,1068,8736501,1907,4581.28
2023,10,1,2023-10,1069,9270413,1351,6861.89
2023,10,1,2023-10,1070,5331990,1184,4503.37
2023,10,1,2023-10,1071,13911061,1999,6959.01
2023,10,1,2023-10,1072,10575651,2090,5060.12
2023,10,1,2023-10,1073,11775226,1629,7228.5
2023,10,1,2023-10,1074,16919939,2257,7496.65
2023,10,1,2023-10,1075,7674420,1625,4722.72
2023,10,1,2023-10,1076,12093726,2106,5742.51
2023,10,1,2023-10,1077,8029707,1045,7683.93
2023,10,1,2023-10,1078,7758344,1352,5738.42
2023,10,1,2023-10,1079,14174249,1971,7191.4
2023,10,1,2023-10,1080,8848597,1430,6187.83
2023,10,1,2023-10,1081,10908750,2014,5416.46
2023,10,1,2023-10,1082,4805043,933,5150.1
2023,10,1,2023-10,1083,7252685,1506,4815.86
2023,10,1,2023-10,1084,14361969,2134,6730.07
2023,10,1,2023-10,1085,4716648,872,5409
2023,10,1,2023-10,1086,12822950,2152,5958.62
2023,10,1,2023-10,1087,8555645,1479,5784.75
2023,10,1,2023-10,1088,4144883,669,6195.64
2023,10,1,2023-10,1089,10011848,1391,7197.59
2023,10,1,2023-10,1090,14158515,1864,7595.77
2023,10,1,2023-10,1091,5141143,926,5551.99
2023,10,1,2023-10,1092,7886195,1114,7079.17
2023,10,1,2023-10,1093,7489646,1105,6777.96
2023,10,1,2023-10,1094,12374705,2012,6150.45
2023,10,1,2023-10,1095,9173170,1229,7463.93
2023,10,1,2023-10,1096,6747461,1399,4823.06
2023,10,1,2023-10,1097,4311040,954,4518.91
2023,10,1,2023-10,1098,12247252,1711,7157.95
2023,10,1,2023-10,1099,7518482,1320,5695.82
2023,10,1,2023-10,1100,5795790,817,7093.99
2023,10,1,2023-10,1101,12629203,1733,7287.48
2023,10,1,2023-10,1102,6566993,1523,4311.88
2023,10,1,2023-10,1103,5663424,782,7242.23
2023,10,1,2023-10,1104,12752298,2251,5665.17
2023,10,1,2023-10,1105,10709276,1814,5903.68
2023,10,1,2023-10,1106,7457639,1186,6288.06
2023,10,1,2023-10,1107,11058149,1508,7332.99
2023,10,1,2023-10,1108,2820895,682,4136.21
2023,10,1,2023-10,1109,10368016,1778,5831.28
2023,10,1,2023-10,1110,4196358,639,6567.07
2023,10,1,2023-10,1111,9526721,1438,6624.98
2023,10,1,2023-10,1112,4962476,757,6555.45
2023,10,1,2023-10,1113,8894445,1929,4610.91
2023,10,1,2023-10,1114,5787409,1124,5148.94
2023,10,1,2023-10,1115,11240688,2114,5317.26
2023,10,1,2023-10,1116,11942819,1688,7075.13
2023,10,1,2023-10,1117,11534224,2267,5087.88
2023,10,1,2023-10,1118,5049484,1052,4799.89
2023,10,1,2023-10,1119,15703241,2086,7527.92
2023,10,1,2023-10,1120,7334141,1777,4127.26
2023,10,1,2023-10,1121,6410256,844,7595.09
2023,10,1,2023-10,1122,5106562,783,6521.79
2023,10,1,2023-10,1123,10200870,1436,7103.67
2023,10,1,2023-10,1124,10452832,2033,5141.58
2023,10,1,2023-10,1125,8050834,1984,4057.88
2023,10,1,2023-10,1126,11719892,1736,6751.09
2023,10,1,2023-10,1127,12124218,1706,7106.81
2023,10,1,2023-10,1128,14572708,2169,6718.63
2023,10,1,2023-10,1129,7829062,1708,4583.76
2023,10,1,2023-10,1130,6045065,877,6892.89
2023,10,1,2023-10,1131,13422732,1969,6817.03
2023,10,1,2023-10,1132,6024084,941,6401.79
2023,10,1,2023-10,1133,9080532,1328,6837.75
2023,10,1,2023-10,1134,9048887,1266,7147.62
2023,10,1,2023-10,1135,9429325,1493,6315.69
2023,10,1,2023-10,1136,8338688,1937,4304.95
2023,10,1,2023-10,1137,8915470,1534,5811.91
2023,10,1,2023-10,1138,7586449,1713,4428.75
2023,10,1,2023-10,1139,8154787,1464,5570.21
2023,10,1,2023-10,1140,4519635,822,5498.34
2023,10,1,2023-10,1141,3548082,808,4391.19
2023,10,1,2023-10,1142,8654943,1606,5389.13
2023,10,1,2023-10,1143,3518896,785,4482.67
2023,10,1,2023-10,1144,12830718,1826,7026.68
2023,10,1,2023-10,1145,15408221,2034,7575.33
2023,10,1,2023-10,1146,8224186,1908,4310.37
2023,10,1,2023-10,1147,4906502,651,7536.87
2023,10,1,2023-10,1148,5971088,986,6055.87
2023,10,1,2023-10,1149,8635738,1661,5199.12
2023,10,1,2023-10,1150,3676073,847,4340.11
2023,10,1,2023-10,1151,13130773,2226,5898.82
2023,10,1,2023-10,1152,6621745,946,6999.73
2023,10,1,2023-10,1153,9133054,1388,6580.01
2023,10,1,2023-10,1154,5287039,1236,4277.54
2023,10,1,2023-10,1155,9006675,2071,4348.95
2023,10,1,2023-10,1156,7890921,1432,5510.42
2023,10,1,2023-10,1157,11606497,2247,5165.33
2023,10,1,2023-10,1158,4014014,815,4925.17
2023,10,1,2023-10,1159,3264187,636,5132.37
2023,10,1,2023-10,1160,14520400,2068,7021.47
2023,10,1,2023-10,1161,11757290,1597,7362.11
2023,10,1,2023-10,1162,5832871,1051,5549.83
2023,10,1,2023-10,1163,14529466,1981,7334.41
2023,10,1,2023-10,1164,7223448,1374,5257.24
2023,10,1,2023-10,1165,5162854,890,5800.96
2023,10,1,2023-10,1166,7357522,1513,4862.87
2023,10,1,2023-10,1167,7885810,1222,6453.2
2023,10,1,2023-10,1168,8111960,1056,7681.78
2023,10,1,2023-10,1169,7435769,1184,6280.21
2023,10,1,2023-10,1170,5626355,1041,5404.76
2023,10,1,2023-10,1171,6169485,961,6419.86
2023,10,1,2023-10,1172,2900552,633,4582.23
2023,10,1,2023-10,1173,11878741,1658,7164.5
2023,10,1,2023-10,1174,10478418,1777,5896.69
2023,10,1,2023-10,1175,8882128,1564,5679.11
2023,10,1,2023-10,1176,9931086,1602,6199.18
2023,10,1,2023-10,1177,10336961,1620,6380.84
2023,10,1,2023-10,1178,5990518,1375,4356.74
2023,10,1,2023-10,1179,14439885,2214,6522.08
2023,10,1,2023-10,1180,8331139,1700,4900.67
2023,10,1,2023-10,1181,7901309,1189,6645.34
2023,10,1,2023-10,1182,12193076,1725,7068.45
2023,10,1,2023-10,1183,14568292,2101,6933.98
2023,10,1,2023-10,1184,10817752,1808,5983.27
2023,10,1,2023-10,1185,10544835,1740,6060.25
2023,10,1,2023-10,1186,4500115,973,4624.99
2023,10,1,2023-10,1187,12656017,1845,6859.63
2023,10,1,2023-10,1188,8498145,1656,5131.73
2023,10,1,2023-10,1189,6580168,1119,5880.4
2023,10,1,2023-10,1190,10463931,2022,5175.04
2023,10,1,2023-10,1191,6816129,1471,4633.67
2023,10,1,2023-10,1192,4020185,639,6291.37
2023,10,1,2023-10,1193,7821753,1813,4314.26
2023,10,1,2023-10,1194,15115159,2206,6851.84
2023,10,1,2023-10,1195,12049276,2322,5189.18
2023,10,1,2023-10,1196,8107024,1999,4055.54
2023,10,1,2023-10,1197,8462249,1437,5888.83
2023,10,1,2023-10,1198,9836960,2284,4306.9
2023,10,1,2023-10,1199,6608226,1296,5098.94
2023,10,1,2023-10,1200,12919523,1976,6538.22
2023,10,1,2023-10,1201,9432464,2174,4338.76
2023,10,1,2023-10,1202,7802677,1101,7086.9
2023,10,1,2023-10,1203,7829924,1906,4108.04
2023,10,1,2023-10,1204,7845541,1587,4943.63
2023,10,1,2023-10,1205,10596399,1567,6762.22
2023,10,1,2023-10,1206,8680139,1645,5276.68
2023,10,1,2023-10,1207,5694026,1284,4434.6
2023,10,1,2023-10,1208,4970890,936,5310.78
2023,10,1,2023-10,1209,8229480,1629,5051.86
2023,10,1,2023-10,1210,11530932,1614,7144.32
2023,10,1,2023-10,1211,11076064,2130,5200.03
2023,10,1,2023-10,1212,11433902,1669,6850.75
2023,10,1,2023-10,1213,14874789,2032,7320.27
2023,10,1,2023-10,1214,10866278,1902,5713.08
2023,10,1,2023-10,1215,7049983,959,7351.39
2023,10,1,2023-10,1216,11916951,2217,5375.26
2023,10,1,2023-10,1217,7898550,1049,7529.6
2023,10,1,2023-10,1218,3513672,794,4425.28
2023,10,1,2023-10,1219,10845270,1664,6517.59
2023,10,1,2023-10,1220,7403717,1257,5889.99
2023,10,1,2023-10,1221,3962941,728,5443.6
2023,10,1,2023-10,1222,9923394,1560,6361.15
2023,10,1,2023-10,1223,5679363,860,6603.91
2023,10,1,2023-10,1224,4030896,973,4142.75
2023,10,1,2023-10,1225,9310760,1983,4695.29
2023,10,1,2023-10,1226,6764295,1019,6638.17
2023,10,1,2023-10,1227,6856608,1064,6444.18
2023,10,1,2023-10,1228,6593332,873,7552.5
2023,10,1,2023-10,1229,9141492,1343,6806.77
2023,10,1,2023-10,1230,10924783,1465,7457.19
2023,10,1,2023-10,1231,11360805,1717,6616.66
2023,10,1,2023-10,1232,8662130,1672,5180.7
2023,10,1,2023-10,1233,6137868,1376,4460.66
2023,10,1,2023-10,1234,13474044,1943,6934.66
2023,10,1,2023-10,1235,11677600,1821,6412.74
2023,10,1,2023-10,1236,6046846,1435,4213.83
2023,10,1,2023-10,1237,3480000,639,5446.01
2023,10,1,2023-10,1238,15248316,2019,7552.41
2023,10,1,2023-10,1239,7136629,1203,5932.36
2023,10,1,2023-10,1240,10109383,1785,5663.52
2023,10,1,2023-10,1241,4188355,744,5629.51
2023,10,1,2023-10,1242,4953649,1012,4894.91
2023,10,1,2023-10,1243,4481926,827,5419.5
2023,10,1,2023-10,1244,9530377,1753,5436.61
2023,10,1,2023-10,1245,5651472,1311,4310.81
2023,10,1,2023-10,1246,7206098,1040,6928.94
2023,10,1,2023-10,1247,4784137,860,5562.95
2023,10,1,2023-10,1248,16229262,2314,7013.51
2023,10,1,2023-10,1249,15000758,2113,7099.27
2023,10,1,2023-10,1250,7847815,1632,4808.71
2023,10,1,2023-10,1251,9492268,1483,6400.72
2023,10,1,2023-10,1252,10636990,1865,5703.48
2023,10,1,2023-10,1253,15093075,2078,7263.27
2023,10,1,2023-10,1254,7697439,1552,4959.69
2023,10,1,2023-10,1255,4960095,750,6613.46
2023,10,1,2023-10,1256,6325947,1015,6232.46
2023,10,1,2023-10,1257,6618076,1287,5142.25
2023,10,1,2023-10,1258,8552388,1842,4642.99
2023,10,1,2023-10,1259,14493036,2248,6447.08
2023,10,1,2023-10,1260,8201142,1216,6744.36
2023,10,1,2023-10,1261,6164792,1182,5215.56
2023,10,1,2023-10,1262,10878899,1685,6456.32
2023,10,1,2023-10,1263,8254412,1511,5462.88
2023,10,1,2023-10,1264,7129407,1069,6669.23
2023,10,1,2023-10,1265,5507288,1141,4826.72
2023,10,1,2023-10,1266,12947325,1778,7281.96
2023,10,1,2023-10,1267,7463890,1446,5161.75
2023,10,1,2023-10,1268,11181954,2065,5414.99
2023,10,1,2023-10,1269,2441276,570,4282.94
2023,10,1,2023-10,1270,6199282,1377,4502.02
2023,10,1,2023-10,1271,6757371,1151,5870.87
2023,10,1,2023-10,1272,10466041,2059,5083.07
2023,10,1,2023-10,1273,8662200,1216,7123.52
2023,10,1,2023-10,1274,9506231,2306,4122.39
2023,10,1,2023-10,1275,4693609,867,5413.62
2023,10,1,2023-10,1276,10506149,1991,5276.82
2023,10,1,2023-10,1277,8897850,2136,4165.66
2023,10,1,2023-10,1278,7873002,1729,4553.5
2023,10,1,2023-10,1279,5463550,967,5650
2023,10,1,2023-10,1280,9205190,1553,5927.36
2023,10,1,2023-10,1281,6820361,1222,5581.31
2023,10,1,2023-10,1282,12765892,2127,6001.83
2023,10,1,2023-10,1283,11898054,1924,6184.02
2023,10,1,2023-10,1284,8122016,1929,4210.48
2023,10,1,2023-10,1285,5166032,899,5746.42
2023,10,1,2023-10,1286,11135333,1474,7554.5
2023,10,1,2023-10,1287,9266226,1549,5982.07
2023,10,1,2023-10,1288,12080485,1852,6522.94
2023,10,1,2023-10,1289,3796404,721,5265.47
2023,10,1,2023-10,1290,13137057,1908,6885.25
2023,10,1,2023-10,1291,11090121,1606,6905.43
2023,10,1,2023-10,1292,8727826,1459,5982.06
2023,10,1,2023-10,1293,16823175,2218,7584.84
2023,10,1,2023-10,1294,8242495,1811,4551.35
2023,10,1,2023-10,1295,3329909,801,4157.19
2023,10,1,2023-10,1296,9891001,1456,6793.27
2023,10,1,2023-10,1297,9769000,1408,6938.21
2023,10,1,2023-10,1298,10479465,2297,4562.24
2023,10,1,2023-10,1299,4482502,898,4991.65
2023,10,1,2023-10,1300,8747900,2111,4143.96
2023,10,1,2023-10,1301,4335102,850,5100.12
2023,10,1,2023-10,1302,5883372,860,6841.13
2023,10,1,2023-10,1303,13122210,2208,5943.03
2023,10,1,2023-10,1304,9733808,1828,5324.84
2023,10,1,2023-10,1305,10624737,1981,5363.32
2023,10,1,2023-10,1306,8712043,2127,4095.93
2023,10,1,2023-10,1307,10300987,2009,5127.42
2023,10,1,2023-10,1308,9015604,1413,6380.47
2023,10,1,2023-10,1309,8740149,1148,7613.37
2023,10,1,2023-10,1310,9964646,1390,7168.81
2023,10,1,2023-10,1311,4500102,1091,4124.75
2023,10,1,2023-10,1312,8421048,1141,7380.41
2023,10,1,2023-10,1313,12133846,1765,6874.7
2023,10,1,2023-10,1314,10311377,1503,6860.53
2023,10,1,2023-10,1315,11459648,2012,5695.65
2023,10,1,2023-10,1316,10462361,1894,5523.95
2023,10,1,2023-10,1317,7352864,1395,5270.87
2023,10,1,2023-10,1318,7617058,1786,4264.87
2023,10,1,2023-10,1319,7508352,1557,4822.32
2023,10,1,2023-10,1320,9500899,1903,4992.59
2023,10,1,2023-10,1321,10497244,1793,5854.57
2023,10,1,2023-10,1322,5424596,801,6772.28
2023,10,1,2023-10,1323,11562512,1987,5819.08
2023,10,1,2023-10,1324,7212564,1695,4255.2
2023,10,1,2023-10,1325,15743127,2105,7478.92
2023,10,1,2023-10,1326,14311159,1915,7473.19
2023,10,1,2023-10,1327,10035836,1437,6983.88
2023,10,1,2023-10,1328,10595089,1382,7666.49
2023,10,1,2023-10,1329,6831101,1125,6072.09
2023,10,1,2023-10,1330,8284946,1106,7490.91
2023,10,1,2023-10,1331,3010559,686,4388.57
2023,10,1,2023-10,1332,6118193,1143,5352.75
2023,10,1,2023-10,1333,8009658,1607,4984.23
2023,10,1,2023-10,1334,6849909,1441,4753.58
2023,10,1,2023-10,1335,7407123,1622,4566.66
2023,10,1,2023-10,1336,12933033,2067,6256.91
2023,10,1,2023-10,1337,5226266,758,6894.81
2023,10,1,2023-10,1338,6389592,1036,6167.56
2023,10,1,2023-10,1339,6358487,1355,4692.61
2023,10,1,2023-10,1340,4388193,624,7032.36
2023,10,1,2023-10,1341,12469248,1968,6336
2023,10,1,2023-10,1342,4315478,781,5525.58
2023,10,1,2023-10,1343,15755833,2442,6452.02
2023,10,1,2023-10,1344,8662561,1734,4995.71
2023,10,1,2023-10,1345,11065840,2073,5338.08
2023,10,1,2023-10,1346,10682037,1458,7326.5
2023,10,1,2023-10,1347,4298589,829,5185.27
2023,10,1,2023-10,1348,6686913,1137,5881.19
2023,10,1,2023-10,1349,9577234,1318,7266.49
2023,10,1,2023-10,1350,8934586,1354,6598.66
2023,10,1,2023-10,1351,6279562,1455,4315.85
2023,10,1,2023-10,1352,7646280,1662,4600.65
2023,10,1,2023-10,1353,8195695,1980,4139.24
2023,10,1,2023-10,1354,8358552,1328,6294.09
2023,10,1,2023-10,1355,7432899,1301,5713.22
2023,10,1,2023-10,1356,9106509,1952,4665.22
2023,10,1,2023-10,1357,8331104,1121,7431.85
2023,10,1,2023-10,1358,6135214,1033,5939.22
2023,10,1,2023-10,1359,6832124,1382,4943.65
2023,10,1,2023-10,1360,9187839,1554,5912.38
2023,10,1,2023-10,1361,13391459,2039,6567.66
2023,10,1,2023-10,1362,6608012,1499,4408.28
2023,10,1,2023-10,1363,9934488,1985,5004.78
2023,10,1,2023-10,1364,11429450,1644,6952.22
2023,10,1,2023-10,1365,8306678,1457,5701.22
2023,10,1,2023-10,1366,10017674,1656,6049.32
2023,10,1,2023-10,1367,12625865,2236,5646.63
2023,10,1,2023-10,1368,8183801,1951,4194.67
2023,10,1,2023-10,1369,5227800,1119,4671.85
2023,10,1,2023-10,1370,6632184,1160,5717.4
2023,10,1,2023-10,1371,10229782,2123,4818.55
2023,10,1,2023-10,1372,5784495,1355,4269
2023,10,1,2023-10,1373,4917953,684,7189.99
2023,10,1,2023-10,1374,6024872,783,7694.6
2023,10,1,2023-10,1375,8326151,1218,6835.92
2023,10,1,2023-10,1376,10775385,1506,7154.97
2023,10,1,2023-10,1377,10689834,2098,5095.25
2023,10,1,2023-10,1378,14048803,1860,7553.12
2023,10,1,2023-10,1379,7297048,1519,4803.85
2023,10,1,2023-10,1380,9175145,1214,7557.78
2023,10,1,2023-10,1381,11188783,1460,7663.55
2023,10,1,2023-10,1382,6507345,975,6674.2
2023,10,1,2023-10,1383,15676926,2064,7595.41
2023,10,1,2023-10,1384,14301952,2328,6143.45
2023,10,1,2023-10,1385,10293697,2040,5045.93
2023,10,1,2023-10,1386,11798358,2070,5699.69
2023,10,1,2023-10,1387,10838806,1748,6200.69
2023,10,1,2023-10,1388,4426698,1020,4339.9
2023,10,1,2023-10,1389,4714575,756,6236.21
2023,10,1,2023-10,1390,11775909,1552,7587.57
2023,10,1,2023-10,1391,5607463,1163,4821.55
2023,10,1,2023-10,1392,4553606,655,6952.07
2023,10,1,2023-10,1393,11903576,1631,7298.33
2023,10,1,2023-10,1394,9047152,1225,7385.43
2023,10,1,2023-10,1395,11533388,1533,7523.41
2023,10,1,2023-10,1396,4022734,670,6004.08
2023,10,1,2023-10,1397,10869974,1436,7569.62
2023,10,1,2023-10,1398,12698424,1884,6740.14
2023,10,1,2023-10,1399,4655191,1001,4650.54
2023,10,1,2023-10,1400,4782388,822,5817.99
2023,10,1,2023-10,1401,14371230,2138,6721.81
2023,10,1,2023-10,1402,3783380,761,4971.59
2023,10,1,2023-10,1403,11037226,1715,6435.7
2023,10,1,2023-10,1404,4683916,718,6523.56
2023,10,1,2023-10,1405,7908893,1709,4627.79
2023,10,1,2023-10,1406,12262875,1986,6174.66
2023,10,1,2023-10,1407,11588998,1687,6869.59
2023,10,1,2023-10,1408,11561958,1984,5827.6
2023,10,1,2023-10,1409,6202000,1469,4221.92
2023,10,1,2023-10,1410,3387520,821,4126.09
2023,10,1,2023-10,1411,4790547,906,5287.58
2023,10,1,2023-10,1412,15454333,2095,7376.77
2023,10,1,2023-10,1413,6038390,1239,4873.6
2023,10,1,2023-10,1414,9154393,1445,6335.22
2023,10,1,2023-10,1415,3976237,816,4872.84
2023,10,1,2023-10,1416,7415762,1416,5237.12
2023,10,1,2023-10,1417,7571477,1064,7116.05
2023,10,1,2023-10,1418,10644918,1589,6699.13
2023,10,1,2023-10,1419,5583400,1250,4466.72
2023,10,1,2023-10,1420,8995215,1607,5597.52
2023,10,1,2023-10,1421,10050328,2361,4256.81
2023,10,1,2023-10,1422,10280175,1784,5762.43
2023,10,1,2023-10,1423,10649947,1640,6493.87
2023,10,1,2023-10,1424,10682917,2324,4596.78
2023,10,1,2023-10,1425,7680261,1499,5123.59
2023,10,1,2023-10,1426,7254756,1312,5529.54
2023,10,1,2023-10,1427,5792199,789,7341.19
2023,10,1,2023-10,1428,14358082,1883,7625.11
2023,10,1,2023-10,1429,9132919,2109,4330.45
2023,10,1,2023-10,1430,10709754,1563,6852.05
2023,10,1,2023-10,1431,8561694,1572,5446.37
2023,10,1,2023-10,1432,12685963,2343,5414.41
2023,10,1,2023-10,1433,13902754,2056,6762.04
2023,10,1,2023-10,1434,11039394,1480,7459.05
2023,10,1,2023-10,1435,5523826,735,7515.41
2023,10,1,2023-10,1436,5319521,860,6185.49
2023,10,1,2023-10,1437,11239788,2088,5383.04
2023,10,1,2023-10,1438,4468761,649,6885.61
2023,10,1,2023-10,1439,6183808,1234,5011.19
2023,10,1,2023-10,1440,12496896,2067,6045.91
2023,10,1,2023-10,1441,5101305,961,5308.33
2023,10,1,2023-10,1442,9419772,1469,6412.37
2023,10,1,2023-10,1443,7490221,1508,4966.99
2023,10,1,2023-10,1444,10331619,2192,4713.33
2023,10,1,2023-10,1445,14498404,1963,7385.84
2023,10,1,2023-10,1446,3631933,822,4418.41
2023,10,1,2023-10,1447,3438906,586,5868.44
2023,10,1,2023-10,1448,6520133,1318,4946.99
2023,10,1,2023-10,1449,6139824,1448,4240.21
2023,10,1,2023-10,1450,5594447,1336,4187.46
2023,10,1,2023-10,1451,5150461,1088,4733.88
2023,10,1,2023-10,1452,6153285,863,7130.11
2023,10,1,2023-10,1453,10918146,2130,5125.89
2023,10,1,2023-10,1454,14312998,1897,7545.07
2023,10,1,2023-10,1455,9354311,1507,6207.24
2023,10,1,2023-10,1456,11276944,1959,5756.48
2023,10,1,2023-10,1457,13569015,2230,6084.76
2023,10,1,2023-10,1458,12622538,2121,5951.22
2023,10,1,2023-10,1459,10820154,1603,6749.94
2023,10,1,2023-10,1460,5702862,1118,5100.95
2023,10,1,2023-10,1461,5618213,1048,5360.89
2023,10,1,2023-10,1462,5244090,709,7396.46
2023,10,1,2023-10,1463,7081903,947,7478.25
2023,10,1,2023-10,1464,16041240,2202,7284.85
2023,10,1,2023-10,1465,4034945,715,5643.28
2023,10,1,2023-10,1466,8923167,1296,6885.16
2023,10,1,2023-10,1467,6460303,1098,5883.7
2023,10,1,2023-10,1468,9315639,1577,5907.19
2023,10,1,2023-10,1469,10130329,2081,4868.01
2023,10,1,2023-10,1470,4981568,813,6127.39
2023,10,1,2023-10,1471,7178770,1479,4853.8
2023,10,1,2023-10,1472,3961908,754,5254.52
2023,10,1,2023-10,1473,7440014,1040,7153.86
2023,10,1,2023-10,1474,9254267,1924,4809.91
2023,10,1,2023-10,1475,3148848,731,4307.59
2023,10,1,2023-10,1476,8845606,2061,4291.9
2023,10,1,2023-10,1477,4755409,637,7465.32
2023,10,1,2023-10,1478,4116097,707,5821.92
2023,10,1,2023-10,1479,12085093,2177,5551.26
2023,10,1,2023-10,1480,6107278,867,7044.15
2023,10,1,2023-10,1481,11930379,1677,7114.12
2023,10,1,2023-10,1482,7056661,1330,5305.76
2023,10,1,2023-10,1483,6772653,1036,6537.31
2023,10,1,2023-10,1484,10798759,1592,6783.14
2023,10,1,2023-10,1485,9877051,1523,6485.26
2023,10,1,2023-10,1486,8266719,1789,4620.86
2023,10,1,2023-10,1487,13091809,1812,7225.06
2023,10,1,2023-10,1488,6347545,1055,6016.63
2023,10,1,2023-10,1489,3843912,748,5138.92
2023,10,1,2023-10,1490,11990570,2103,5701.65
2023,10,1,2023-10,1491,2927946,681,4299.48
2023,10,1,2023-10,1492,5257033,1181,4451.34
2023,10,1,2023-10,1493,9255690,1357,6820.7
2023,10,1,2023-10,1494,7710222,1909,4038.88
2023,10,1,2023-10,1495,4509614,801,5629.98
2023,10,1,2023-10,1496,11282557,1891,5966.45
2023,10,1,2023-10,1497,5540701,1282,4321.92
2023,10,1,2023-10,1498,17006220,2250,7558.32
2023,10,1,2023-10,1499,6931173,1426,4860.57
2023,10,1,2023-10,1500,8611282,1673,5147.21
2023,10,1,2023-10,1501,10805795,2112,5116.38
2023,10,1,2023-10,1502,5221014,1073,4865.81
2023,10,1,2023-10,1503,2697631,668,4038.37
2023,10,1,2023-10,1504,13057593,1961,6658.64
2023,10,1,2023-10,1505,11587164,1544,7504.64
2023,10,1,2023-10,1506,8833680,1796,4918.53
2023,10,1,2023-10,1507,8286999,1278,6484.35
2023,10,1,2023-10,1508,7837089,1158,6767.78
2023,10,1,2023-10,1509,12018113,1673,7183.57
2023,10,1,2023-10,1510,9025483,1610,5605.89
2023,10,1,2023-10,1511,4626811,899,5146.62
2023,10,1,2023-10,1512,6942715,1295,5361.17
2023,10,1,2023-10,1513,6619388,990,6686.25
2023,10,1,2023-10,1514,7853380,1118,7024.49
2023,10,1,2023-10,1515,4438405,934,4752.04
2023,10,1,2023-10,1516,8080541,1486,5437.78
2023,10,1,2023-10,1517,10413427,1424,7312.8
2023,10,1,2023-10,1518,10613815,1519,6987.37
2023,10,1,2023-10,1519,12599382,1649,7640.62
2023,10,1,2023-10,1520,14922697,2207,6761.53
2023,10,1,2023-10,1521,6326789,1165,5430.72
2023,10,1,2023-10,1522,11694308,1912,6116.27
2023,10,1,2023-10,1523,10135168,1559,6501.07
2023,10,1,2023-10,1524,4528255,1051,4308.52
2023,10,1,2023-10,1525,11300511,1863,6065.76
2023,10,1,2023-10,1526,12248655,1861,6581.76
2023,10,1,2023-10,1527,6281433,1352,4646.03
2023,10,1,2023-10,1528,15426382,2250,6856.17
2023,10,1,2023-10,1529,8305993,1341,6193.88
2023,10,1,2023-10,1530,14142745,1900,7443.55
2023,10,1,2023-10,1531,8176212,1936,4223.25
2023,10,1,2023-10,1532,9486931,1880,5046.24
2023,10,1,2023-10,1533,11180549,1805,6194.21
2023,10,1,2023-10,1534,6236572,1194,5223.26
2023,10,1,2023-10,1535,5884106,895,6574.42
2023,10,1,2023-10,1536,11235913,1652,6801.4
2023,10,1,2023-10,1537,3939516,871,4522.98
2023,10,1,2023-10,1538,9395308,1599,5875.74
2023,10,1,2023-10,1539,10175705,1721,5912.67
2023,10,1,2023-10,1540,8082937,1490,5424.79
2023,10,1,2023-10,1541,11442061,1547,7396.29
2023,10,1,2023-10,1542,6079229,862,7052.47
2023,10,1,2023-10,1543,10128637,1531,6615.7
2023,10,1,2023-10,1544,8175493,1233,6630.57
2023,10,1,2023-10,1545,4563150,789,5783.46
2023,10,1,2023-10,1546,9444754,1275,7407.65
2023,10,1,2023-10,1547,12493563,1906,6554.86
2023,10,1,2023-10,1548,12516422,1853,6754.68
2023,10,1,2023-10,1549,12246102,1714,7144.75
2023,10,1,2023-10,1550,10561818,2064,5117.16
2023,10,1,2023-10,1551,8674112,1248,6950.41
2023,10,1,2023-10,1552,9068151,1896,4782.78
2023,10,1,2023-10,1553,3499156,657,5325.96
2023,10,1,2023-10,1554,6100185,1148,5313.75
2023,10,1,2023-10,1555,15655129,2091,7486.91
2023,10,1,2023-10,1556,13915402,1938,7180.29
2023,10,1,2023-10,1557,8553561,1296,6599.97
2023,10,1,2023-10,1558,15915954,2372,6709.93
2023,10,1,2023-10,1559,6951681,1134,6130.23
2023,10,1,2023-10,1560,11071373,1476,7500.93
2023,10,1,2023-10,1561,10968739,1897,5782.15
2023,10,1,2023-10,1562,7483703,1383,5411.21
2023,10,1,2023-10,1563,5232358,1114,4696.91
2023,10,1,2023-10,1564,6357081,919,6917.39
2023,10,1,2023-10,1565,10747504,1607,6687.93
2023,10,1,2023-10,1566,11760517,2136,5505.86
2023,10,1,2023-10,1567,7954760,1904,4177.92
2023,10,1,2023-10,1568,15815304,2216,7136.87
2023,10,1,2023-10,1569,6921238,1650,4194.69
2023,10,1,2023-10,1570,10515700,1587,6626.15
2023,10,1,2023-10,1571,4805090,633,7590.98
2023,10,1,2023-10,1572,10251411,1819,5635.74
2023,10,1,2023-10,1573,5830538,1171,4979.11
2023,10,1,2023-10,1574,6799938,1026,6627.62
2023,10,1,2023-10,1575,8000418,1142,7005.62
2023,10,1,2023-10,1576,8227719,1372,5996.88
2023,10,1,2023-10,1577,11223604,1490,7532.62
2023,10,1,2023-10,1578,3802240,898,4234.12
2023,10,1,2023-10,1579,13851581,2333,5937.24
2023,10,1,2023-10,1580,14780029,2199,6721.25
2023,10,1,2023-10,1581,7583856,1050,7222.72
2023,10,1,2023-10,1582,3420491,705,4851.76
2023,10,1,2023-10,1583,10807815,1558,6936.98
2023,10,1,2023-10,1584,11762728,1928,6101
2023,10,1,2023-10,1585,11122851,2036,5463.09
2023,10,1,2023-10,1586,5728817,1256,4561.16
2023,10,1,2023-10,1587,7274104,1021,7124.49
2023,10,1,2023-10,1588,5666486,1209,4686.92
2023,10,1,2023-10,1589,4115876,793,5190.26
2023,10,1,2023-10,1590,11387681,2258,5043.26
2023,10,1,2023-10,1591,14277836,1988,7182.01
2023,10,1,2023-10,1592,7116839,1081,6583.57
2023,10,1,2023-10,1593,8015909,1151,6964.3
2023,10,1,2023-10,1594,4832792,961,5028.92
2023,10,1,2023-10,1595,7180546,1133,6337.64
2023,10,1,2023-10,1596,6514319,1062,6134.01
2023,10,1,2023-10,1597,10896547,1540,7075.68
2023,10,1,2023-10,1598,11771112,1602,7347.76
2023,10,1,2023-10,1599,5215157,1274,4093.53
2023,10,1,2023-10,1600,7078357,1082,6541.92
2023,10,1,2023-10,1601,6112519,1410,4335.12
2023,10,1,2023-10,1602,11401139,1884,6051.56
2023,10,1,2023-10,1603,9324204,1827,5103.56
2023,10,1,2023-10,1604,9291798,1800,5162.11
2023,10,1,2023-10,1605,4650909,855,5439.66
2023,10,1,2023-10,1606,4226522,671,6298.84
2023,10,1,2023-10,1607,8643480,1624,5322.34
2023,10,1,2023-10,1608,13873592,2068,6708.7
2023,10,1,2023-10,1609,8710170,1574,5533.78
2023,10,1,2023-10,1610,6244089,1449,4309.24
2023,10,1,2023-10,1611,16426976,2396,6856
2023,10,1,2023-10,1612,11353601,2203,5153.7
2023,10,1,2023-10,1613,11157092,1992,5600.95
2023,10,1,2023-10,1614,13992417,2130,6569.21
2023,10,1,2023-10,1615,4074316,770,5291.32
2023,10,1,2023-10,1616,8259089,1905,4335.48
2023,10,1,2023-10,1617,5624258,1040,5407.94
2023,10,1,2023-10,1618,14435447,1919,7522.38
2023,10,1,2023-10,1619,7388463,1157,6385.88
2023,10,1,2023-10,1620,10326218,1561,6615.13
2023,10,1,2023-10,1621,12753929,2029,6285.82
2023,10,1,2023-10,1622,6223420,1265,4919.7
2023,10,1,2023-10,1623,11377942,2036,5588.38
2023,10,1,2023-10,1624,13761463,2026,6792.43
2023,10,1,2023-10,1625,8970872,2023,4434.44
2023,10,1,2023-10,1626,9294908,1851,5021.56
2023,10,1,2023-10,1627,3751609,741,5062.9
2023,10,1,2023-10,1628,8749208,1555,5626.5
2023,10,1,2023-10,1629,6704701,881,7610.33
2023,10,1,2023-10,1630,6792985,1547,4391.07
2023,10,1,2023-10,1631,8763023,1470,5961.24
2023,10,1,2023-10,1632,4797136,1010,4749.64
2023,10,1,2023-10,1633,7357227,970,7584.77
2023,10,1,2023-10,1634,3575626,808,4425.28
2023,10,1,2023-10,1635,9982048,1826,5466.62
2023,10,1,2023-10,1636,10222642,1533,6668.39
2023,10,1,2023-10,1637,10157215,1539,6599.88
2023,10,1,2023-10,1638,10122789,1832,5525.54
2023,10,1,2023-10,1639,10045129,1893,5306.46
2023,10,1,2023-10,1640,6080724,1114,5458.46
2023,10,1,2023-10,1641,6666330,1316,5065.6
2023,10,1,2023-10,1642,7356769,1516,4852.75
2023,10,1,2023-10,1643,4602882,792,5811.72
2023,10,1,2023-10,1644,10041214,2019,4973.36
2023,10,1,2023-10,1645,4691198,917,5115.81
2023,10,1,2023-10,1646,3999167,619,6460.69
2023,10,1,2023-10,1647,7846999,1033,7596.32
2023,10,1,2023-10,1648,8368561,1321,6335.02
2023,10,1,2023-10,1649,7889436,1783,4424.81
2023,10,1,2023-10,1650,7506383,1715,4376.9
2023,10,1,2023-10,1651,15301077,2044,7485.85
2023,10,1,2023-10,1652,5589705,1090,5128.17
2023,10,1,2023-10,1653,5917016,1318,4489.39
2023,10,1,2023-10,1654,12931725,2070,6247.21
2023,10,1,2023-10,1655,13214103,2079,6355.99
2023,10,1,2023-10,1656,10754134,1683,6389.86
2023,10,1,2023-10,1657,9897980,1980,4998.98
2023,10,1,2023-10,1658,5404994,1307,4135.42
2023,10,1,2023-10,1659,12053792,1600,7533.62
2023,10,1,2023-10,1660,9718661,1942,5004.46
2023,10,1,2023-10,1661,10726998,1655,6481.57
2023,10,1,2023-10,1662,10898470,1645,6625.21
2023,10,1,2023-10,1663,12714395,2008,6331.87
2023,10,1,2023-10,1664,4360518,848,5142.12
2023,10,1,2023-10,1665,6857436,1379,4972.76
2023,10,1,2023-10,1666,15286790,2430,6290.86
2023,10,1,2023-10,1667,5659608,794,7127.97
2023,10,1,2023-10,1668,14757969,1977,7464.83
2023,10,1,2023-10,1669,9402373,2087,4505.21
2023,10,1,2023-10,1670,6737778,1449,4649.95
2023,10,1,2023-10,1671,13896990,1860,7471.5
2023,10,1,2023-10,1672,11528933,1712,6734.19
2023,10,1,2023-10,1673,13600497,1846,7367.55
2023,10,1,2023-10,1674,8659652,1766,4903.54
2023,10,1,2023-10,1675,4391296,712,6167.55
2023,10,1,2023-10,1676,6279261,944,6651.76
2023,10,1,2023-10,1677,13353159,2038,6552.09
2023,10,1,2023-10,1678,12341675,2221,5556.81
2023,10,1,2023-10,1679,6544722,1591,4113.59
2023,10,1,2023-10,1680,7294058,1176,6202.43
2023,10,1,2023-10,1681,4171598,836,4989.95
2023,10,1,2023-10,1682,11353605,1995,5691.03
2023,10,1,2023-10,1683,13789525,1842,7486.17
2023,10,1,2023-10,1684,7346975,1319,5570.11
2023,10,1,2023-10,1685,11587158,1640,7065.34
2023,10,1,2023-10,1686,5989831,1264,4738.79
2023,10,1,2023-10,1687,12256912,1875,6537.02
2023,10,1,2023-10,1688,11716662,1545,7583.6
2023,10,1,2023-10,1689,9852622,2210,4458.2
2023,10,1,2023-10,1690,4071259,975,4175.65
2023,10,1,2023-10,1691,6598055,1156,5707.66
2023,10,1,2023-10,1692,5400937,1246,4334.62
2023,10,1,2023-10,1693,4906423,725,6767.48
2023,10,1,2023-10,1694,8099559,1109,7303.48
2023,10,1,2023-10,1695,12437024,2208,5632.71
2023,10,1,2023-10,1696,8776002,1747,5023.47
2023,10,1,2023-10,1697,3386942,601,5635.51
2023,10,1,2023-10,1698,13973074,2105,6638.04
2023,10,1,2023-10,1699,9408084,2304,4083.37
2023,10,1,2023-10,1700,5639333,904,6238.2
2023,10,1,2023-10,1701,12751158,2005,6359.68
2023,10,1,2023-10,1702,5788531,921,6285.05
2023,10,1,2023-10,1703,8463474,1710,4949.4
2023,10,1,2023-10,1704,6015195,900,6683.55
2023,10,1,2023-10,1705,4964289,1122,4424.5
2023,10,1,2023-10,1706,5823045,1223,4761.28
2023,10,1,2023-10,1707,12507290,1734,7212.97
2023,10,1,2023-10,1708,8649760,1281,6752.35
2023,10,1,2023-10,1709,3799817,919,4134.73
2023,10,1,2023-10,1710,5981616,1200,4984.68
2023,10,1,2023-10,1711,9972450,2050,4864.61
2023,10,1,2023-10,1712,10540685,2090,5043.39
2023,10,1,2023-10,1713,5352034,1066,5020.67
2023,10,1,2023-10,1714,3733572,868,4301.35
2023,10,1,2023-10,1715,5551552,975,5693.9
2023,10,1,2023-10,1716,10506060,1541,6817.69
2023,10,1,2023-10,1717,3551501,567,6263.67
2023,10,1,2023-10,1718,4336413,679,6386.47
2023,10,1,2023-10,1719,5410587,1217,4445.84
2023,10,1,2023-10,1720,11778635,1559,7555.25
2023,10,1,2023-10,1721,9862471,1386,7115.78
2023,10,1,2023-10,1722,13006967,1857,7004.29
2023,10,1,2023-10,1723,8621484,1208,7136.99
2023,10,1,2023-10,1724,9287357,1257,7388.51
2023,10,1,2023-10,1725,13328040,2203,6049.95
2023,10,1,2023-10,1726,7831129,1597,4903.65
2023,10,1,2023-10,1727,6490878,1014,6401.26
2023,10,1,2023-10,1728,15414576,2288,6737.14
2023,10,1,2023-10,1729,3863703,566,6826.33
2023,10,1,2023-10,1730,8440016,1407,5998.59
2023,10,1,2023-10,1731,9259361,2099,4411.32
2023,10,1,2023-10,1732,6890520,1262,5460
2023,10,1,2023-10,1733,7151201,966,7402.9
2023,10,1,2023-10,1734,12196741,1940,6286.98
2023,10,1,2023-10,1735,12052011,2009,5999.01
2023,10,1,2023-10,1736,10105978,1964,5145.61
2023,10,1,2023-10,1737,10603997,1925,5508.57
2023,10,1,2023-10,1738,4158214,565,7359.67
2023,10,1,2023-10,1739,7818161,1207,6477.35
2023,10,1,2023-10,1740,14324970,2069,6923.62
2023,10,1,2023-10,1741,9432824,1665,5665.36
2023,10,1,2023-10,1742,8863148,1400,6330.82
2023,10,1,2023-10,1743,5606546,1118,5014.8
2023,10,1,2023-10,1744,11616718,1772,6555.71
2023,10,1,2023-10,1745,7196853,1282,5613.77
2023,10,1,2023-10,1746,8432948,1462,5768.09
2023,10,1,2023-10,1747,11805228,1841,6412.4
2023,10,1,2023-10,1748,15746292,2102,7491.1
2023,10,1,2023-10,1749,4388449,1008,4353.62
2023,10,1,2023-10,1750,7039272,1001,7032.24
2023,10,1,2023-10,1751,12036202,2343,5137.09
2023,10,1,2023-10,1752,8237757,1447,5692.99
2023,10,1,2023-10,1753,8599851,2105,4085.44
2023,10,1,2023-10,1754,10492654,2011,5217.63
2023,10,1,2023-10,1755,10843343,1841,5889.92
2023,10,1,2023-10,1756,9357708,2154,4344.34
2023,10,1,2023-10,1757,7955882,1355,5871.5
2023,10,1,2023-10,1758,7508173,1014,7404.51
2023,10,1,2023-10,1759,8256664,1841,4484.88
2023,10,1,2023-10,1760,5731652,838,6839.68
2023,10,1,2023-10,1761,10459685,1858,5629.54
2023,10,1,2023-10,1762,8227800,1277,6443.07
2023,10,1,2023-10,1763,9948221,1973,5042.18
2023,10,1,2023-10,1764,6941797,1505,4612.49
2023,10,1,2023-10,1765,5375895,1151,4670.63
2023,10,1,2023-10,1766,8709811,1972,4416.74
2023,10,1,2023-10,1767,9989640,2089,4782.02
2023,10,1,2023-10,1768,9629456,1499,6423.92
2023,10,1,2023-10,1769,6744563,936,7205.73
2023,10,1,2023-10,1770,12917293,1852,6974.78
2023,10,1,2023-10,1771,8273299,1255,6592.27
2023,10,1,2023-10,1772,6192679,1366,4533.44
2023,10,1,2023-10,1773,5639179,1133,4977.21
2023,10,1,2023-10,1774,8381485,1611,5202.66
2023,10,1,2023-10,1775,7408711,1482,4999.13
2023,10,1,2023-10,1776,3985804,676,5896.16
2023,10,1,2023-10,1777,7236327,1207,5995.3
2023,10,1,2023-10,1778,10488431,1930,5434.42
2023,10,1,2023-10,1779,4800619,892,5381.86
2023,10,1,2023-10,1780,7670581,1090,7037.23
2023,10,1,2023-10,1781,13994775,2025,6911
2023,10,1,2023-10,1782,7435665,1433,5188.88
2023,10,1,2023-10,1783,7723625,1047,7376.91
2023,10,1,2023-10,1784,6323422,850,7439.32
2023,10,1,2023-10,1785,6755330,1290,5236.69
2023,10,1,2023-10,1786,8123907,1501,5412.33
2023,10,1,2023-10,1787,12543259,2125,5902.71
2023,10,1,2023-10,1788,12241566,1649,7423.63
2023,10,1,2023-10,1789,8539242,1187,7193.97
2023,10,1,2023-10,1790,5595935,1244,4498.34
2023,10,1,2023-10,1791,9670947,1765,5479.29
2023,10,1,2023-10,1792,4849118,795,6099.52
2023,10,1,2023-10,1793,9689438,1651,5868.83
2023,10,1,2023-10,1794,8335082,1758,4741.23
2023,10,1,2023-10,1795,11773265,1640,7178.82
2023,10,1,2023-10,1796,6194472,951,6513.64
2023,10,1,2023-10,1797,12246070,1719,7123.95
2023,10,1,2023-10,1798,8584037,1191,7207.42
2023,10,1,2023-10,1799,7926031,1173,6757.06
2023,10,1,2023-10,1800,13358246,2350,5684.36
2023,10,1,2023-10,1801,8017037,1280,6263.31
2023,10,1,2023-10,1802,8588563,1827,4700.91
2023,10,1,2023-10,1803,8256722,1267,6516.75
2023,10,1,2023-10,1804,8179702,1736,4711.81
2023,10,1,2023-10,1805,8065842,1232,6546.95
2023,10,1,2023-10,1806,2633603,534,4931.84
2023,10,1,2023-10,1807,9751500,2133,4571.73
2023,10,1,2023-10,1808,8041901,1700,4730.53
2023,10,1,2023-10,1809,6193734,1524,4064.13
2023,10,1,2023-10,1810,4010938,605,6629.65
2023,10,1,2023-10,1811,10769680,1611,6685.09
2023,10,1,2023-10,1812,9619393,1627,5912.35
2023,10,1,2023-10,1813,8480912,1846,4594.21
2023,10,1,2023-10,1814,7878365,1777,4433.52
2023,10,1,2023-10,1815,7539737,1818,4147.27
2023,10,1,2023-10,1816,8223173,1745,4712.42
2023,10,1,2023-10,1817,13940177,1918,7268.08
2023,10,1,2023-10,1818,8240836,1661,4961.37
2023,10,1,2023-10,1819,10951421,2053,5334.35
2023,10,1,2023-10,1820,6318065,1412,4474.55
2023,10,1,2023-10,1821,10005516,2061,4854.69
2023,10,1,2023-10,1822,9049457,1520,5953.59
2023,10,1,2023-10,1823,5671078,895,6336.4
2023,10,1,2023-10,1824,5504416,1101,4999.47
2023,10,1,2023-10,1825,7255601,1680,4318.81
2023,10,1,2023-10,1826,4110478,756,5437.14
2023,10,1,2023-10,1827,9898651,1995,4961.73
2023,10,1,2023-10,1828,11734083,2388,4913.77
2023,10,1,2023-10,1829,15489029,2054,7540.91
2023,10,1,2023-10,1830,8166434,1294,6311
2023,10,1,2023-10,1831,9768896,1606,6082.75
2023,10,1,2023-10,1832,9325103,1661,5614.15
2023,10,1,2023-10,1833,11640253,2044,5694.84
2023,10,1,2023-10,1834,9668929,1599,6046.86
2023,10,1,2023-10,1835,10280498,1571,6543.92
2023,10,1,2023-10,1836,10488761,1597,6567.79
2023,10,1,2023-10,1837,9766342,2058,4745.55
2023,10,1,2023-10,1838,7332814,1255,5842.88
2023,10,1,2023-10,1839,5970953,1070,5580.33
2023,10,1,2023-10,1840,12280346,1707,7194.11
2023,10,1,2023-10,1841,7284735,1155,6307.13
2023,10,1,2023-10,1842,10110006,1674,6039.43
2023,10,1,2023-10,1843,8337378,1835,4543.53
2023,10,1,2023-10,1844,7821050,1261,6202.26
2023,10,1,2023-10,1845,6578243,1449,4539.85
2023,10,1,2023-10,1846,10287526,1934,5319.3
2023,10,1,2023-10,1847,5214461,1122,4647.47
2023,10,1,2023-10,1848,5776880,878,6579.59
2023,10,1,2023-10,1849,6115886,1248,4900.55
2023,10,1,2023-10,1850,9328438,1698,5493.78
2023,10,1,2023-10,1851,11623196,1595,7287.27
2023,10,1,2023-10,1852,4953055,1035,4785.56
2023,10,1,2023-10,1853,9101135,1550,5871.7
2023,10,1,2023-10,1854,8243710,1485,5551.32
2023,10,1,2023-10,1855,5538925,1327,4174.02
2023,10,1,2023-10,1856,13555692,1959,6919.7
2023,10,1,2023-10,1857,5717284,1311,4361.01
2023,10,1,2023-10,1858,3713424,647,5739.45
2023,10,1,2023-10,1859,7337597,1210,6064.13
2023,10,1,2023-10,1860,13134190,2083,6305.42
2023,10,1,2023-10,1861,12402736,1863,6657.4
2023,10,1,2023-10,1862,5421615,1085,4996.88
2023,10,1,2023-10,1863,7491515,1813,4132.11
2023,10,1,2023-10,1864,12653208,1894,6680.68
2023,10,1,2023-10,1865,8382526,1378,6083.11
2023,10,1,2023-10,1866,11397945,1625,7014.12
2023,10,1,2023-10,1867,8740030,1243,7031.4
2023,10,1,2023-10,1868,6279198,892,7039.46
2023,10,1,2023-10,1869,5994598,1047,5725.5
2023,10,1,2023-10,1870,12278341,2335,5258.39
2023,10,1,2023-10,1871,9724498,1400,6946.07
2023,10,1,2023-10,1872,5982430,1054,5675.93
2023,10,1,2023-10,1873,7707846,1615,4772.66
2023,10,1,2023-10,1874,11382635,1590,7158.89
2023,10,1,2023-10,1875,6615963,913,7246.4
2023,10,1,2023-10,1876,5473056,940,5822.4
2023,10,1,2023-10,1877,9159556,2109,4343.08
2023,10,1,2023-10,1878,5628751,1023,5502.2
2023,10,1,2023-10,1879,14997745,2177,6889.18
2023,10,1,2023-10,1880,8739620,1193,7325.75
2023,10,1,2023-10,1881,3495574,726,4814.84
2023,10,1,2023-10,1882,3449852,805,4285.53
2023,10,1,2023-10,1883,15671507,2161,7251.97
2023,10,1,2023-10,1884,7536752,1381,5457.46
2023,10,1,2023-10,1885,8704912,1424,6113
2023,10,1,2023-10,1886,6986815,938,7448.63
2023,10,1,2023-10,1887,9083891,2089,4348.44
2023,10,1,2023-10,1888,13778759,2147,6417.68
2023,10,1,2023-10,1889,6453378,1483,4351.57
2023,10,1,2023-10,1890,4003237,739,5417.1
2023,10,1,2023-10,1891,12930538,1854,6974.4
2023,10,1,2023-10,1892,6362376,1117,5695.95
2023,10,1,2023-10,1893,10166486,1340,7586.93
2023,10,1,2023-10,1894,9830261,1622,6060.58
2023,10,1,2023-10,1895,10628044,2044,5199.63
2023,10,1,2023-10,1896,11380237,2353,4836.48
2023,10,1,2023-10,1897,7004209,1305,5367.21
2023,10,1,2023-10,1898,11312257,2073,5456.95
2023,10,1,2023-10,1899,8961455,2040,4392.87
2023,10,1,2023-10,1900,4869698,894,5447.09
2023,10,1,2023-10,1901,7155142,1236,5788.95
2023,10,1,2023-10,1902,10185271,1539,6618.11
2023,10,1,2023-10,1903,11722626,1800,6512.57
2023,10,1,2023-10,1904,7529532,1137,6622.28
2023,10,1,2023-10,1905,2714277,650,4175.81
2023,10,1,2023-10,1906,4184409,869,4815.2
2023,10,1,2023-10,1907,9040163,1401,6452.65
2023,10,1,2023-10,1908,7832021,1334,5871.08
2023,10,1,2023-10,1909,3720071,903,4119.68
2023,10,1,2023-10,1910,10902442,1571,6939.81
2023,10,1,2023-10,1911,12655729,1829,6919.48
2023,10,1,2023-10,1912,3891966,648,6006.12
2023,10,1,2023-10,1913,9066534,2091,4335.98
2023,10,1,2023-10,1914,9593003,1397,6866.86
2023,10,1,2023-10,1915,5230607,833,6279.24
2023,10,1,2023-10,1916,5841710,850,6872.6
2023,10,1,2023-10,1917,5743368,848,6772.84
2023,10,1,2023-10,1918,11944300,1719,6948.4
2023,10,1,2023-10,1919,4071302,683,5960.91
2023,10,1,2023-10,1920,7227764,1562,4627.25
2023,10,1,2023-10,1921,8176641,1249,6546.55
2023,10,1,2023-10,1922,13996039,2204,6350.29
2023,10,1,2023-10,1923,6520382,969,6728.98
2023,10,1,2023-10,1924,5487651,1157,4743
2023,10,1,2023-10,1925,2937704,612,4800.17
2023,10,1,2023-10,1926,12492705,1708,7314.23
2023,10,1,2023-10,1927,11783256,1729,6815.07
2023,10,1,2023-10,1928,15547541,2096,7417.72
2023,10,1,2023-10,1929,7432877,1094,6794.22
2023,10,1,2023-10,1930,13050078,2102,6208.41
2023,10,1,2023-10,1931,8012703,1241,6456.65
2023,10,1,2023-10,1932,16227137,2214,7329.33
2023,10,1,2023-10,1933,10069473,1632,6170.02
2023,10,1,2023-10,1934,12400195,1933,6415
2023,10,1,2023-10,1935,10467098,2232,4689.56
2023,10,1,2023-10,1936,10370013,1793,5783.61
2023,10,1,2023-10,1937,13094622,1959,6684.34
2023,10,1,2023-10,1938,4240236,840,5047.9
2023,10,1,2023-10,1939,3933891,814,4832.79
2023,10,1,2023-10,1940,5917214,1144,5172.39
2023,10,1,2023-10,1941,5365865,1082,4959.21
2023,10,1,2023-10,1942,6371214,1297,4912.27
2023,10,1,2023-10,1943,10252492,1814,5651.87
2023,10,1,2023-10,1944,7628892,1035,7370.91
2023,10,1,2023-10,1945,8903772,1503,5924
2023,10,1,2023-10,1946,9780648,2047,4778.04
2023,10,1,2023-10,1947,8859366,2052,4317.43
2023,10,1,2023-10,1948,4794925,729,6577.4
2023,10,1,2023-10,1949,5256307,960,5475.32
2023,10,1,2023-10,1950,10987531,1573,6985.08
2023,10,1,2023-10,1951,7677800,1204,6376.91
2023,10,1,2023-10,1952,14381823,2056,6995.05
2023,10,1,2023-10,1953,6930182,1366,5073.34
2023,10,1,2023-10,1954,9360386,1422,6582.55
2023,10,1,2023-10,1955,3709695,732,5067.89
2023,10,1,2023-10,1956,13523889,1825,7410.35
2023,10,1,2023-10,1957,11184659,1760,6354.92
2023,10,1,2023-10,1958,9411996,1767,5326.54
2023,10,1,2023-10,1959,8664396,1719,5040.37
2023,10,1,2023-10,1960,4130491,866,4769.62
2023,10,1,2023-10,1961,11287597,1723,6551.13
2023,10,1,2023-10,1962,9777468,2017,4847.53
2023,10,1,2023-10,1963,11767669,1875,6276.09
2023,10,1,2023-10,1964,3492904,708,4933.48
2023,10,1,2023-10,1965,12862144,1996,6443.96
2023,10,1,2023-10,1966,8959051,1276,7021.2
2023,10,1,2023-10,1967,16032497,2305,6955.53
2023,10,1,2023-10,1968,9067418,1340,6766.73
2023,10,1,2023-10,1969,4942238,1049,4711.38
2023,10,1,2023-10,1970,6521015,1490,4376.52
2023,10,1,2023-10,1971,6018424,908,6628.22
2023,10,1,2023-10,1972,5171739,954,5421.11
2023,10,1,2023-10,1973,9177800,1645,5579.21
2023,10,1,2023-10,1974,5349101,1269,4215.21
2023,10,1,2023-10,1975,5749044,1128,5096.67
2023,10,1,2023-10,1976,8391382,1983,4231.66
2023,10,1,2023-10,1977,8407680,1160,7248
2023,10,1,2023-10,1978,8140927,1635,4979.16
2023,10,1,2023-10,1979,10422551,1706,6109.35
2023,10,1,2023-10,1980,7292867,1744,4181.69
2023,10,1,2023-10,1981,8917755,1378,6471.52
2023,10,1,2023-10,1982,2612244,498,5245.47
2023,10,1,2023-10,1983,8990640,1234,7285.77
2023,10,1,2023-10,1984,7223053,989,7303.39
2023,10,1,2023-10,1985,10565649,2019,5233.11
2023,10,1,2023-10,1986,6060826,830,7302.2
2023,10,1,2023-10,1987,12276923,1615,7601.81
2023,10,1,2023-10,1988,14463099,2047,7065.51
2023,10,1,2023-10,1989,11606992,1621,7160.39
2023,10,1,2023-10,1990,3764455,757,4972.86
2023,10,1,2023-10,1991,10118427,1633,6196.22
2023,10,1,2023-10,1992,2387549,551,4333.12
2023,10,1,2023-10,1993,4908682,1135,4324.83
2023,10,1,2023-10,1994,10364391,1352,7665.97
2023,10,1,2023-10,1995,6704664,1275,5258.56
2023,10,1,2023-10,1996,9169538,1353,6777.19
2023,10,1,2023-10,1997,12132664,1735,6992.89
2023,10,1,2023-10,1998,15880751,2226,7134.21
2023,10,1,2023-10,1999,10033514,1298,7729.98
2023,10,1,2023-10,2000,9095320,1834,4959.28
2023,10,1,2023-10,2001,2545007,601,4234.62
2023,10,1,2023-10,2002,8873647,1584,5602.05
2023,10,1,2023-10,2003,6080620,1332,4565.03
2023,10,1,2023-10,2004,5128266,1194,4295.03
2023,10,1,2023-10,2005,9787469,1820,5377.73
2023,10,1,2023-10,2006,13222283,1912,6915.42
2023,10,1,2023-10,2007,9199844,1511,6088.58
2023,10,1,2023-10,2008,5587245,1063,5256.11
2023,10,1,2023-10,2009,6115709,948,6451.17
2023,10,1,2023-10,2010,10951389,2229,4913.14
2023,10,1,2023-10,2011,5879545,1430,4111.57
2023,10,1,2023-10,2012,7272484,1074,6771.4
2023,10,1,2023-10,2013,9526532,1501,6346.79
2023,10,1,2023-10,2014,14122873,2089,6760.59
2023,10,1,2023-10,2015,2965234,690,4297.44
2023,10,1,2023-10,2016,12695431,1805,7033.48
2023,10,1,2023-10,2017,8183708,1298,6304.86
2023,10,1,2023-10,2018,11410547,1879,6072.67
2023,10,1,2023-10,2019,12304125,1943,6332.54
2023,10,1,2023-10,2020,9676502,1346,7189.08
2023,10,1,2023-10,2021,4258282,685,6216.47
2023,10,1,2023-10,2022,9709144,1590,6106.38
2023,10,1,2023-10,2023,11749076,1545,7604.58
2023,10,1,2023-10,2024,11146525,1628,6846.76
2023,10,1,2023-10,2025,5446682,954,5709.31
2023,10,1,2023-10,2026,9862726,1514,6514.35
2023,10,1,2023-10,2027,6608472,1200,5507.06
2023,10,1,2023-10,2028,10096982,2073,4870.71
2023,10,1,2023-10,2029,11336973,1827,6205.24
2023,10,1,2023-10,2030,9552992,1290,7405.42
2023,10,1,2023-10,2031,9136775,1220,7489.16
2023,10,1,2023-10,2032,3417604,648,5274.08
2023,10,1,2023-10,2033,5441904,919,5921.55
2023,10,1,2023-10,2034,4461394,915,4875.84
2023,10,1,2023-10,2035,11352914,1483,7655.37
2023,10,1,2023-10,2036,14659517,1914,7659.1
2023,10,1,2023-10,2037,8639171,1349,6404.13
2023,10,1,2023-10,2038,6634375,944,7027.94
2023,10,1,2023-10,2039,7866316,1182,6655.09
2023,10,1,2023-10,2040,4338531,695,6242.49
2023,10,1,2023-10,2041,6138910,1407,4363.12
2023,10,1,2023-10,2042,5099296,892,5716.7
2023,10,1,2023-10,2043,10767136,1642,6557.33
2023,10,1,2023-10,2044,5239464,807,6492.52
2023,10,1,2023-10,2045,8224041,1511,5442.78
2023,10,1,2023-10,2046,12785316,1728,7398.91
2023,10,1,2023-10,2047,7834764,1676,4674.68
2023,10,1,2023-10,2048,5232210,896,5839.52
2023,10,1,2023-10,2049,4165722,629,6622.77
2023,10,1,2023-10,2050,13496882,2024,6668.42
2023,10,1,2023-10,2051,12174588,1902,6400.94
2023,10,1,2023-10,2052,4846282,960,5048.21
2023,10,1,2023-10,2053,10038329,2183,4598.41
2023,10,1,2023-10,2054,13858448,2171,6383.44
2023,10,1,2023-10,2055,7592934,1222,6213.53
2023,10,1,2023-10,2056,4154400,881,4715.55
2023,10,1,2023-10,2057,11972167,1789,6692.1
2023,10,1,2023-10,2058,12053037,2110,5712.34
2023,10,1,2023-10,2059,7097666,1090,6511.62
2023,10,1,2023-10,2060,14541818,2050,7093.57
2023,10,1,2023-10,2061,7510739,1617,4644.86
2023,10,1,2023-10,2062,6049618,1481,4084.82
2023,10,1,2023-10,2063,5751832,833,6904.96
2023,10,1,2023-10,2064,8375178,1318,6354.46
2023,10,1,2023-10,2065,11110327,1680,6613.29
2023,10,1,2023-10,2066,11117582,1561,7122.09
2023,10,1,2023-10,2067,15585772,2250,6927.01
2023,10,1,2023-10,2068,14936810,1971,7578.29
2023,10,1,2023-10,2069,4114292,679,6059.34
2023,10,1,2023-10,2070,12016318,2067,5813.41
2023,10,1,2023-10,2071,9518463,1712,5559.85
2023,10,1,2023-10,2072,7045491,1542,4569.06
2023,10,1,2023-10,2073,5572403,902,6177.83
2023,10,1,2023-10,2074,6349491,1254,5063.39
2023,10,1,2023-10,2075,11099171,1513,7335.87
2023,10,1,2023-10,2076,12489197,2014,6201.19
2023,10,1,2023-10,2077,11305846,1842,6137.81
2023,10,1,2023-10,2078,9393213,1745,5382.93
2023,10,1,2023-10,2079,6152351,1453,4234.24
2023,10,1,2023-10,2080,7984834,1923,4152.28
2023,10,1,2023-10,2081,5760610,1026,5614.63
2023,10,1,2023-10,2082,4086243,930,4393.81
2023,10,1,2023-10,2083,6833458,1079,6333.14
2023,10,1,2023-10,2084,15442337,2148,7189.17
2023,11,1,2023-11,1,14371580,2010,7150.04
2023,11,1,2023-11,2,11247976,2368,4749.99
2023,11,1,2023-11,3,7383472,1669,4423.89
2023,11,1,2023-11,4,9941143,1974,5036.04
2023,11,1,2023-11,5,7205362,1721,4186.73
2023,11,1,2023-11,6,9723084,1634,5950.48
2023,11,1,2023-11,7,15076019,2039,7393.83
2023,11,1,2023-11,8,3515480,849,4140.73
2023,11,1,2023-11,9,4939759,1100,4490.69
2023,11,1,2023-11,10,10552838,1875,5628.18
2023,11,1,2023-11,11,8341984,1115,7481.6
2023,11,1,2023-11,12,11565033,2211,5230.68
2023,11,1,2023-11,13,3634465,620,5862.04
2023,11,1,2023-11,14,9505760,2276,4176.52
2023,11,1,2023-11,15,8905503,1936,4599.95
2023,11,1,2023-11,16,14169345,1863,7605.66
2023,11,1,2023-11,17,7730922,1030,7505.75
2023,11,1,2023-11,18,6977730,1736,4019.43
2023,11,1,2023-11,19,12710414,1709,7437.34
2023,11,1,2023-11,20,7935913,1253,6333.53
2023,11,1,2023-11,21,15215468,2125,7160.22
2023,11,1,2023-11,22,8659214,1523,5685.63
2023,11,1,2023-11,23,7106112,1200,5921.76
2023,11,1,2023-11,24,10928877,1867,5853.71
2023,11,1,2023-11,25,10987532,1697,6474.68
2023,11,1,2023-11,26,5309009,1161,4572.79
2023,11,1,2023-11,27,8277798,2020,4097.92
2023,11,1,2023-11,28,5959888,1146,5200.6
2023,11,1,2023-11,29,14753257,2235,6601.01
2023,11,1,2023-11,30,3900625,820,4756.86
2023,11,1,2023-11,31,6770152,1049,6453.91
2023,11,1,2023-11,32,10933408,1455,7514.37
2023,11,1,2023-11,33,7094449,1626,4363.13
2023,11,1,2023-11,34,7313839,1148,6370.94
2023,11,1,2023-11,35,9054069,1622,5582.04
2023,11,1,2023-11,36,8841307,1244,7107.16
2023,11,1,2023-11,37,10381585,2261,4591.59
2023,11,1,2023-11,38,9602994,1484,6471.02
2023,11,1,2023-11,39,13418196,1892,7092.07
2023,11,1,2023-11,40,6512564,875,7442.93
2023,11,1,2023-11,41,10851578,1684,6443.93
2023,11,1,2023-11,42,8960394,1547,5792.11
2023,11,1,2023-11,43,10334732,1638,6309.36
2023,11,1,2023-11,44,9712178,1348,7204.88
2023,11,1,2023-11,45,12134361,1993,6088.49
2023,11,1,2023-11,46,6616328,1572,4208.86
2023,11,1,2023-11,47,14815018,2019,7337.8
2023,11,1,2023-11,48,8932784,1370,6520.28
2023,11,1,2023-11,49,5610362,877,6397.22
2023,11,1,2023-11,50,6606644,1376,4801.34
2023,11,1,2023-11,51,4852625,758,6401.88
2023,11,1,2023-11,52,9648652,1794,5378.29
2023,11,1,2023-11,53,6483170,1013,6399.97
2023,11,1,2023-11,54,7099631,1591,4462.37
2023,11,1,2023-11,55,6944907,1078,6442.4
2023,11,1,2023-11,56,5320334,689,7721.82
2023,11,1,2023-11,57,4658013,1099,4238.41
2023,11,1,2023-11,58,12484617,1657,7534.47
2023,11,1,2023-11,59,10846363,1998,5428.61
2023,11,1,2023-11,60,11702295,1631,7174.92
2023,11,1,2023-11,61,11680529,1701,6866.86
2023,11,1,2023-11,62,13147129,2187,6011.49
2023,11,1,2023-11,63,6099999,914,6673.96
2023,11,1,2023-11,64,15987738,2225,7185.5
2023,11,1,2023-11,65,9110202,1652,5514.65
2023,11,1,2023-11,66,13176957,2508,5253.97
2023,11,1,2023-11,67,14051801,2193,6407.57
2023,11,1,2023-11,68,9648921,1390,6941.67
2023,11,1,2023-11,69,10112016,1488,6795.71
2023,11,1,2023-11,70,4946015,718,6888.6
2023,11,1,2023-11,71,6684228,1197,5584.15
2023,11,1,2023-11,72,13048652,1864,7000.35
2023,11,1,2023-11,73,9755369,2183,4468.79
2023,11,1,2023-11,74,10872826,1831,5938.19
2023,11,1,2023-11,75,8693271,2105,4129.82
2023,11,1,2023-11,76,12631477,2449,5157.81
2023,11,1,2023-11,77,7958424,1487,5352
2023,11,1,2023-11,78,12295506,2245,5476.84
2023,11,1,2023-11,79,14177987,2164,6551.75
2023,11,1,2023-11,80,8436340,1550,5442.8
2023,11,1,2023-11,81,6488627,1176,5517.54
2023,11,1,2023-11,82,6255387,1286,4864.22
2023,11,1,2023-11,83,5285963,980,5393.84
2023,11,1,2023-11,84,4397932,906,4854.23
2023,11,1,2023-11,85,8451556,1951,4331.91
2023,11,1,2023-11,86,6161110,986,6248.59
2023,11,1,2023-11,87,9885254,1531,6456.73
2023,11,1,2023-11,88,14029679,2253,6227.11
2023,11,1,2023-11,89,6893772,1214,5678.56
2023,11,1,2023-11,90,13150877,2401,5477.25
2023,11,1,2023-11,91,14964835,2101,7122.72
2023,11,1,2023-11,92,10856432,1841,5897.03
2023,11,1,2023-11,93,5961005,1031,5781.77
2023,11,1,2023-11,94,6493427,1548,4194.72
2023,11,1,2023-11,95,5680282,1087,5225.65
2023,11,1,2023-11,96,8354385,1552,5382.98
2023,11,1,2023-11,97,9913757,1836,5399.65
2023,11,1,2023-11,98,10472064,1715,6106.16
2023,11,1,2023-11,99,6241784,1044,5978.72
2023,11,1,2023-11,100,10078494,1625,6202.15
2023,11,1,2023-11,101,6522310,951,6858.37
2023,11,1,2023-11,102,6344054,912,6956.2
2023,11,1,2023-11,103,7347618,1112,6607.57
2023,11,1,2023-11,104,13414412,1802,7444.18
2023,11,1,2023-11,105,7365427,1818,4051.39
2023,11,1,2023-11,106,3381481,713,4742.61
2023,11,1,2023-11,107,3104773,759,4090.61
2023,11,1,2023-11,108,7777969,1224,6354.55
2023,11,1,2023-11,109,16818706,2315,7265.1
2023,11,1,2023-11,110,9377884,1919,4886.86
2023,11,1,2023-11,111,11157869,1528,7302.27
2023,11,1,2023-11,112,9759176,2292,4257.93
2023,11,1,2023-11,113,15003725,2029,7394.64
2023,11,1,2023-11,114,10898468,2058,5295.66
2023,11,1,2023-11,115,5695885,1289,4418.84
2023,11,1,2023-11,116,8098183,1392,5817.66
2023,11,1,2023-11,117,5649209,1130,4999.3
2023,11,1,2023-11,118,5496416,1077,5103.45
2023,11,1,2023-11,119,6171112,1189,5190.17
2023,11,1,2023-11,120,7305472,1053,6937.77
2023,11,1,2023-11,121,11289397,1885,5989.07
2023,11,1,2023-11,122,3735658,712,5246.71
2023,11,1,2023-11,123,11955074,1909,6262.48
2023,11,1,2023-11,124,6350386,967,6567.1
2023,11,1,2023-11,125,4759538,964,4937.28
2023,11,1,2023-11,126,8413708,1526,5513.57
2023,11,1,2023-11,127,7230957,1603,4510.89
2023,11,1,2023-11,128,8935076,1886,4737.58
2023,11,1,2023-11,129,11331477,1764,6423.74
2023,11,1,2023-11,130,6137307,1298,4728.28
2023,11,1,2023-11,131,6929956,1160,5974.1
2023,11,1,2023-11,132,9342510,1414,6607.15
2023,11,1,2023-11,133,3331462,749,4447.88
2023,11,1,2023-11,134,9101385,1500,6067.59
2023,11,1,2023-11,135,7073519,1431,4943.06
2023,11,1,2023-11,136,12523830,1665,7521.82
2023,11,1,2023-11,137,7471250,1288,5800.66
2023,11,1,2023-11,138,15025101,2174,6911.27
2023,11,1,2023-11,139,9852120,1608,6126.94
2023,11,1,2023-11,140,6888194,1666,4134.57
2023,11,1,2023-11,141,13805786,2192,6298.26
2023,11,1,2023-11,142,9107627,1229,7410.6
2023,11,1,2023-11,143,9052866,1457,6213.36
2023,11,1,2023-11,144,8324473,1209,6885.42
2023,11,1,2023-11,145,11961239,1647,7262.44
2023,11,1,2023-11,146,7557211,1540,4907.28
2023,11,1,2023-11,147,5703091,1184,4816.8
2023,11,1,2023-11,148,6060171,975,6215.56
2023,11,1,2023-11,149,9902555,1785,5547.65
2023,11,1,2023-11,150,12527527,1774,7061.74
2023,11,1,2023-11,151,15244805,2087,7304.65
2023,11,1,2023-11,152,8083555,1524,5304.17
2023,11,1,2023-11,153,6922413,1417,4885.26
2023,11,1,2023-11,154,13161328,1912,6883.54
2023,11,1,2023-11,155,6782014,1341,5057.43
2023,11,1,2023-11,156,12929345,1853,6977.52
2023,11,1,2023-11,157,3469118,622,5577.36
2023,11,1,2023-11,158,7689217,1194,6439.88
2023,11,1,2023-11,159,9560208,2168,4409.69
2023,11,1,2023-11,160,6079344,960,6332.65
2023,11,1,2023-11,161,7694367,1363,5645.17
2023,11,1,2023-11,162,11799016,1930,6113.48
2023,11,1,2023-11,163,5582488,1198,4659.84
2023,11,1,2023-11,164,11919105,1791,6655
2023,11,1,2023-11,165,7690339,1085,7087.87
2023,11,1,2023-11,166,9333448,1918,4866.24
2023,11,1,2023-11,167,8551447,1954,4376.38
2023,11,1,2023-11,168,7492533,1851,4047.83
2023,11,1,2023-11,169,8808488,1381,6378.34
2023,11,1,2023-11,170,8946923,1444,6195.93
2023,11,1,2023-11,171,8550823,1419,6025.95
2023,11,1,2023-11,172,8573729,1741,4924.6
2023,11,1,2023-11,173,8112710,1488,5452.09
2023,11,1,2023-11,174,10334283,1700,6078.99
2023,11,1,2023-11,175,10640931,1856,5733.26
2023,11,1,2023-11,176,16116099,2136,7544.99
2023,11,1,2023-11,177,9875642,2179,4532.19
2023,11,1,2023-11,178,14379718,2184,6584.12
2023,11,1,2023-11,179,13172412,2393,5504.56
2023,11,1,2023-11,180,12095160,2124,5694.52
2023,11,1,2023-11,181,6870350,1050,6543.19
2023,11,1,2023-11,182,13234525,2028,6525.9
2023,11,1,2023-11,183,16837910,2225,7567.6
2023,11,1,2023-11,184,10004225,2215,4516.58
2023,11,1,2023-11,185,8708341,1936,4498.11
2023,11,1,2023-11,186,10268840,1529,6716.05
2023,11,1,2023-11,187,7308106,1195,6115.57
2023,11,1,2023-11,188,9264580,1829,5065.38
2023,11,1,2023-11,189,9067952,2089,4340.81
2023,11,1,2023-11,190,9143820,2124,4305
2023,11,1,2023-11,191,11043486,1525,7241.63
2023,11,1,2023-11,192,10861214,2306,4709.98
2023,11,1,2023-11,193,10674656,2053,5199.54
2023,11,1,2023-11,194,7642315,1586,4818.61
2023,11,1,2023-11,195,5806618,1091,5322.29
2023,11,1,2023-11,196,9911091,2300,4309.17
2023,11,1,2023-11,197,12613409,2126,5932.93
2023,11,1,2023-11,198,6273614,1458,4302.89
2023,11,1,2023-11,199,9415238,1349,6979.42
2023,11,1,2023-11,200,10758528,2160,4980.8
2023,11,1,2023-11,201,13643522,2290,5957.87
2023,11,1,2023-11,202,15958733,2206,7234.24
2023,11,1,2023-11,203,13302969,2057,6467.17
2023,11,1,2023-11,204,7566573,1262,5995.7
2023,11,1,2023-11,205,8082357,1543,5238.08
2023,11,1,2023-11,206,9402300,1824,5154.77
2023,11,1,2023-11,207,14372340,2241,6413.36
2023,11,1,2023-11,208,17713058,2337,7579.4
2023,11,1,2023-11,209,12785340,1975,6473.59
2023,11,1,2023-11,210,9388410,1563,6006.66
2023,11,1,2023-11,211,13598875,2044,6653.07
2023,11,1,2023-11,212,8953390,1558,5746.72
2023,11,1,2023-11,213,3872262,916,4227.36
2023,11,1,2023-11,214,4696802,774,6068.22
2023,11,1,2023-11,215,12325005,1649,7474.23
2023,11,1,2023-11,216,4887402,1037,4713.02
2023,11,1,2023-11,217,10440074,1596,6541.4
2023,11,1,2023-11,218,9227122,1925,4793.31
2023,11,1,2023-11,219,7408969,1241,5970.16
2023,11,1,2023-11,220,10020500,2321,4317.32
2023,11,1,2023-11,221,10945052,1933,5662.21
2023,11,1,2023-11,222,12029427,1782,6750.52
2023,11,1,2023-11,223,8825998,1658,5323.28
2023,11,1,2023-11,224,13504138,2109,6403.1
2023,11,1,2023-11,225,8592104,1247,6890.22
2023,11,1,2023-11,226,11168291,1517,7362.09
2023,11,1,2023-11,227,10119360,2085,4853.41
2023,11,1,2023-11,228,4489159,828,5421.69
2023,11,1,2023-11,229,8517469,1848,4609.02
2023,11,1,2023-11,230,6545235,857,7637.38
2023,11,1,2023-11,231,8136344,1110,7330.04
2023,11,1,2023-11,232,9897710,1659,5966.07
2023,11,1,2023-11,233,8255135,1164,7092.04
2023,11,1,2023-11,234,6050865,1017,5949.72
2023,11,1,2023-11,235,12733329,2026,6284.96
2023,11,1,2023-11,236,4090655,933,4384.41
2023,11,1,2023-11,237,11777695,1740,6768.79
2023,11,1,2023-11,238,6200138,1367,4535.58
2023,11,1,2023-11,239,6233675,897,6949.47
2023,11,1,2023-11,240,9780472,1412,6926.68
2023,11,1,2023-11,241,12232915,1856,6591.01
2023,11,1,2023-11,242,7833805,1861,4209.46
2023,11,1,2023-11,243,5039726,989,5095.78
2023,11,1,2023-11,244,10266265,2062,4978.79
2023,11,1,2023-11,245,6110419,1142,5350.63
2023,11,1,2023-11,246,9594146,2242,4279.28
2023,11,1,2023-11,247,9367939,1274,7353.17
2023,11,1,2023-11,248,8401737,1402,5992.68
2023,11,1,2023-11,249,8876647,1747,5081.08
2023,11,1,2023-11,250,6946925,1270,5470.02
2023,11,1,2023-11,251,12303632,2181,5641.28
2023,11,1,2023-11,252,5524490,883,6256.5
2023,11,1,2023-11,253,11140316,1908,5838.74
2023,11,1,2023-11,254,12884420,1755,7341.55
2023,11,1,2023-11,255,7852934,1358,5782.72
2023,11,1,2023-11,256,12810671,1705,7513.59
2023,11,1,2023-11,257,9135275,1284,7114.7
2023,11,1,2023-11,258,5338308,1107,4822.32
2023,11,1,2023-11,259,11493135,1554,7395.84
2023,11,1,2023-11,260,6121310,1390,4403.82
2023,11,1,2023-11,261,8225391,1180,6970.67
2023,11,1,2023-11,262,4895773,901,5433.71
2023,11,1,2023-11,263,15607987,2160,7225.92
2023,11,1,2023-11,264,15492811,2159,7175.92
2023,11,1,2023-11,265,7840328,1125,6969.18
2023,11,1,2023-11,266,5955554,861,6917.02
2023,11,1,2023-11,267,5207144,1013,5140.32
2023,11,1,2023-11,268,6438095,1477,4358.9
2023,11,1,2023-11,269,10012305,1810,5531.66
2023,11,1,2023-11,270,7528393,1607,4684.75
2023,11,1,2023-11,271,6109367,928,6583.37
2023,11,1,2023-11,272,8511285,1599,5322.88
2023,11,1,2023-11,273,13978648,1863,7503.3
2023,11,1,2023-11,274,5857253,933,6277.87
2023,11,1,2023-11,275,9870865,1413,6985.75
2023,11,1,2023-11,276,8014910,1794,4467.62
2023,11,1,2023-11,277,13510990,1895,7129.81
2023,11,1,2023-11,278,13136037,1789,7342.67
2023,11,1,2023-11,279,5208340,891,5845.5
2023,11,1,2023-11,280,12601683,2021,6235.37
2023,11,1,2023-11,281,13413861,1966,6822.92
2023,11,1,2023-11,282,7263081,1562,4649.86
2023,11,1,2023-11,283,6165350,1043,5911.17
2023,11,1,2023-11,284,10741855,1949,5511.47
2023,11,1,2023-11,285,5144796,1121,4589.47
2023,11,1,2023-11,286,4988457,945,5278.79
2023,11,1,2023-11,287,3257985,750,4343.98
2023,11,1,2023-11,288,7388274,1751,4219.46
2023,11,1,2023-11,289,6311279,1393,4530.71
2023,11,1,2023-11,290,8978795,1199,7488.57
2023,11,1,2023-11,291,13715782,2291,5986.81
2023,11,1,2023-11,292,16457633,2217,7423.38
2023,11,1,2023-11,293,5772772,1037,5566.8
2023,11,1,2023-11,294,5120573,978,5235.76
2023,11,1,2023-11,295,11937201,2022,5903.66
2023,11,1,2023-11,296,9668665,1732,5582.37
2023,11,1,2023-11,297,5032239,1144,4398.81
2023,11,1,2023-11,298,13327518,2072,6432.2
2023,11,1,2023-11,299,4725389,990,4773.12
2023,11,1,2023-11,300,5356140,860,6228.07
2023,11,1,2023-11,301,11703548,1843,6350.27
2023,11,1,2023-11,302,6005852,1326,4529.3
2023,11,1,2023-11,303,5464198,1288,4242.39
2023,11,1,2023-11,304,10783998,1583,6812.38
2023,11,1,2023-11,305,11303649,2001,5649
2023,11,1,2023-11,306,6903936,1600,4314.96
2023,11,1,2023-11,307,7449906,987,7548.03
2023,11,1,2023-11,308,6477346,1525,4247.44
2023,11,1,2023-11,309,6620055,1020,6490.25
2023,11,1,2023-11,310,14573681,1930,7551.13
2023,11,1,2023-11,311,6988853,1438,4860.12
2023,11,1,2023-11,312,10198304,2237,4558.92
2023,11,1,2023-11,313,8339060,1855,4495.45
2023,11,1,2023-11,314,9322674,1795,5193.69
2023,11,1,2023-11,315,5302051,1210,4381.86
2023,11,1,2023-11,316,7561322,1147,6592.26
2023,11,1,2023-11,317,8416456,1988,4233.63
2023,11,1,2023-11,318,9920250,1694,5856.11
2023,11,1,2023-11,319,8209171,1068,7686.49
2023,11,1,2023-11,320,13121642,1852,7085.12
2023,11,1,2023-11,321,8077637,1278,6320.53
2023,11,1,2023-11,322,10847272,2114,5131.16
2023,11,1,2023-11,323,11104820,1763,6298.82
2023,11,1,2023-11,324,9518871,1597,5960.47
2023,11,1,2023-11,325,4439860,795,5584.73
2023,11,1,2023-11,326,3047817,682,4468.94
2023,11,1,2023-11,327,17432598,2413,7224.45
2023,11,1,2023-11,328,7782139,1382,5631.07
2023,11,1,2023-11,329,5624667,1197,4698.97
2023,11,1,2023-11,330,10667006,1995,5346.87
2023,11,1,2023-11,331,4244161,766,5540.68
2023,11,1,2023-11,332,8048816,1142,7048
2023,11,1,2023-11,333,14017683,2106,6656.07
2023,11,1,2023-11,334,10947785,1612,6791.43
2023,11,1,2023-11,335,3702490,898,4123.04
2023,11,1,2023-11,336,8897814,1607,5536.91
2023,11,1,2023-11,337,10046304,1737,5783.71
2023,11,1,2023-11,338,5363615,1302,4119.52
2023,11,1,2023-11,339,8677997,1741,4984.49
2023,11,1,2023-11,340,11387300,1696,6714.21
2023,11,1,2023-11,341,5855476,1289,4542.65
2023,11,1,2023-11,342,7963107,1322,6023.53
2023,11,1,2023-11,343,9536356,1977,4823.65
2023,11,1,2023-11,344,6740538,1663,4053.24
2023,11,1,2023-11,345,3840962,772,4975.34
2023,11,1,2023-11,346,14366258,1899,7565.17
2023,11,1,2023-11,347,15187884,2187,6944.62
2023,11,1,2023-11,348,6539320,871,7507.83
2023,11,1,2023-11,349,7374756,1285,5739.11
2023,11,1,2023-11,350,7569690,1694,4468.53
2023,11,1,2023-11,351,13346872,2200,6066.76
2023,11,1,2023-11,352,6970397,1234,5648.62
2023,11,1,2023-11,353,5357737,768,6976.22
2023,11,1,2023-11,354,9592078,2173,4414.21
2023,11,1,2023-11,355,5798443,1001,5792.65
2023,11,1,2023-11,356,9578093,2122,4513.71
2023,11,1,2023-11,357,7176170,1371,5234.26
2023,11,1,2023-11,358,6530407,974,6704.73
2023,11,1,2023-11,359,5636098,992,5681.55
2023,11,1,2023-11,360,7856539,1435,5474.94
2023,11,1,2023-11,361,10568442,1925,5490.1
2023,11,1,2023-11,362,9772120,1744,5603.28
2023,11,1,2023-11,363,11482179,1667,6887.93
2023,11,1,2023-11,364,15243093,2097,7269
2023,11,1,2023-11,365,7605783,1011,7523.03
2023,11,1,2023-11,366,7690287,1126,6829.74
2023,11,1,2023-11,367,9344058,1793,5211.41
2023,11,1,2023-11,368,12495283,1924,6494.43
2023,11,1,2023-11,369,10718152,1919,5585.28
2023,11,1,2023-11,370,10391903,2113,4918.08
2023,11,1,2023-11,371,15866088,2278,6964.92
2023,11,1,2023-11,372,3464032,823,4209.03
2023,11,1,2023-11,373,6522910,899,7255.74
2023,11,1,2023-11,374,7411744,1330,5572.74
2023,11,1,2023-11,375,7522280,1189,6326.56
2023,11,1,2023-11,376,12566697,1947,6454.39
2023,11,1,2023-11,377,10368648,1443,7185.48
2023,11,1,2023-11,378,9509286,1512,6289.21
2023,11,1,2023-11,379,11499455,1837,6259.91
2023,11,1,2023-11,380,6872753,1648,4170.36
2023,11,1,2023-11,381,10809816,1840,5874.9
2023,11,1,2023-11,382,3513926,764,4599.38
2023,11,1,2023-11,383,7853950,1180,6655.89
2023,11,1,2023-11,384,13114696,2254,5818.41
2023,11,1,2023-11,385,10632480,1656,6420.58
2023,11,1,2023-11,386,8631030,2093,4123.76
2023,11,1,2023-11,387,9170881,2122,4321.81
2023,11,1,2023-11,388,6067810,912,6653.3
2023,11,1,2023-11,389,9576715,2171,4411.2
2023,11,1,2023-11,390,7505461,1744,4303.59
2023,11,1,2023-11,391,9644928,2338,4125.29
2023,11,1,2023-11,392,13283912,1790,7421.18
2023,11,1,2023-11,393,9189256,1395,6587.28
2023,11,1,2023-11,394,9625434,1785,5392.4
2023,11,1,2023-11,395,6735735,1326,5079.74
2023,11,1,2023-11,396,7215114,1354,5328.74
2023,11,1,2023-11,397,11541470,1692,6821.2
2023,11,1,2023-11,398,10533336,1632,6454.25
2023,11,1,2023-11,399,4452446,937,4751.81
2023,11,1,2023-11,400,7032034,1502,4681.78
2023,11,1,2023-11,401,2667463,604,4416.33
2023,11,1,2023-11,402,7196707,1114,6460.24
2023,11,1,2023-11,403,6880581,1018,6758.92
2023,11,1,2023-11,404,6335139,1251,5064.06
2023,11,1,2023-11,405,5702045,1394,4090.42
2023,11,1,2023-11,406,8562773,1971,4344.38
2023,11,1,2023-11,407,9754458,1295,7532.4
2023,11,1,2023-11,408,10315115,2051,5029.31
2023,11,1,2023-11,409,12081787,1762,6856.86
2023,11,1,2023-11,410,14080075,2235,6299.81
2023,11,1,2023-11,411,8484667,1526,5560.07
2023,11,1,2023-11,412,7927872,1626,4875.69
2023,11,1,2023-11,413,6671464,1489,4480.5
2023,11,1,2023-11,414,5223855,826,6324.28
2023,11,1,2023-11,415,8243112,1203,6852.13
2023,11,1,2023-11,416,12727735,2002,6357.51
2023,11,1,2023-11,417,12695582,2164,5866.72
2023,11,1,2023-11,418,4129107,999,4133.24
2023,11,1,2023-11,419,8062013,1074,7506.53
2023,11,1,2023-11,420,7159696,1041,6877.71
2023,11,1,2023-11,421,10594638,2076,5103.39
2023,11,1,2023-11,422,8567835,1126,7609.09
2023,11,1,2023-11,423,8661735,1389,6235.95
2023,11,1,2023-11,424,10845140,1779,6096.2
2023,11,1,2023-11,425,12561492,1858,6760.76
2023,11,1,2023-11,426,13141147,1903,6905.49
2023,11,1,2023-11,427,7824325,1234,6340.62
2023,11,1,2023-11,428,6091309,1347,4522.13
2023,11,1,2023-11,429,8908679,1707,5218.91
2023,11,1,2023-11,430,6643834,906,7333.15
2023,11,1,2023-11,431,9690892,1980,4894.39
2023,11,1,2023-11,432,9320323,1724,5406.22
2023,11,1,2023-11,433,4620730,829,5573.86
2023,11,1,2023-11,434,10178105,1836,5543.63
2023,11,1,2023-11,435,11557009,1863,6203.44
2023,11,1,2023-11,436,12072279,1609,7502.97
2023,11,1,2023-11,437,7708037,1557,4950.57
2023,11,1,2023-11,438,7795464,1715,4545.46
2023,11,1,2023-11,439,7165417,1504,4764.24
2023,11,1,2023-11,440,15046412,2090,7199.24
2023,11,1,2023-11,441,5186061,811,6394.65
2023,11,1,2023-11,442,8212236,1602,5126.24
2023,11,1,2023-11,443,11728532,1690,6939.96
2023,11,1,2023-11,444,12226039,1724,7091.67
2023,11,1,2023-11,445,12562054,1794,7002.26
2023,11,1,2023-11,446,7908972,1084,7296.1
2023,11,1,2023-11,447,4610026,926,4978.43
2023,11,1,2023-11,448,9256302,1378,6717.2
2023,11,1,2023-11,449,10820379,1887,5734.17
2023,11,1,2023-11,450,9650342,1351,7143.11
2023,11,1,2023-11,451,5925435,891,6650.32
2023,11,1,2023-11,452,10386464,1523,6819.74
2023,11,1,2023-11,453,12151090,1894,6415.57
2023,11,1,2023-11,454,8919536,1916,4655.29
2023,11,1,2023-11,455,9824108,1647,5964.85
2023,11,1,2023-11,456,15713248,2085,7536.33
2023,11,1,2023-11,457,6227466,848,7343.71
2023,11,1,2023-11,458,6244445,1472,4242.15
2023,11,1,2023-11,459,9042930,1960,4613.74
2023,11,1,2023-11,460,9912430,2170,4567.94
2023,11,1,2023-11,461,12088587,1814,6664.05
2023,11,1,2023-11,462,13843588,1987,6967.08
2023,11,1,2023-11,463,7240581,1494,4846.44
2023,11,1,2023-11,464,7456308,1283,5811.62
2023,11,1,2023-11,465,11406130,1626,7014.84
2023,11,1,2023-11,466,14243902,2127,6696.71
2023,11,1,2023-11,467,11835157,2011,5885.21
2023,11,1,2023-11,468,7948042,1291,6156.5
2023,11,1,2023-11,469,8286667,1407,5889.6
2023,11,1,2023-11,470,10762108,2082,5169.12
2023,11,1,2023-11,471,9513198,1551,6133.59
2023,11,1,2023-11,472,13315871,2048,6501.89
2023,11,1,2023-11,473,13026826,1809,7201.12
2023,11,1,2023-11,474,7527909,1198,6283.73
2023,11,1,2023-11,475,14388749,2133,6745.78
2023,11,1,2023-11,476,6379794,1363,4680.7
2023,11,1,2023-11,477,8962482,1574,5694.08
2023,11,1,2023-11,478,5972539,1461,4087.98
2023,11,1,2023-11,479,3539428,725,4881.97
2023,11,1,2023-11,480,13641667,2048,6660.97
2023,11,1,2023-11,481,7074654,928,7623.55
2023,11,1,2023-11,482,10735222,2421,4434.21
2023,11,1,2023-11,483,10571523,1948,5426.86
2023,11,1,2023-11,484,13691185,1970,6949.84
2023,11,1,2023-11,485,6964400,1472,4731.25
2023,11,1,2023-11,486,12268425,2035,6028.71
2023,11,1,2023-11,487,13871146,2104,6592.75
2023,11,1,2023-11,488,11517803,1846,6239.33
2023,11,1,2023-11,489,8282009,1772,4673.82
2023,11,1,2023-11,490,8093037,1528,5296.49
2023,11,1,2023-11,491,5794592,846,6849.4
2023,11,1,2023-11,492,11279152,1860,6064.06
2023,11,1,2023-11,493,7932939,1934,4101.83
2023,11,1,2023-11,494,8158610,1225,6660.09
2023,11,1,2023-11,495,7966788,1895,4204.11
2023,11,1,2023-11,496,12028925,1790,6720.07
2023,11,1,2023-11,497,4645747,979,4745.4
2023,11,1,2023-11,498,8885706,1196,7429.52
2023,11,1,2023-11,499,5481971,1023,5358.72
2023,11,1,2023-11,500,7096161,1358,5225.45
2023,11,1,2023-11,501,6462271,1406,4596.21
2023,11,1,2023-11,502,11229636,2189,5130.03
2023,11,1,2023-11,503,13762133,1948,7064.75
2023,11,1,2023-11,504,8576927,1131,7583.49
2023,11,1,2023-11,505,4109623,774,5309.59
2023,11,1,2023-11,506,7935610,1382,5742.12
2023,11,1,2023-11,507,13648987,2059,6628.94
2023,11,1,2023-11,508,10136846,1399,7245.78
2023,11,1,2023-11,509,11446604,1848,6194.05
2023,11,1,2023-11,510,11454514,2098,5459.73
2023,11,1,2023-11,511,8088499,1470,5502.38
2023,11,1,2023-11,512,8492066,1305,6507.33
2023,11,1,2023-11,513,5924284,1493,3968.04
2023,11,1,2023-11,514,10258539,1637,6266.67
2023,11,1,2023-11,515,10192107,1912,5330.6
2023,11,1,2023-11,516,9221491,1340,6881.71
2023,11,1,2023-11,517,8210648,1872,4386.03
2023,11,1,2023-11,518,10219454,1677,6093.89
2023,11,1,2023-11,519,6557269,1140,5751.99
2023,11,1,2023-11,520,3604283,571,6312.23
2023,11,1,2023-11,521,5700820,1323,4309.01
2023,11,1,2023-11,522,9125919,1491,6120.67
2023,11,1,2023-11,523,4204731,698,6023.97
2023,11,1,2023-11,524,12302754,2036,6042.61
2023,11,1,2023-11,525,8446018,1372,6155.99
2023,11,1,2023-11,526,9614922,1491,6448.64
2023,11,1,2023-11,527,7344702,1057,6948.63
2023,11,1,2023-11,528,7649542,1545,4951.16
2023,11,1,2023-11,529,10221281,1462,6991.3
2023,11,1,2023-11,530,12130940,2094,5793.19
2023,11,1,2023-11,531,9309868,2184,4262.76
2023,11,1,2023-11,532,10373843,2390,4340.52
2023,11,1,2023-11,533,10272027,1939,5297.59
2023,11,1,2023-11,534,13674775,2004,6823.74
2023,11,1,2023-11,535,7966074,1214,6561.84
2023,11,1,2023-11,536,7937874,1172,6772.93
2023,11,1,2023-11,537,5712540,981,5823.18
2023,11,1,2023-11,538,11282470,2026,5568.84
2023,11,1,2023-11,539,8303787,1816,4572.57
2023,11,1,2023-11,540,5621145,1078,5214.42
2023,11,1,2023-11,541,8093153,1442,5612.45
2023,11,1,2023-11,542,3779218,860,4394.44
2023,11,1,2023-11,543,6578560,1357,4847.87
2023,11,1,2023-11,544,9429971,1537,6135.31
2023,11,1,2023-11,545,4695959,702,6689.4
2023,11,1,2023-11,546,11202527,1466,7641.56
2023,11,1,2023-11,547,11284045,1533,7360.76
2023,11,1,2023-11,548,11166484,1784,6259.24
2023,11,1,2023-11,549,9663365,1724,5605.2
2023,11,1,2023-11,550,8410242,1330,6323.49
2023,11,1,2023-11,551,5921142,880,6728.57
2023,11,1,2023-11,552,6388564,1400,4563.26
2023,11,1,2023-11,553,11693402,2130,5489.86
2023,11,1,2023-11,554,11121201,1554,7156.5
2023,11,1,2023-11,555,10767270,1981,5435.27
2023,11,1,2023-11,556,7783334,1280,6080.73
2023,11,1,2023-11,557,13282253,2158,6154.89
2023,11,1,2023-11,558,9591848,2052,4674.39
2023,11,1,2023-11,559,8010536,1499,5343.92
2023,11,1,2023-11,560,11790423,2211,5332.62
2023,11,1,2023-11,561,7754216,1891,4100.59
2023,11,1,2023-11,562,7213904,1735,4157.87
2023,11,1,2023-11,563,9674779,1385,6985.4
2023,11,1,2023-11,564,11469648,2287,5015.15
2023,11,1,2023-11,565,6597321,1102,5986.68
2023,11,1,2023-11,566,8806583,1714,5138.03
2023,11,1,2023-11,567,8095340,1088,7440.57
2023,11,1,2023-11,568,8042363,1616,4976.71
2023,11,1,2023-11,569,10881782,1908,5703.24
2023,11,1,2023-11,570,12227804,1717,7121.61
2023,11,1,2023-11,571,11599228,1661,6983.28
2023,11,1,2023-11,572,3978811,831,4787.98
2023,11,1,2023-11,573,8779703,1273,6896.86
2023,11,1,2023-11,574,11096676,1946,5702.3
2023,11,1,2023-11,575,3404456,582,5849.58
2023,11,1,2023-11,576,9131912,2010,4543.24
2023,11,1,2023-11,577,5078899,1145,4435.72
2023,11,1,2023-11,578,7112442,1069,6653.36
2023,11,1,2023-11,579,9273449,1602,5788.67
2023,11,1,2023-11,580,9077854,1650,5501.73
2023,11,1,2023-11,581,13966024,2095,6666.36
2023,11,1,2023-11,582,5872406,879,6680.78
2023,11,1,2023-11,583,6504588,1405,4629.6
2023,11,1,2023-11,584,8413086,1337,6292.51
2023,11,1,2023-11,585,8367113,1847,4530.11
2023,11,1,2023-11,586,7009070,1040,6739.49
2023,11,1,2023-11,587,9317779,1448,6434.93
2023,11,1,2023-11,588,14463516,1930,7494.05
2023,11,1,2023-11,589,4206899,968,4345.97
2023,11,1,2023-11,590,5206703,1225,4250.37
2023,11,1,2023-11,591,5464229,1103,4953.97
2023,11,1,2023-11,592,10180871,2022,5035.05
2023,11,1,2023-11,593,4161288,846,4918.78
2023,11,1,2023-11,594,6795369,938,7244.53
2023,11,1,2023-11,595,5409571,1092,4953.82
2023,11,1,2023-11,596,7334553,1459,5027.11
2023,11,1,2023-11,597,10647036,1583,6725.86
2023,11,1,2023-11,598,11605731,2074,5595.82
2023,11,1,2023-11,599,10920614,1596,6842.49
2023,11,1,2023-11,600,9881202,2329,4242.68
2023,11,1,2023-11,601,4890077,844,5793.93
2023,11,1,2023-11,602,6929234,1656,4184.32
2023,11,1,2023-11,603,7991010,1852,4314.8
2023,11,1,2023-11,604,13822890,1873,7380.08
2023,11,1,2023-11,605,6199967,1361,4555.45
2023,11,1,2023-11,606,11011676,1857,5929.82
2023,11,1,2023-11,607,8553144,1530,5590.29
2023,11,1,2023-11,608,9837998,1844,5335.14
2023,11,1,2023-11,609,16732570,2302,7268.71
2023,11,1,2023-11,610,7870903,1903,4136.05
2023,11,1,2023-11,611,13499872,2103,6419.34
2023,11,1,2023-11,612,9309336,1242,7495.44
2023,11,1,2023-11,613,12334722,2041,6043.47
2023,11,1,2023-11,614,6482144,882,7349.37
2023,11,1,2023-11,615,8291151,1958,4234.5
2023,11,1,2023-11,616,13217863,2351,5622.23
2023,11,1,2023-11,617,8531173,1727,4939.88
2023,11,1,2023-11,618,7648763,1151,6645.32
2023,11,1,2023-11,619,14212590,1892,7511.94
2023,11,1,2023-11,620,6956804,1387,5015.72
2023,11,1,2023-11,621,11590140,1805,6421.13
2023,11,1,2023-11,622,9098922,1937,4697.43
2023,11,1,2023-11,623,14102558,2360,5975.66
2023,11,1,2023-11,624,8706873,1516,5743.32
2023,11,1,2023-11,625,6951434,932,7458.62
2023,11,1,2023-11,626,8761256,1400,6258.04
2023,11,1,2023-11,627,7742461,1470,5266.98
2023,11,1,2023-11,628,6644107,1481,4486.23
2023,11,1,2023-11,629,8261463,1793,4607.62
2023,11,1,2023-11,630,9960226,2063,4828.03
2023,11,1,2023-11,631,8273419,1687,4904.22
2023,11,1,2023-11,632,8732640,1228,7111.27
2023,11,1,2023-11,633,9488560,1576,6020.66
2023,11,1,2023-11,634,11963053,2005,5966.61
2023,11,1,2023-11,635,8044218,1820,4419.9
2023,11,1,2023-11,636,12236765,1715,7135.14
2023,11,1,2023-11,637,13487195,2040,6611.37
2023,11,1,2023-11,638,3101236,723,4289.4
2023,11,1,2023-11,639,14664902,2241,6543.91
2023,11,1,2023-11,640,9903923,1656,5980.63
2023,11,1,2023-11,641,7083765,1677,4224.07
2023,11,1,2023-11,642,6748954,1195,5647.66
2023,11,1,2023-11,643,11866520,2063,5752.07
2023,11,1,2023-11,644,3848112,830,4636.28
2023,11,1,2023-11,645,15003676,2005,7483.13
2023,11,1,2023-11,646,16613735,2356,7051.67
2023,11,1,2023-11,647,7228500,1112,6500.45
2023,11,1,2023-11,648,10583732,1870,5659.75
2023,11,1,2023-11,649,12002655,2195,5468.18
2023,11,1,2023-11,650,8198991,1304,6287.57
2023,11,1,2023-11,651,7516367,1248,6022.73
2023,11,1,2023-11,652,8650050,2024,4273.74
2023,11,1,2023-11,653,5530605,937,5902.46
2023,11,1,2023-11,654,15766506,2274,6933.38
2023,11,1,2023-11,655,10339311,1818,5687.19
2023,11,1,2023-11,656,7035340,1657,4245.83
2023,11,1,2023-11,657,13028891,1874,6952.45
2023,11,1,2023-11,658,10487091,2210,4745.29
2023,11,1,2023-11,659,7144669,1411,5063.55
2023,11,1,2023-11,660,8927455,1910,4674.06
2023,11,1,2023-11,661,10785324,2057,5243.23
2023,11,1,2023-11,662,5501373,812,6775.09
2023,11,1,2023-11,663,4307433,748,5758.6
2023,11,1,2023-11,664,7565880,1587,4767.41
2023,11,1,2023-11,665,6866294,960,7152.39
2023,11,1,2023-11,666,13438740,1845,7283.87
2023,11,1,2023-11,667,17296204,2422,7141.29
2023,11,1,2023-11,668,4448265,908,4898.97
2023,11,1,2023-11,669,8519367,1506,5656.95
2023,11,1,2023-11,670,12460740,1660,7506.47
2023,11,1,2023-11,671,12474151,1840,6779.43
2023,11,1,2023-11,672,7977844,1908,4181.26
2023,11,1,2023-11,673,5912571,1413,4184.41
2023,11,1,2023-11,674,6598999,1154,5718.37
2023,11,1,2023-11,675,10670766,1471,7254.09
2023,11,1,2023-11,676,10395530,1724,6029.89
2023,11,1,2023-11,677,12714651,2176,5843.13
2023,11,1,2023-11,678,7653088,1757,4355.77
2023,11,1,2023-11,679,7343274,1152,6374.37
2023,11,1,2023-11,680,6387593,912,7003.94
2023,11,1,2023-11,681,5397812,1001,5392.42
2023,11,1,2023-11,682,9976717,1462,6824.02
2023,11,1,2023-11,683,14248148,1902,7491.14
2023,11,1,2023-11,684,9960600,2069,4814.21
2023,11,1,2023-11,685,13231946,2229,5936.27
2023,11,1,2023-11,686,9811979,1935,5070.79
2023,11,1,2023-11,687,12597060,1831,6879.88
2023,11,1,2023-11,688,10262221,1693,6061.56
2023,11,1,2023-11,689,12236552,1918,6379.85
2023,11,1,2023-11,690,7311658,1040,7030.44
2023,11,1,2023-11,691,3867207,710,5446.77
2023,11,1,2023-11,692,11166917,1526,7317.77
2023,11,1,2023-11,693,7831834,1306,5996.81
2023,11,1,2023-11,694,4875900,1047,4657.02
2023,11,1,2023-11,695,10131746,1549,6540.83
2023,11,1,2023-11,696,13468102,1970,6836.6
2023,11,1,2023-11,697,4203195,799,5260.57
2023,11,1,2023-11,698,12422660,1740,7139.46
2023,11,1,2023-11,699,14506970,1989,7293.6
2023,11,1,2023-11,700,6129753,1225,5003.88
2023,11,1,2023-11,701,12879159,1703,7562.63
2023,11,1,2023-11,702,8355833,1870,4468.36
2023,11,1,2023-11,703,9830288,2047,4802.29
2023,11,1,2023-11,704,11062098,2329,4749.72
2023,11,1,2023-11,705,15559788,2146,7250.6
2023,11,1,2023-11,706,6049314,954,6341
2023,11,1,2023-11,707,9969047,2162,4611.03
2023,11,1,2023-11,708,11836899,2093,5655.47
2023,11,1,2023-11,709,12777056,2057,6211.5
2023,11,1,2023-11,710,8446092,1925,4387.58
2023,11,1,2023-11,711,16864631,2335,7222.54
2023,11,1,2023-11,712,14935796,2163,6905.13
2023,11,1,2023-11,713,7533884,1293,5826.67
2023,11,1,2023-11,714,9494163,1267,7493.42
2023,11,1,2023-11,715,8238174,1499,5495.78
2023,11,1,2023-11,716,12996692,1716,7573.83
2023,11,1,2023-11,717,14595103,2260,6458.01
2023,11,1,2023-11,718,9569180,1503,6366.72
2023,11,1,2023-11,719,7189735,1545,4653.55
2023,11,1,2023-11,720,12582611,1744,7214.8
2023,11,1,2023-11,721,6196235,1114,5562.15
2023,11,1,2023-11,722,8537412,1861,4587.54
2023,11,1,2023-11,723,8688029,2133,4073.15
2023,11,1,2023-11,724,9080723,1486,6110.85
2023,11,1,2023-11,725,5959560,1000,5959.56
2023,11,1,2023-11,726,12553231,1892,6634.9
2023,11,1,2023-11,727,13433070,1880,7145.25
2023,11,1,2023-11,728,9307290,2142,4345.14
2023,11,1,2023-11,729,9240140,1400,6600.1
2023,11,1,2023-11,730,3839980,824,4660.17
2023,11,1,2023-11,731,9496749,1345,7060.78
2023,11,1,2023-11,732,14944237,2154,6937.9
2023,11,1,2023-11,733,12285407,2042,6016.36
2023,11,1,2023-11,734,7563582,1147,6594.23
2023,11,1,2023-11,735,7327483,1429,5127.7
2023,11,1,2023-11,736,9366083,1642,5704.07
2023,11,1,2023-11,737,5120136,731,7004.29
2023,11,1,2023-11,738,8475691,1482,5719.09
2023,11,1,2023-11,739,7794390,1462,5331.32
2023,11,1,2023-11,740,9257702,1607,5760.86
2023,11,1,2023-11,741,11626235,1664,6986.92
2023,11,1,2023-11,742,10307528,1926,5351.78
2023,11,1,2023-11,743,7658493,1660,4613.55
2023,11,1,2023-11,744,7717245,1168,6607.23
2023,11,1,2023-11,745,10873278,1533,7092.81
2023,11,1,2023-11,746,6139228,1397,4394.58
2023,11,1,2023-11,747,7749301,1554,4986.68
2023,11,1,2023-11,748,7228649,1598,4523.56
2023,11,1,2023-11,749,10256845,1972,5201.24
2023,11,1,2023-11,750,7932374,1409,5629.79
2023,11,1,2023-11,751,12298735,1839,6687.73
2023,11,1,2023-11,752,5157915,819,6297.82
2023,11,1,2023-11,753,7782852,1246,6246.27
2023,11,1,2023-11,754,6447401,1205,5350.54
2023,11,1,2023-11,755,7025880,1000,7025.88
2023,11,1,2023-11,756,9559037,1673,5713.71
2023,11,1,2023-11,757,11888053,1563,7605.92
2023,11,1,2023-11,758,12462961,1985,6278.57
2023,11,1,2023-11,759,9858194,2178,4526.26
2023,11,1,2023-11,760,10651081,1668,6385.54
2023,11,1,2023-11,761,10371461,2008,5165.07
2023,11,1,2023-11,762,11115691,1713,6489.02
2023,11,1,2023-11,763,7996403,1838,4350.6
2023,11,1,2023-11,764,4959780,1071,4630.98
2023,11,1,2023-11,765,13495578,1911,7062.05
2023,11,1,2023-11,766,4573944,939,4871.08
2023,11,1,2023-11,767,7395065,1048,7056.36
2023,11,1,2023-11,768,10766295,2154,4998.28
2023,11,1,2023-11,769,6996207,1107,6319.97
2023,11,1,2023-11,770,12210629,1857,6575.46
2023,11,1,2023-11,771,12128212,2082,5825.27
2023,11,1,2023-11,772,3916447,760,5153.22
2023,11,1,2023-11,773,8931019,1867,4783.62
2023,11,1,2023-11,774,6969590,1648,4229.12
2023,11,1,2023-11,775,8584742,1664,5159.1
2023,11,1,2023-11,776,8313641,1295,6419.8
2023,11,1,2023-11,777,17683667,2398,7374.34
2023,11,1,2023-11,778,6152571,855,7195.99
2023,11,1,2023-11,779,11899731,1745,6819.33
2023,11,1,2023-11,780,8091884,1175,6886.71
2023,11,1,2023-11,781,6646838,1037,6409.68
2023,11,1,2023-11,782,5278458,1059,4984.38
2023,11,1,2023-11,783,11965944,1661,7204.06
2023,11,1,2023-11,784,9052647,1388,6522.08
2023,11,1,2023-11,785,8707595,1446,6021.85
2023,11,1,2023-11,786,6169304,1393,4428.79
2023,11,1,2023-11,787,8829537,1581,5584.78
2023,11,1,2023-11,788,12353517,2159,5721.87
2023,11,1,2023-11,789,13036521,1821,7158.99
2023,11,1,2023-11,790,9518487,1590,5986.47
2023,11,1,2023-11,791,6944271,1310,5300.97
2023,11,1,2023-11,792,11841312,1578,7504
2023,11,1,2023-11,793,9284288,2080,4463.6
2023,11,1,2023-11,794,5116873,919,5567.87
2023,11,1,2023-11,795,7807788,1861,4195.48
2023,11,1,2023-11,796,11006968,1650,6670.89
2023,11,1,2023-11,797,11383487,1569,7255.25
2023,11,1,2023-11,798,7117176,1398,5090.97
2023,11,1,2023-11,799,3756664,533,7048.15
2023,11,1,2023-11,800,4090938,805,5081.91
2023,11,1,2023-11,801,10844177,1495,7253.63
2023,11,1,2023-11,802,9010334,1328,6784.89
2023,11,1,2023-11,803,15140367,2179,6948.31
2023,11,1,2023-11,804,5209743,1272,4095.71
2023,11,1,2023-11,805,12673915,1686,7517.15
2023,11,1,2023-11,806,7884120,1199,6575.58
2023,11,1,2023-11,807,4228999,824,5132.28
2023,11,1,2023-11,808,14857121,2134,6962.1
2023,11,1,2023-11,809,3773275,740,5099.02
2023,11,1,2023-11,810,14448715,2012,7181.27
2023,11,1,2023-11,811,4214541,941,4478.79
2023,11,1,2023-11,812,5176290,792,6535.72
2023,11,1,2023-11,813,9042108,1504,6012.04
2023,11,1,2023-11,814,4906426,1130,4341.97
2023,11,1,2023-11,815,4113088,845,4867.56
2023,11,1,2023-11,816,6293274,1541,4083.89
2023,11,1,2023-11,817,11410256,2009,5679.57
2023,11,1,2023-11,818,6433864,1248,5155.34
2023,11,1,2023-11,819,10298607,1671,6163.14
2023,11,1,2023-11,820,5090762,1006,5060.4
2023,11,1,2023-11,821,6076968,1200,5064.14
2023,11,1,2023-11,822,11890637,1766,6733.09
2023,11,1,2023-11,823,6194324,1509,4104.92
2023,11,1,2023-11,824,8100985,1121,7226.57
2023,11,1,2023-11,825,9264922,1295,7154.38
2023,11,1,2023-11,826,9221186,1437,6416.97
2023,11,1,2023-11,827,13884282,2240,6198.34
2023,11,1,2023-11,828,11866693,1636,7253.48
2023,11,1,2023-11,829,10623740,2260,4700.77
2023,11,1,2023-11,830,8964969,2107,4254.85
2023,11,1,2023-11,831,6305833,1302,4843.19
2023,11,1,2023-11,832,9902799,1451,6824.81
2023,11,1,2023-11,833,3480173,830,4192.98
2023,11,1,2023-11,834,6368447,1034,6159.04
2023,11,1,2023-11,835,7729417,1022,7563.03
2023,11,1,2023-11,836,15399813,2169,7099.96
2023,11,1,2023-11,837,8687891,1470,5910.13
2023,11,1,2023-11,838,6635612,1551,4278.28
2023,11,1,2023-11,839,11953783,1712,6982.35
2023,11,1,2023-11,840,13259485,2118,6260.38
2023,11,1,2023-11,841,3882509,865,4488.45
2023,11,1,2023-11,842,6504379,1483,4385.96
2023,11,1,2023-11,843,16501892,2269,7272.76
2023,11,1,2023-11,844,10515101,1643,6399.94
2023,11,1,2023-11,845,8242777,1173,7027.09
2023,11,1,2023-11,846,8390613,1171,7165.34
2023,11,1,2023-11,847,13593010,2230,6095.52
2023,11,1,2023-11,848,5699620,981,5810.01
2023,11,1,2023-11,849,5850025,1052,5560.86
2023,11,1,2023-11,850,8786301,1698,5174.5
2023,11,1,2023-11,851,12527771,2220,5643.14
2023,11,1,2023-11,852,12293957,1816,6769.8
2023,11,1,2023-11,853,7319602,1194,6130.32
2023,11,1,2023-11,854,11005896,1517,7255.04
2023,11,1,2023-11,855,9224423,1639,5628.08
2023,11,1,2023-11,856,4628158,754,6138.14
2023,11,1,2023-11,857,4396177,706,6226.88
2023,11,1,2023-11,858,11073579,1806,6131.55
2023,11,1,2023-11,859,9711679,1482,6553.09
2023,11,1,2023-11,860,6004090,1211,4957.96
2023,11,1,2023-11,861,5881138,1009,5828.68
2023,11,1,2023-11,862,9501144,2138,4443.94
2023,11,1,2023-11,863,11864768,2225,5332.48
2023,11,1,2023-11,864,8574531,1477,5805.37
2023,11,1,2023-11,865,10221167,1586,6444.62
2023,11,1,2023-11,866,6256799,840,7448.57
2023,11,1,2023-11,867,8602948,1396,6162.57
2023,11,1,2023-11,868,6542334,968,6758.61
2023,11,1,2023-11,869,13556716,2309,5871.25
2023,11,1,2023-11,870,5718713,905,6319.02
2023,11,1,2023-11,871,4489025,1055,4255
2023,11,1,2023-11,872,4693917,944,4972.37
2023,11,1,2023-11,873,4804627,905,5308.98
2023,11,1,2023-11,874,9629491,1675,5748.95
2023,11,1,2023-11,875,9444829,2242,4212.68
2023,11,1,2023-11,876,7133520,1552,4596.34
2023,11,1,2023-11,877,3752617,749,5010.17
2023,11,1,2023-11,878,15802050,2104,7510.48
2023,11,1,2023-11,879,7942289,1508,5266.77
2023,11,1,2023-11,880,6887058,1196,5758.41
2023,11,1,2023-11,881,7011097,1477,4746.85
2023,11,1,2023-11,882,7433980,1197,6210.51
2023,11,1,2023-11,883,9641336,1912,5042.54
2023,11,1,2023-11,884,10380463,2155,4816.92
2023,11,1,2023-11,885,6739766,1128,5974.97
2023,11,1,2023-11,886,3229204,809,3991.6
2023,11,1,2023-11,887,5163027,1285,4017.92
2023,11,1,2023-11,888,4751138,985,4823.49
2023,11,1,2023-11,889,6701903,1603,4180.85
2023,11,1,2023-11,890,6922746,1565,4423.48
2023,11,1,2023-11,891,12066791,2306,5232.78
2023,11,1,2023-11,892,13229796,1929,6858.37
2023,11,1,2023-11,893,13975215,2305,6063
2023,11,1,2023-11,894,8529704,1442,5915.19
2023,11,1,2023-11,895,7710928,1512,5099.82
2023,11,1,2023-11,896,10404784,1405,7405.54
2023,11,1,2023-11,897,11217459,2073,5411.22
2023,11,1,2023-11,898,7745548,1751,4423.5
2023,11,1,2023-11,899,8952959,1438,6225.98
2023,11,1,2023-11,900,4538076,1014,4475.42
2023,11,1,2023-11,901,7163138,1358,5274.77
2023,11,1,2023-11,902,5590256,958,5835.34
2023,11,1,2023-11,903,11898043,1655,7189.15
2023,11,1,2023-11,904,7576621,1298,5837.15
2023,11,1,2023-11,905,13746872,2059,6676.48
2023,11,1,2023-11,906,13163159,1727,7621.98
2023,11,1,2023-11,907,7199533,1584,4545.16
2023,11,1,2023-11,908,4704237,926,5080.17
2023,11,1,2023-11,909,3869297,706,5480.59
2023,11,1,2023-11,910,10982350,1978,5552.25
2023,11,1,2023-11,911,5906093,1068,5530.05
2023,11,1,2023-11,912,6653261,908,7327.38
2023,11,1,2023-11,913,13440183,2018,6660.15
2023,11,1,2023-11,914,7165402,1165,6150.56
2023,11,1,2023-11,915,4256532,840,5067.3
2023,11,1,2023-11,916,11576478,1642,7050.23
2023,11,1,2023-11,917,7823304,1054,7422.49
2023,11,1,2023-11,918,8231582,1192,6905.69
2023,11,1,2023-11,919,6907194,1738,3974.22
2023,11,1,2023-11,920,10056599,1571,6401.4
2023,11,1,2023-11,921,8842321,2071,4269.59
2023,11,1,2023-11,922,4187022,849,4931.71
2023,11,1,2023-11,923,6005345,1421,4226.14
2023,11,1,2023-11,924,14138020,2278,6206.33
2023,11,1,2023-11,925,9545816,1460,6538.23
2023,11,1,2023-11,926,3816640,859,4443.12
2023,11,1,2023-11,927,7708370,1432,5382.94
2023,11,1,2023-11,928,4381882,765,5727.95
2023,11,1,2023-11,929,7048743,1314,5364.34
2023,11,1,2023-11,930,5401065,1208,4471.08
2023,11,1,2023-11,931,6667709,1197,5570.35
2023,11,1,2023-11,932,6143167,926,6634.09
2023,11,1,2023-11,933,2861429,662,4322.4
2023,11,1,2023-11,934,8944018,2055,4352.32
2023,11,1,2023-11,935,12879007,2452,5252.45
2023,11,1,2023-11,936,8121640,1109,7323.39
2023,11,1,2023-11,937,9031422,1409,6409.81
2023,11,1,2023-11,938,8935244,1379,6479.51
2023,11,1,2023-11,939,8189861,1530,5352.85
2023,11,1,2023-11,940,14237118,2280,6244.35
2023,11,1,2023-11,941,6682089,1633,4091.91
2023,11,1,2023-11,942,11805600,1887,6256.28
2023,11,1,2023-11,943,13749225,1884,7297.89
2023,11,1,2023-11,944,10185510,1649,6176.78
2023,11,1,2023-11,945,10775409,1505,7159.74
2023,11,1,2023-11,946,7540225,1126,6696.47
2023,11,1,2023-11,947,8651000,1923,4498.7
2023,11,1,2023-11,948,11059756,1528,7238.06
2023,11,1,2023-11,949,7273366,1687,4311.42
2023,11,1,2023-11,950,11454194,1935,5919.48
2023,11,1,2023-11,951,8507021,1920,4430.74
2023,11,1,2023-11,952,5038179,1249,4033.77
2023,11,1,2023-11,953,5051267,906,5575.35
2023,11,1,2023-11,954,7883653,1535,5135.93
2023,11,1,2023-11,955,11316568,1931,5860.47
2023,11,1,2023-11,956,13075252,2135,6124.24
2023,11,1,2023-11,957,8758872,2054,4264.3
2023,11,1,2023-11,958,3738519,828,4515.12
2023,11,1,2023-11,959,12966687,2131,6084.79
2023,11,1,2023-11,960,5168283,971,5322.64
2023,11,1,2023-11,961,10377386,1555,6673.56
2023,11,1,2023-11,962,7106526,1106,6425.43
2023,11,1,2023-11,963,5924337,842,7036.03
2023,11,1,2023-11,964,13540961,2112,6411.44
2023,11,1,2023-11,965,3120389,556,5612.21
2023,11,1,2023-11,966,13388284,2070,6467.77
2023,11,1,2023-11,967,4217885,845,4991.58
2023,11,1,2023-11,968,5923594,1165,5084.63
2023,11,1,2023-11,969,6809290,991,6871.13
2023,11,1,2023-11,970,12046051,2123,5674.07
2023,11,1,2023-11,971,6216136,898,6922.2
2023,11,1,2023-11,972,6702871,966,6938.79
2023,11,1,2023-11,973,6890446,974,7074.38
2023,11,1,2023-11,974,15893446,2162,7351.27
2023,11,1,2023-11,975,3789993,678,5589.96
2023,11,1,2023-11,976,6552943,1252,5233.98
2023,11,1,2023-11,977,14051925,2299,6112.19
2023,11,1,2023-11,978,7655392,1416,5406.35
2023,11,1,2023-11,979,9177078,1482,6192.36
2023,11,1,2023-11,980,7894123,1208,6534.87
2023,11,1,2023-11,981,9900289,1512,6547.81
2023,11,1,2023-11,982,7086817,1327,5340.48
2023,11,1,2023-11,983,9316694,2005,4646.73
2023,11,1,2023-11,984,12153698,2173,5593.05
2023,11,1,2023-11,985,9971942,2191,4551.32
2023,11,1,2023-11,986,5671341,780,7270.95
2023,11,1,2023-11,987,7867212,1482,5308.51
2023,11,1,2023-11,988,9433039,2042,4619.51
2023,11,1,2023-11,989,8125505,1962,4141.44
2023,11,1,2023-11,990,14922125,2318,6437.5
2023,11,1,2023-11,991,9390375,1470,6388.01
2023,11,1,2023-11,992,5623597,1060,5305.28
2023,11,1,2023-11,993,7078898,1632,4337.56
2023,11,1,2023-11,994,7802764,1423,5483.32
2023,11,1,2023-11,995,11576881,2245,5156.74
2023,11,1,2023-11,996,9306404,1433,6494.35
2023,11,1,2023-11,997,14099882,2253,6258.27
2023,11,1,2023-11,998,6198178,1150,5389.72
2023,11,1,2023-11,999,7481476,1542,4851.8
2023,11,1,2023-11,1000,16390271,2138,7666.17
2023,11,1,2023-11,1001,8686720,1534,5662.79
2023,11,1,2023-11,1002,9970881,1522,6551.17
2023,11,1,2023-11,1003,4070940,887,4589.56
2023,11,1,2023-11,1004,9184075,1583,5801.69
2023,11,1,2023-11,1005,7438880,1785,4167.44
2023,11,1,2023-11,1006,4363914,743,5873.37
2023,11,1,2023-11,1007,9270903,1243,7458.49
2023,11,1,2023-11,1008,7998813,1471,5437.67
2023,11,1,2023-11,1009,8993694,2131,4220.41
2023,11,1,2023-11,1010,2219775,532,4172.51
2023,11,1,2023-11,1011,10443649,1952,5350.23
2023,11,1,2023-11,1012,5611751,1234,4547.61
2023,11,1,2023-11,1013,3971228,970,4094.05
2023,11,1,2023-11,1014,5104587,757,6743.18
2023,11,1,2023-11,1015,7136758,1263,5650.64
2023,11,1,2023-11,1016,4608814,902,5109.55
2023,11,1,2023-11,1017,11668494,1595,7315.67
2023,11,1,2023-11,1018,6358298,1406,4522.26
2023,11,1,2023-11,1019,13607412,1820,7476.6
2023,11,1,2023-11,1020,6657607,1276,5217.56
2023,11,1,2023-11,1021,16793130,2334,7195
2023,11,1,2023-11,1022,6125866,989,6194
2023,11,1,2023-11,1023,12366479,1780,6947.46
2023,11,1,2023-11,1024,11972493,1572,7616.09
2023,11,1,2023-11,1025,11659549,2257,5165.95
2023,11,1,2023-11,1026,14786937,1981,7464.38
2023,11,1,2023-11,1027,11942051,2236,5340.81
2023,11,1,2023-11,1028,4536427,843,5381.29
2023,11,1,2023-11,1029,11106272,2122,5233.87
2023,11,1,2023-11,1030,6205596,1048,5921.37
2023,11,1,2023-11,1031,10386797,2282,4551.62
2023,11,1,2023-11,1032,11597732,1922,6034.2
2023,11,1,2023-11,1033,9943517,1654,6011.8
2023,11,1,2023-11,1034,8998749,1348,6675.63
2023,11,1,2023-11,1035,7343860,1049,7000.82
2023,11,1,2023-11,1036,6431751,1144,5622.16
2023,11,1,2023-11,1037,5033507,991,5079.22
2023,11,1,2023-11,1038,5074007,1018,4984.29
2023,11,1,2023-11,1039,6475821,1367,4737.25
2023,11,1,2023-11,1040,3382303,799,4233.17
2023,11,1,2023-11,1041,4316062,825,5231.59
2023,11,1,2023-11,1042,6778644,1349,5024.94
2023,11,1,2023-11,1043,8076676,1082,7464.58
2023,11,1,2023-11,1044,6789909,1139,5961.29
2023,11,1,2023-11,1045,8684095,1642,5288.73
2023,11,1,2023-11,1046,5221793,861,6064.8
2023,11,1,2023-11,1047,6558253,1467,4470.52
2023,11,1,2023-11,1048,7246321,1285,5639.16
2023,11,1,2023-11,1049,4556862,726,6276.67
2023,11,1,2023-11,1050,6767339,1176,5754.54
2023,11,1,2023-11,1051,4460064,812,5492.69
2023,11,1,2023-11,1052,14005787,1839,7615.98
2023,11,1,2023-11,1053,5732967,796,7202.22
2023,11,1,2023-11,1054,12710630,2023,6283.06
2023,11,1,2023-11,1055,6849918,1140,6008.7
2023,11,1,2023-11,1056,13833171,2188,6322.29
2023,11,1,2023-11,1057,5002347,1044,4791.52
2023,11,1,2023-11,1058,6899831,1274,5415.88
2023,11,1,2023-11,1059,6177108,1475,4187.87
2023,11,1,2023-11,1060,9062330,1575,5753.86
2023,11,1,2023-11,1061,13502295,2256,5985.06
2023,11,1,2023-11,1062,9472932,1917,4941.54
2023,11,1,2023-11,1063,7765611,1049,7402.87
2023,11,1,2023-11,1064,8747175,1210,7229.07
2023,11,1,2023-11,1065,6660065,1021,6523.08
2023,11,1,2023-11,1066,5205544,874,5956
2023,11,1,2023-11,1067,16317776,2273,7178.96
2023,11,1,2023-11,1068,9405007,2076,4530.35
2023,11,1,2023-11,1069,9525331,1389,6857.69
2023,11,1,2023-11,1070,5576276,1236,4511.55
2023,11,1,2023-11,1071,14586220,2123,6870.57
2023,11,1,2023-11,1072,11848626,2339,5065.68
2023,11,1,2023-11,1073,11444678,1583,7229.74
2023,11,1,2023-11,1074,15868185,2151,7377.12
2023,11,1,2023-11,1075,7867115,1723,4565.94
2023,11,1,2023-11,1076,11713011,2057,5694.22
2023,11,1,2023-11,1077,7645570,1004,7615.11
2023,11,1,2023-11,1078,8697762,1516,5737.31
2023,11,1,2023-11,1079,14756832,2055,7180.94
2023,11,1,2023-11,1080,9472928,1557,6084.09
2023,11,1,2023-11,1081,10991194,2019,5443.88
2023,11,1,2023-11,1082,5193260,1017,5106.45
2023,11,1,2023-11,1083,6844349,1436,4766.26
2023,11,1,2023-11,1084,16267680,2389,6809.41
2023,11,1,2023-11,1085,4405417,815,5405.42
2023,11,1,2023-11,1086,12818538,2198,5831.91
2023,11,1,2023-11,1087,8494402,1444,5882.55
2023,11,1,2023-11,1088,6066556,997,6084.81
2023,11,1,2023-11,1089,10804075,1507,7169.26
2023,11,1,2023-11,1090,15222760,2003,7599.98
2023,11,1,2023-11,1091,4686332,846,5539.4
2023,11,1,2023-11,1092,9377807,1334,7029.84
2023,11,1,2023-11,1093,6699574,984,6808.51
2023,11,1,2023-11,1094,12636892,2057,6143.36
2023,11,1,2023-11,1095,10175095,1361,7476.19
2023,11,1,2023-11,1096,7171060,1506,4761.66
2023,11,1,2023-11,1097,5225051,1194,4376.09
2023,11,1,2023-11,1098,13696999,1926,7111.63
2023,11,1,2023-11,1099,8040225,1420,5662.13
2023,11,1,2023-11,1100,5842970,832,7022.8
2023,11,1,2023-11,1101,12140940,1680,7226.75
2023,11,1,2023-11,1102,5705261,1330,4289.67
2023,11,1,2023-11,1103,6674530,918,7270.73
2023,11,1,2023-11,1104,10258311,1833,5596.46
2023,11,1,2023-11,1105,9869143,1671,5906.13
2023,11,1,2023-11,1106,7610785,1214,6269.18
2023,11,1,2023-11,1107,12578124,1717,7325.64
2023,11,1,2023-11,1108,3463266,850,4074.43
2023,11,1,2023-11,1109,11184496,1955,5720.97
2023,11,1,2023-11,1110,6415117,983,6526.06
2023,11,1,2023-11,1111,8530989,1289,6618.3
2023,11,1,2023-11,1112,7234424,1104,6552.92
2023,11,1,2023-11,1113,8219974,1836,4477.11
2023,11,1,2023-11,1114,8283293,1609,5148.1
2023,11,1,2023-11,1115,12733850,2381,5348.11
2023,11,1,2023-11,1116,12903427,1883,6852.59
2023,11,1,2023-11,1117,9868974,1931,5110.81
2023,11,1,2023-11,1118,5730183,1190,4815.28
2023,11,1,2023-11,1119,14342562,1912,7501.34
2023,11,1,2023-11,1120,7060135,1709,4131.15
2023,11,1,2023-11,1121,8221105,1074,7654.66
2023,11,1,2023-11,1122,5419101,839,6459
2023,11,1,2023-11,1123,8502991,1208,7038.9
2023,11,1,2023-11,1124,11100303,2212,5018.22
2023,11,1,2023-11,1125,7829241,1902,4116.32
2023,11,1,2023-11,1126,11946086,1767,6760.66
2023,11,1,2023-11,1127,13654708,1952,6995.24
2023,11,1,2023-11,1128,15540226,2308,6733.2
2023,11,1,2023-11,1129,7549736,1628,4637.43
2023,11,1,2023-11,1130,7392054,1092,6769.28
2023,11,1,2023-11,1131,13460608,1968,6839.74
2023,11,1,2023-11,1132,5771829,912,6328.76
2023,11,1,2023-11,1133,9586427,1422,6741.51
2023,11,1,2023-11,1134,9722184,1363,7132.93
2023,11,1,2023-11,1135,9825220,1564,6282.11
2023,11,1,2023-11,1136,7816262,1782,4386.23
2023,11,1,2023-11,1137,9162449,1586,5777.08
2023,11,1,2023-11,1138,8709901,2008,4337.6
2023,11,1,2023-11,1139,8416435,1508,5581.19
2023,11,1,2023-11,1140,5986048,1089,5496.83
2023,11,1,2023-11,1141,4556302,1056,4314.68
2023,11,1,2023-11,1142,8730589,1640,5323.53
2023,11,1,2023-11,1143,4025504,912,4413.93
2023,11,1,2023-11,1144,14457418,2093,6907.51
2023,11,1,2023-11,1145,17304253,2307,7500.76
2023,11,1,2023-11,1146,9351493,2159,4331.4
2023,11,1,2023-11,1147,5199565,700,7427.95
2023,11,1,2023-11,1148,7073848,1199,5899.79
2023,11,1,2023-11,1149,8720470,1719,5072.99
2023,11,1,2023-11,1150,3714474,850,4369.97
2023,11,1,2023-11,1151,13191519,2265,5824.07
2023,11,1,2023-11,1152,4344539,632,6874.27
2023,11,1,2023-11,1153,7707960,1166,6610.6
2023,11,1,2023-11,1154,5471374,1318,4151.27
2023,11,1,2023-11,1155,9202285,2137,4306.17
2023,11,1,2023-11,1156,8859567,1615,5485.8
2023,11,1,2023-11,1157,10422723,2048,5089.22
2023,11,1,2023-11,1158,5032229,1037,4852.68
2023,11,1,2023-11,1159,4472018,891,5019.1
2023,11,1,2023-11,1160,12889316,1860,6929.74
2023,11,1,2023-11,1161,11866790,1621,7320.66
2023,11,1,2023-11,1162,6623818,1204,5501.51
2023,11,1,2023-11,1163,14372167,1980,7258.67
2023,11,1,2023-11,1164,7636485,1476,5173.77
2023,11,1,2023-11,1165,3903843,678,5757.88
2023,11,1,2023-11,1166,8635356,1787,4832.32
2023,11,1,2023-11,1167,7139730,1117,6391.88
2023,11,1,2023-11,1168,7658100,1016,7537.5
2023,11,1,2023-11,1169,6856129,1097,6249.89
2023,11,1,2023-11,1170,7169413,1355,5291.08
2023,11,1,2023-11,1171,6901448,1091,6325.8
2023,11,1,2023-11,1172,3899881,884,4411.63
2023,11,1,2023-11,1173,11590519,1610,7199.08
2023,11,1,2023-11,1174,11124904,1907,5833.72
2023,11,1,2023-11,1175,9603447,1698,5655.74
2023,11,1,2023-11,1176,11262458,1825,6171.21
2023,11,1,2023-11,1177,10646115,1688,6306.94
2023,11,1,2023-11,1178,5940097,1364,4354.91
2023,11,1,2023-11,1179,15185457,2356,6445.44
2023,11,1,2023-11,1180,8184875,1666,4912.89
2023,11,1,2023-11,1181,6860227,1047,6552.27
2023,11,1,2023-11,1182,11240955,1605,7003.71
2023,11,1,2023-11,1183,13614844,1945,6999.92
2023,11,1,2023-11,1184,10853664,1819,5966.83
2023,11,1,2023-11,1185,9824328,1655,5936.15
2023,11,1,2023-11,1186,3545796,770,4604.93
2023,11,1,2023-11,1187,14108402,2082,6776.37
2023,11,1,2023-11,1188,8400749,1668,5036.42
2023,11,1,2023-11,1189,8086602,1393,5805.17
2023,11,1,2023-11,1190,11808725,2335,5057.27
2023,11,1,2023-11,1191,8095901,1796,4507.74
2023,11,1,2023-11,1192,4833742,769,6285.75
2023,11,1,2023-11,1193,7908645,1842,4293.51
2023,11,1,2023-11,1194,14738458,2194,6717.62
2023,11,1,2023-11,1195,10175240,1974,5154.63
2023,11,1,2023-11,1196,8786749,2169,4051.06
2023,11,1,2023-11,1197,8539027,1478,5777.42
2023,11,1,2023-11,1198,9688875,2319,4178.04
2023,11,1,2023-11,1199,8546060,1679,5089.97
2023,11,1,2023-11,1200,14602406,2224,6565.83
2023,11,1,2023-11,1201,9608911,2261,4249.85
2023,11,1,2023-11,1202,7899214,1120,7052.87
2023,11,1,2023-11,1203,8487401,2073,4094.26
2023,11,1,2023-11,1204,9214258,1847,4988.77
2023,11,1,2023-11,1205,10396908,1558,6673.24
2023,11,1,2023-11,1206,9000256,1745,5157.74
2023,11,1,2023-11,1207,6043026,1373,4401.33
2023,11,1,2023-11,1208,7381799,1372,5380.32
2023,11,1,2023-11,1209,8416378,1678,5015.72
2023,11,1,2023-11,1210,9837575,1375,7154.6
2023,11,1,2023-11,1211,12237907,2372,5159.32
2023,11,1,2023-11,1212,12138846,1748,6944.42
2023,11,1,2023-11,1213,15902662,2211,7192.52
2023,11,1,2023-11,1214,11682823,2111,5534.26
2023,11,1,2023-11,1215,5367412,736,7292.68
2023,11,1,2023-11,1216,12150695,2231,5446.3
2023,11,1,2023-11,1217,7842576,1050,7469.12
2023,11,1,2023-11,1218,3314706,764,4338.62
2023,11,1,2023-11,1219,9670244,1477,6547.22
2023,11,1,2023-11,1220,6725074,1151,5842.81
2023,11,1,2023-11,1221,5504185,1020,5396.26
2023,11,1,2023-11,1222,7767105,1239,6268.85
2023,11,1,2023-11,1223,4889518,741,6598.54
2023,11,1,2023-11,1224,4635938,1162,3989.62
2023,11,1,2023-11,1225,9028004,1924,4692.31
2023,11,1,2023-11,1226,9248751,1396,6625.18
2023,11,1,2023-11,1227,7014159,1109,6324.76
2023,11,1,2023-11,1228,9687817,1292,7498.31
2023,11,1,2023-11,1229,9373652,1404,6676.39
2023,11,1,2023-11,1230,12051182,1631,7388.83
2023,11,1,2023-11,1231,10709046,1639,6533.89
2023,11,1,2023-11,1232,9235266,1827,5054.88
2023,11,1,2023-11,1233,7305598,1615,4523.59
2023,11,1,2023-11,1234,12966086,1885,6878.56
2023,11,1,2023-11,1235,12774173,1993,6409.52
2023,11,1,2023-11,1236,4841024,1149,4213.25
2023,11,1,2023-11,1237,3339541,626,5334.73
2023,11,1,2023-11,1238,14219904,1887,7535.72
2023,11,1,2023-11,1239,8107956,1385,5854.12
2023,11,1,2023-11,1240,11819848,2103,5620.47
2023,11,1,2023-11,1241,4005181,710,5641.1
2023,11,1,2023-11,1242,4172484,878,4752.26
2023,11,1,2023-11,1243,4725522,879,5376.02
2023,11,1,2023-11,1244,9703788,1802,5385.01
2023,11,1,2023-11,1245,5815137,1388,4189.58
2023,11,1,2023-11,1246,11432215,1680,6804.89
2023,11,1,2023-11,1247,5441640,993,5480
2023,11,1,2023-11,1248,16874383,2416,6984.43
2023,11,1,2023-11,1249,12909265,1839,7019.72
2023,11,1,2023-11,1250,8133193,1672,4864.35
2023,11,1,2023-11,1251,9922673,1555,6381.14
2023,11,1,2023-11,1252,11354613,1991,5702.97
2023,11,1,2023-11,1253,16084843,2253,7139.3
2023,11,1,2023-11,1254,6814536,1431,4762.08
2023,11,1,2023-11,1255,6273751,967,6487.85
2023,11,1,2023-11,1256,7653594,1222,6263.17
2023,11,1,2023-11,1257,6037624,1174,5142.78
2023,11,1,2023-11,1258,8359473,1818,4598.17
2023,11,1,2023-11,1259,14274943,2212,6453.41
2023,11,1,2023-11,1260,7488709,1113,6728.4
2023,11,1,2023-11,1261,5909424,1147,5152.07
2023,11,1,2023-11,1262,11463564,1803,6358.05
2023,11,1,2023-11,1263,10039168,1874,5357.08
2023,11,1,2023-11,1264,8186411,1236,6623.31
2023,11,1,2023-11,1265,5323253,1117,4765.67
2023,11,1,2023-11,1266,11393068,1561,7298.57
2023,11,1,2023-11,1267,7409491,1470,5040.47
2023,11,1,2023-11,1268,11226015,2085,5384.18
2023,11,1,2023-11,1269,3675147,873,4209.79
2023,11,1,2023-11,1270,6510169,1466,4440.77
2023,11,1,2023-11,1271,5891841,1013,5816.23
2023,11,1,2023-11,1272,10705655,2114,5064.17
2023,11,1,2023-11,1273,7503390,1060,7078.67
2023,11,1,2023-11,1274,9695022,2377,4078.68
2023,11,1,2023-11,1275,6733959,1244,5413.15
2023,11,1,2023-11,1276,9441438,1797,5254
2023,11,1,2023-11,1277,8316904,2034,4088.94
2023,11,1,2023-11,1278,7942020,1766,4497.18
2023,11,1,2023-11,1279,3484557,633,5504.83
2023,11,1,2023-11,1280,8104743,1385,5851.8
2023,11,1,2023-11,1281,6517932,1189,5481.86
2023,11,1,2023-11,1282,12992012,2147,6051.24
2023,11,1,2023-11,1283,11863795,1923,6169.42
2023,11,1,2023-11,1284,7464670,1826,4087.99
2023,11,1,2023-11,1285,5092823,889,5728.71
2023,11,1,2023-11,1286,8444374,1122,7526.18
2023,11,1,2023-11,1287,10374470,1757,5904.65
2023,11,1,2023-11,1288,11565233,1782,6490.03
2023,11,1,2023-11,1289,4848982,938,5169.49
2023,11,1,2023-11,1290,12333539,1820,6776.67
2023,11,1,2023-11,1291,9857130,1458,6760.72
2023,11,1,2023-11,1292,8358551,1407,5940.69
2023,11,1,2023-11,1293,15294178,2012,7601.48
2023,11,1,2023-11,1294,7345723,1661,4422.47
2023,11,1,2023-11,1295,3368186,833,4043.44
2023,11,1,2023-11,1296,10106263,1501,6733.02
2023,11,1,2023-11,1297,10064468,1445,6965.03
2023,11,1,2023-11,1298,10972471,2430,4515.42
2023,11,1,2023-11,1299,5273923,1065,4952.04
2023,11,1,2023-11,1300,9669038,2297,4209.42
2023,11,1,2023-11,1301,4498816,886,5077.67
2023,11,1,2023-11,1302,5931632,863,6873.27
2023,11,1,2023-11,1303,12929532,2179,5933.7
2023,11,1,2023-11,1304,10453100,1992,5247.54
2023,11,1,2023-11,1305,11125014,2077,5356.29
2023,11,1,2023-11,1306,8110374,2021,4013.05
2023,11,1,2023-11,1307,8137807,1609,5057.68
2023,11,1,2023-11,1308,10475331,1651,6344.84
2023,11,1,2023-11,1309,8197629,1097,7472.77
2023,11,1,2023-11,1310,10533602,1491,7064.79
2023,11,1,2023-11,1311,4876840,1156,4218.72
2023,11,1,2023-11,1312,6362372,873,7287.94
2023,11,1,2023-11,1313,12827498,1881,6819.51
2023,11,1,2023-11,1314,10154194,1492,6805.76
2023,11,1,2023-11,1315,12145996,2144,5665.11
2023,11,1,2023-11,1316,11368953,2044,5562.11
2023,11,1,2023-11,1317,7264872,1430,5080.33
2023,11,1,2023-11,1318,7904590,1846,4282.01
2023,11,1,2023-11,1319,8790354,1800,4883.53
2023,11,1,2023-11,1320,10832803,2174,4982.89
2023,11,1,2023-11,1321,12640358,2194,5761.33
2023,11,1,2023-11,1322,6106317,915,6673.57
2023,11,1,2023-11,1323,10533120,1831,5752.66
2023,11,1,2023-11,1324,8013963,1858,4313.22
2023,11,1,2023-11,1325,16976948,2277,7455.84
2023,11,1,2023-11,1326,14701444,1993,7376.54
2023,11,1,2023-11,1327,10408410,1518,6856.66
2023,11,1,2023-11,1328,9829411,1308,7514.84
2023,11,1,2023-11,1329,6365061,1064,5982.2
2023,11,1,2023-11,1330,6792558,901,7538.91
2023,11,1,2023-11,1331,3616186,830,4356.85
2023,11,1,2023-11,1332,6892270,1289,5346.99
2023,11,1,2023-11,1333,8164155,1657,4927.07
2023,11,1,2023-11,1334,7428029,1537,4832.81
2023,11,1,2023-11,1335,7717671,1685,4580.22
2023,11,1,2023-11,1336,10292950,1659,6204.31
2023,11,1,2023-11,1337,4842109,717,6753.29
2023,11,1,2023-11,1338,6730815,1090,6175.06
2023,11,1,2023-11,1339,6600024,1440,4583.35
2023,11,1,2023-11,1340,6400343,912,7017.92
2023,11,1,2023-11,1341,11803493,1886,6258.48
2023,11,1,2023-11,1342,5084640,937,5426.51
2023,11,1,2023-11,1343,14498055,2230,6501.37
2023,11,1,2023-11,1344,7379675,1493,4942.85
2023,11,1,2023-11,1345,10273777,1929,5325.96
2023,11,1,2023-11,1346,9719167,1328,7318.65
2023,11,1,2023-11,1347,4348735,855,5086.24
2023,11,1,2023-11,1348,7068209,1246,5672.72
2023,11,1,2023-11,1349,9496033,1312,7237.83
2023,11,1,2023-11,1350,11418701,1711,6673.7
2023,11,1,2023-11,1351,5470314,1276,4287.08
2023,11,1,2023-11,1352,8159180,1798,4537.92
2023,11,1,2023-11,1353,9323545,2253,4138.28
2023,11,1,2023-11,1354,8704127,1389,6266.47
2023,11,1,2023-11,1355,7515271,1313,5723.74
2023,11,1,2023-11,1356,8018552,1794,4469.65
2023,11,1,2023-11,1357,8834955,1181,7480.91
2023,11,1,2023-11,1358,4583936,763,6007.78
2023,11,1,2023-11,1359,8356097,1715,4872.36
2023,11,1,2023-11,1360,9949775,1704,5839.07
2023,11,1,2023-11,1361,12152790,1862,6526.74
2023,11,1,2023-11,1362,7381938,1750,4218.25
2023,11,1,2023-11,1363,11250907,2219,5070.26
2023,11,1,2023-11,1364,12036536,1738,6925.51
2023,11,1,2023-11,1365,9695507,1685,5754.01
2023,11,1,2023-11,1366,9313081,1562,5962.28
2023,11,1,2023-11,1367,11448797,2070,5530.82
2023,11,1,2023-11,1368,8246785,1973,4179.82
2023,11,1,2023-11,1369,5915212,1282,4614.05
2023,11,1,2023-11,1370,7943069,1411,5629.39
2023,11,1,2023-11,1371,9126875,1912,4773.47
2023,11,1,2023-11,1372,5574802,1348,4135.61
2023,11,1,2023-11,1373,6435264,912,7056.21
2023,11,1,2023-11,1374,7342828,971,7562.13
2023,11,1,2023-11,1375,9070261,1320,6871.41
2023,11,1,2023-11,1376,10081399,1418,7109.59
2023,11,1,2023-11,1377,10130825,2061,4915.49
2023,11,1,2023-11,1378,15143595,2042,7416.06
2023,11,1,2023-11,1379,6309990,1332,4737.23
2023,11,1,2023-11,1380,9804897,1316,7450.53
2023,11,1,2023-11,1381,9767944,1287,7589.7
2023,11,1,2023-11,1382,6489529,995,6522.14
2023,11,1,2023-11,1383,15448944,2031,7606.57
2023,11,1,2023-11,1384,13651421,2261,6037.78
2023,11,1,2023-11,1385,9595994,1951,4918.5
2023,11,1,2023-11,1386,11567799,2062,5609.99
2023,11,1,2023-11,1387,13050746,2121,6153.11
2023,11,1,2023-11,1388,5293694,1221,4335.54
2023,11,1,2023-11,1389,4776201,757,6309.38
2023,11,1,2023-11,1390,10549441,1391,7584.07
2023,11,1,2023-11,1391,5657429,1197,4726.34
2023,11,1,2023-11,1392,5184183,751,6903.04
2023,11,1,2023-11,1393,13291541,1841,7219.74
2023,11,1,2023-11,1394,9647429,1292,7467.05
2023,11,1,2023-11,1395,11582709,1553,7458.28
2023,11,1,2023-11,1396,5752523,959,5998.46
2023,11,1,2023-11,1397,12763756,1682,7588.44
2023,11,1,2023-11,1398,11820917,1753,6743.25
2023,11,1,2023-11,1399,3881071,839,4625.83
2023,11,1,2023-11,1400,4219472,727,5803.95
2023,11,1,2023-11,1401,12807550,1967,6511.21
2023,11,1,2023-11,1402,4111214,835,4923.61
2023,11,1,2023-11,1403,10855397,1693,6411.93
2023,11,1,2023-11,1404,6711905,1038,6466.19
2023,11,1,2023-11,1405,8134968,1772,4590.84
2023,11,1,2023-11,1406,11290133,1857,6079.77
2023,11,1,2023-11,1407,11247492,1664,6759.31
2023,11,1,2023-11,1408,12342825,2123,5813.86
2023,11,1,2023-11,1409,5854757,1426,4105.72
2023,11,1,2023-11,1410,4886304,1191,4102.69
2023,11,1,2023-11,1411,6099789,1139,5355.39
2023,11,1,2023-11,1412,14376952,1940,7410.8
2023,11,1,2023-11,1413,6850081,1424,4810.45
2023,11,1,2023-11,1414,8947108,1417,6314.12
2023,11,1,2023-11,1415,4672667,973,4802.33
2023,11,1,2023-11,1416,7990163,1543,5178.33
2023,11,1,2023-11,1417,7992920,1135,7042.22
2023,11,1,2023-11,1418,9642485,1445,6673
2023,11,1,2023-11,1419,5779548,1303,4435.57
2023,11,1,2023-11,1420,8003514,1422,5628.35
2023,11,1,2023-11,1421,7855158,1915,4101.91
2023,11,1,2023-11,1422,9572073,1662,5759.37
2023,11,1,2023-11,1423,11611216,1825,6362.31
2023,11,1,2023-11,1424,10241411,2318,4418.21
2023,11,1,2023-11,1425,8578965,1699,5049.42
2023,11,1,2023-11,1426,7754022,1414,5483.75
2023,11,1,2023-11,1427,6464896,879,7354.83
2023,11,1,2023-11,1428,14714745,1930,7624.22
2023,11,1,2023-11,1429,8964479,2117,4234.52
2023,11,1,2023-11,1430,10998939,1635,6727.18
2023,11,1,2023-11,1431,8223829,1515,5428.27
2023,11,1,2023-11,1432,10827864,1974,5485.24
2023,11,1,2023-11,1433,14897459,2216,6722.68
2023,11,1,2023-11,1434,13341973,1825,7310.67
2023,11,1,2023-11,1435,6872806,927,7414.03
2023,11,1,2023-11,1436,4906931,811,6050.47
2023,11,1,2023-11,1437,12713042,2375,5352.86
2023,11,1,2023-11,1438,5897038,855,6897.12
2023,11,1,2023-11,1439,7328819,1495,4902.22
2023,11,1,2023-11,1440,11400470,1898,6006.57
2023,11,1,2023-11,1441,5455100,1032,5285.95
2023,11,1,2023-11,1442,10165659,1589,6397.52
2023,11,1,2023-11,1443,7338418,1515,4843.84
2023,11,1,2023-11,1444,9608002,2009,4782.48
2023,11,1,2023-11,1445,16409219,2225,7374.93
2023,11,1,2023-11,1446,4270665,964,4430.15
2023,11,1,2023-11,1447,4706821,799,5890.89
2023,11,1,2023-11,1448,5845355,1208,4838.87
2023,11,1,2023-11,1449,6041884,1436,4207.44
2023,11,1,2023-11,1450,5929344,1440,4117.6
2023,11,1,2023-11,1451,5275715,1114,4735.83
2023,11,1,2023-11,1452,5810834,816,7121.12
2023,11,1,2023-11,1453,10015181,1983,5050.52
2023,11,1,2023-11,1454,14307011,1894,7553.86
2023,11,1,2023-11,1455,9508483,1555,6114.78
2023,11,1,2023-11,1456,10986856,1948,5640.07
2023,11,1,2023-11,1457,13918565,2266,6142.35
2023,11,1,2023-11,1458,12266441,2103,5832.83
2023,11,1,2023-11,1459,11068715,1649,6712.38
2023,11,1,2023-11,1460,6023148,1170,5147.99
2023,11,1,2023-11,1461,7510863,1408,5334.42
2023,11,1,2023-11,1462,6754808,933,7239.88
2023,11,1,2023-11,1463,8469650,1144,7403.54
2023,11,1,2023-11,1464,16355007,2256,7249.56
2023,11,1,2023-11,1465,4072972,732,5564.17
2023,11,1,2023-11,1466,10835097,1583,6844.66
2023,11,1,2023-11,1467,6063411,1046,5796.76
2023,11,1,2023-11,1468,11217852,1939,5785.38
2023,11,1,2023-11,1469,9769800,2064,4733.43
2023,11,1,2023-11,1470,4858961,783,6205.57
2023,11,1,2023-11,1471,9095431,1892,4807.31
2023,11,1,2023-11,1472,3915268,743,5269.54
2023,11,1,2023-11,1473,3765908,526,7159.52
2023,11,1,2023-11,1474,9280281,1940,4783.65
2023,11,1,2023-11,1475,4033197,935,4313.58
2023,11,1,2023-11,1476,9389837,2181,4305.29
2023,11,1,2023-11,1477,5657336,764,7404.89
2023,11,1,2023-11,1478,5358858,905,5921.39
2023,11,1,2023-11,1479,12181653,2191,5559.86
2023,11,1,2023-11,1480,6759268,976,6925.48
2023,11,1,2023-11,1481,11926852,1714,6958.49
2023,11,1,2023-11,1482,6883996,1316,5231
2023,11,1,2023-11,1483,6893426,1065,6472.7
2023,11,1,2023-11,1484,11577889,1702,6802.52
2023,11,1,2023-11,1485,10633620,1678,6337.08
2023,11,1,2023-11,1486,8463955,1822,4645.42
2023,11,1,2023-11,1487,15039757,2087,7206.4
2023,11,1,2023-11,1488,6908878,1151,6002.5
2023,11,1,2023-11,1489,4333754,849,5104.54
2023,11,1,2023-11,1490,12139029,2174,5583.73
2023,11,1,2023-11,1491,3768809,896,4206.26
2023,11,1,2023-11,1492,5724581,1253,4568.7
2023,11,1,2023-11,1493,9634747,1422,6775.49
2023,11,1,2023-11,1494,7554568,1854,4074.74
2023,11,1,2023-11,1495,6162799,1123,5487.8
2023,11,1,2023-11,1496,10289889,1739,5917.13
2023,11,1,2023-11,1497,6168849,1420,4344.26
2023,11,1,2023-11,1498,15292646,2023,7559.39
2023,11,1,2023-11,1499,5918440,1220,4851.18
2023,11,1,2023-11,1500,9586607,1863,5145.79
2023,11,1,2023-11,1501,10905564,2125,5132.03
2023,11,1,2023-11,1502,6169344,1264,4880.81
2023,11,1,2023-11,1503,2993807,742,4034.78
2023,11,1,2023-11,1504,13308993,1994,6674.52
2023,11,1,2023-11,1505,11730430,1559,7524.33
2023,11,1,2023-11,1506,8349651,1722,4848.81
2023,11,1,2023-11,1507,8868478,1381,6421.78
2023,11,1,2023-11,1508,7175566,1069,6712.41
2023,11,1,2023-11,1509,12569889,1782,7053.81
2023,11,1,2023-11,1510,11296847,2025,5578.69
2023,11,1,2023-11,1511,5448516,1055,5164.47
2023,11,1,2023-11,1512,6657239,1262,5275.15
2023,11,1,2023-11,1513,7208073,1091,6606.85
2023,11,1,2023-11,1514,9805528,1413,6939.51
2023,11,1,2023-11,1515,5151212,1098,4691.45
2023,11,1,2023-11,1516,9322077,1752,5320.82
2023,11,1,2023-11,1517,11448580,1568,7301.39
2023,11,1,2023-11,1518,10698043,1565,6835.81
2023,11,1,2023-11,1519,11378296,1495,7610.9
2023,11,1,2023-11,1520,15799890,2326,6792.73
2023,11,1,2023-11,1521,6851967,1288,5319.85
2023,11,1,2023-11,1522,10794170,1737,6214.26
2023,11,1,2023-11,1523,11669628,1808,6454.44
2023,11,1,2023-11,1524,5401904,1252,4314.62
2023,11,1,2023-11,1525,10166644,1712,5938.46
2023,11,1,2023-11,1526,11083910,1694,6543.04
2023,11,1,2023-11,1527,5196496,1127,4610.91
2023,11,1,2023-11,1528,13782385,1999,6894.64
2023,11,1,2023-11,1529,8202505,1342,6112.15
2023,11,1,2023-11,1530,14506154,1937,7488.98
2023,11,1,2023-11,1531,7850026,1872,4193.39
2023,11,1,2023-11,1532,9040532,1809,4997.53
2023,11,1,2023-11,1533,9873742,1612,6125.15
2023,11,1,2023-11,1534,6404672,1267,5054.99
2023,11,1,2023-11,1535,6836893,1027,6657.15
2023,11,1,2023-11,1536,12374895,1833,6751.17
2023,11,1,2023-11,1537,3364619,760,4427.13
2023,11,1,2023-11,1538,9929960,1665,5963.94
2023,11,1,2023-11,1539,11618754,1983,5859.18
2023,11,1,2023-11,1540,7624477,1423,5358.03
2023,11,1,2023-11,1541,13945415,1876,7433.59
2023,11,1,2023-11,1542,6681225,954,7003.38
2023,11,1,2023-11,1543,12094770,1846,6551.88
2023,11,1,2023-11,1544,7321104,1102,6643.47
2023,11,1,2023-11,1545,5656575,993,5696.45
2023,11,1,2023-11,1546,8971907,1217,7372.15
2023,11,1,2023-11,1547,11943503,1831,6522.94
2023,11,1,2023-11,1548,11020135,1646,6695.1
2023,11,1,2023-11,1549,12508916,1751,7143.87
2023,11,1,2023-11,1550,11110772,2215,5016.15
2023,11,1,2023-11,1551,10233374,1476,6933.18
2023,11,1,2023-11,1552,8523324,1839,4634.76
2023,11,1,2023-11,1553,4155607,779,5334.54
2023,11,1,2023-11,1554,6523340,1257,5189.61
2023,11,1,2023-11,1555,16659318,2223,7494.07
2023,11,1,2023-11,1556,13953909,1969,7086.8
2023,11,1,2023-11,1557,10910022,1686,6470.95
2023,11,1,2023-11,1558,14789901,2219,6665.12
2023,11,1,2023-11,1559,5797900,955,6071.1
2023,11,1,2023-11,1560,12378801,1671,7408.02
2023,11,1,2023-11,1561,12765406,2205,5789.3
2023,11,1,2023-11,1562,8181130,1522,5375.25
2023,11,1,2023-11,1563,5882296,1263,4657.4
2023,11,1,2023-11,1564,5515075,813,6783.61
2023,11,1,2023-11,1565,8727503,1312,6652.06
2023,11,1,2023-11,1566,10017690,1872,5351.33
2023,11,1,2023-11,1567,8615263,2065,4172.04
2023,11,1,2023-11,1568,15491343,2204,7028.74
2023,11,1,2023-11,1569,7641675,1858,4112.85
2023,11,1,2023-11,1570,9369516,1416,6616.89
2023,11,1,2023-11,1571,7440956,983,7569.64
2023,11,1,2023-11,1572,10622707,1909,5564.54
2023,11,1,2023-11,1573,5317129,1085,4900.58
2023,11,1,2023-11,1574,5682551,859,6615.31
2023,11,1,2023-11,1575,6983106,998,6997.1
2023,11,1,2023-11,1576,10066013,1668,6034.78
2023,11,1,2023-11,1577,10841920,1461,7420.89
2023,11,1,2023-11,1578,4548248,1067,4262.65
2023,11,1,2023-11,1579,12716574,2187,5814.62
2023,11,1,2023-11,1580,13645277,2054,6643.27
2023,11,1,2023-11,1581,8982324,1255,7157.23
2023,11,1,2023-11,1582,5086633,1079,4714.21
2023,11,1,2023-11,1583,12177829,1765,6899.62
2023,11,1,2023-11,1584,9072300,1492,6080.63
2023,11,1,2023-11,1585,13244870,2414,5486.69
2023,11,1,2023-11,1586,4106309,906,4532.35
2023,11,1,2023-11,1587,8323303,1173,7095.74
2023,11,1,2023-11,1588,6135375,1326,4626.98
2023,11,1,2023-11,1589,3937410,751,5242.89
2023,11,1,2023-11,1590,11713480,2333,5020.78
2023,11,1,2023-11,1591,13334876,1854,7192.49
2023,11,1,2023-11,1592,7065966,1089,6488.49
2023,11,1,2023-11,1593,6628841,951,6970.39
2023,11,1,2023-11,1594,5188560,1043,4974.65
2023,11,1,2023-11,1595,6838517,1089,6279.63
2023,11,1,2023-11,1596,7782127,1274,6108.42
2023,11,1,2023-11,1597,11005355,1570,7009.78
2023,11,1,2023-11,1598,14368470,1958,7338.34
2023,11,1,2023-11,1599,6313253,1570,4021.18
2023,11,1,2023-11,1600,7738550,1203,6432.71
2023,11,1,2023-11,1601,6825535,1605,4252.67
2023,11,1,2023-11,1602,12599488,2079,6060.36
2023,11,1,2023-11,1603,9255158,1824,5074.1
2023,11,1,2023-11,1604,10323046,2021,5107.89
2023,11,1,2023-11,1605,4567341,862,5298.54
2023,11,1,2023-11,1606,5681105,909,6249.84
2023,11,1,2023-11,1607,9563672,1830,5226.05
2023,11,1,2023-11,1608,13581665,2044,6644.65
2023,11,1,2023-11,1609,8214433,1501,5472.64
2023,11,1,2023-11,1610,6608132,1568,4214.37
2023,11,1,2023-11,1611,15359764,2239,6860.1
2023,11,1,2023-11,1612,10212075,2003,5098.39
2023,11,1,2023-11,1613,10647363,1881,5660.48
2023,11,1,2023-11,1614,13408137,2052,6534.18
2023,11,1,2023-11,1615,3505368,665,5271.23
2023,11,1,2023-11,1616,8099472,1900,4262.88
2023,11,1,2023-11,1617,5483902,1034,5303.58
2023,11,1,2023-11,1618,14769530,1987,7433.08
2023,11,1,2023-11,1619,7378560,1163,6344.42
2023,11,1,2023-11,1620,9127668,1406,6491.94
2023,11,1,2023-11,1621,12877539,2034,6331.14
2023,11,1,2023-11,1622,7879330,1658,4752.31
2023,11,1,2023-11,1623,11259260,2000,5629.63
2023,11,1,2023-11,1624,14902167,2202,6767.56
2023,11,1,2023-11,1625,9938123,2246,4424.81
2023,11,1,2023-11,1626,9022479,1783,5060.28
2023,11,1,2023-11,1627,4402399,874,5037.07
2023,11,1,2023-11,1628,9001719,1610,5591.13
2023,11,1,2023-11,1629,7235018,971,7451.1
2023,11,1,2023-11,1630,7632524,1797,4247.37
2023,11,1,2023-11,1631,8942694,1522,5875.62
2023,11,1,2023-11,1632,6973037,1481,4708.33
2023,11,1,2023-11,1633,6189930,832,7439.82
2023,11,1,2023-11,1634,4056662,916,4428.67
2023,11,1,2023-11,1635,10193204,1867,5459.67
2023,11,1,2023-11,1636,8874989,1327,6688.01
2023,11,1,2023-11,1637,7960189,1209,6584.11
2023,11,1,2023-11,1638,9729526,1760,5528.14
2023,11,1,2023-11,1639,10313330,1961,5259.22
2023,11,1,2023-11,1640,7154947,1316,5436.89
2023,11,1,2023-11,1641,7172148,1442,4973.75
2023,11,1,2023-11,1642,7530916,1576,4778.5
2023,11,1,2023-11,1643,4204713,721,5831.78
2023,11,1,2023-11,1644,9520063,1919,4960.95
2023,11,1,2023-11,1645,4750974,922,5152.9
2023,11,1,2023-11,1646,6141028,969,6337.49
2023,11,1,2023-11,1647,5843282,774,7549.46
2023,11,1,2023-11,1648,9872478,1597,6181.89
2023,11,1,2023-11,1649,9106538,2127,4281.4
2023,11,1,2023-11,1650,7685433,1756,4376.67
2023,11,1,2023-11,1651,13035855,1750,7449.06
2023,11,1,2023-11,1652,4640942,908,5111.17
2023,11,1,2023-11,1653,6022058,1380,4363.81
2023,11,1,2023-11,1654,13393427,2174,6160.73
2023,11,1,2023-11,1655,13868451,2213,6266.81
2023,11,1,2023-11,1656,11118374,1788,6218.33
2023,11,1,2023-11,1657,10148000,2063,4919.05
2023,11,1,2023-11,1658,5503104,1336,4119.09
2023,11,1,2023-11,1659,12090534,1602,7547.15
2023,11,1,2023-11,1660,10049779,2008,5004.87
2023,11,1,2023-11,1661,9775787,1523,6418.77
2023,11,1,2023-11,1662,10632973,1616,6579.81
2023,11,1,2023-11,1663,13486275,2201,6127.34
2023,11,1,2023-11,1664,5149180,1000,5149.18
2023,11,1,2023-11,1665,5704532,1129,5052.73
2023,11,1,2023-11,1666,13876794,2245,6181.2
2023,11,1,2023-11,1667,5379919,755,7125.72
2023,11,1,2023-11,1668,15383471,2071,7428.04
2023,11,1,2023-11,1669,10123585,2258,4483.43
2023,11,1,2023-11,1670,7636778,1664,4589.41
2023,11,1,2023-11,1671,14597098,1966,7424.77
2023,11,1,2023-11,1672,12386225,1836,6746.31
2023,11,1,2023-11,1673,12835435,1785,7190.72
2023,11,1,2023-11,1674,7779077,1656,4697.51
2023,11,1,2023-11,1675,4966040,800,6207.55
2023,11,1,2023-11,1676,7916664,1200,6597.22
2023,11,1,2023-11,1677,12319726,1932,6376.67
2023,11,1,2023-11,1678,12032447,2188,5499.29
2023,11,1,2023-11,1679,6242407,1522,4101.45
2023,11,1,2023-11,1680,8704434,1406,6190.92
2023,11,1,2023-11,1681,4663606,942,4950.75
2023,11,1,2023-11,1682,11003151,1943,5662.97
2023,11,1,2023-11,1683,11573220,1548,7476.24
2023,11,1,2023-11,1684,9000608,1651,5451.61
2023,11,1,2023-11,1685,12064477,1698,7105.11
2023,11,1,2023-11,1686,5804926,1239,4685.17
2023,11,1,2023-11,1687,13677188,2128,6427.25
2023,11,1,2023-11,1688,12751741,1692,7536.49
2023,11,1,2023-11,1689,8754534,2012,4351.16
2023,11,1,2023-11,1690,3799160,914,4156.63
2023,11,1,2023-11,1691,4174564,746,5595.93
2023,11,1,2023-11,1692,4962887,1124,4415.38
2023,11,1,2023-11,1693,5128059,768,6677.16
2023,11,1,2023-11,1694,11481360,1563,7345.72
2023,11,1,2023-11,1695,12584971,2234,5633.38
2023,11,1,2023-11,1696,9340654,1863,5013.77
2023,11,1,2023-11,1697,4723919,831,5684.62
2023,11,1,2023-11,1698,13918989,2107,6606.07
2023,11,1,2023-11,1699,8045106,1976,4071.41
2023,11,1,2023-11,1700,5533722,905,6114.61
2023,11,1,2023-11,1701,13102712,2102,6233.45
2023,11,1,2023-11,1702,7555857,1189,6354.8
2023,11,1,2023-11,1703,9829187,1990,4939.29
2023,11,1,2023-11,1704,6177781,926,6671.47
2023,11,1,2023-11,1705,4879482,1110,4395.93
2023,11,1,2023-11,1706,6472471,1360,4759.17
2023,11,1,2023-11,1707,11810824,1656,7132.14
2023,11,1,2023-11,1708,8748874,1301,6724.73
2023,11,1,2023-11,1709,5054647,1236,4089.52
2023,11,1,2023-11,1710,7083731,1424,4974.53
2023,11,1,2023-11,1711,9827884,2050,4794.09
2023,11,1,2023-11,1712,10725285,2116,5068.66
2023,11,1,2023-11,1713,4226437,854,4948.99
2023,11,1,2023-11,1714,4298168,996,4315.43
2023,11,1,2023-11,1715,6799037,1192,5703.89
2023,11,1,2023-11,1716,9477098,1431,6622.71
2023,11,1,2023-11,1717,4772391,770,6197.91
2023,11,1,2023-11,1718,6169197,965,6392.95
2023,11,1,2023-11,1719,4810579,1107,4345.6
2023,11,1,2023-11,1720,12656374,1715,7379.81
2023,11,1,2023-11,1721,10441814,1480,7055.28
2023,11,1,2023-11,1722,13168266,1948,6759.89
2023,11,1,2023-11,1723,9684882,1379,7023.12
2023,11,1,2023-11,1724,8354935,1140,7328.89
2023,11,1,2023-11,1725,12991065,2184,5948.29
2023,11,1,2023-11,1726,6932792,1437,4824.49
2023,11,1,2023-11,1727,8269325,1320,6264.64
2023,11,1,2023-11,1728,14151228,2100,6738.68
2023,11,1,2023-11,1729,5250365,791,6637.63
2023,11,1,2023-11,1730,5542299,931,5953.06
2023,11,1,2023-11,1731,8875850,2071,4285.78
2023,11,1,2023-11,1732,6889423,1281,5378.16
2023,11,1,2023-11,1733,7395557,999,7402.96
2023,11,1,2023-11,1734,13381368,2200,6082.44
2023,11,1,2023-11,1735,10477452,1743,6011.16
2023,11,1,2023-11,1736,9497250,1890,5025
2023,11,1,2023-11,1737,10579030,1976,5353.76
2023,11,1,2023-11,1738,5260181,731,7195.87
2023,11,1,2023-11,1739,9350414,1457,6417.58
2023,11,1,2023-11,1740,12362769,1812,6822.72
2023,11,1,2023-11,1741,9804407,1713,5723.53
2023,11,1,2023-11,1742,11086027,1759,6302.46
2023,11,1,2023-11,1743,6586179,1343,4904.08
2023,11,1,2023-11,1744,10605186,1631,6502.26
2023,11,1,2023-11,1745,5492679,989,5553.77
2023,11,1,2023-11,1746,9088092,1599,5683.61
2023,11,1,2023-11,1747,12054821,1892,6371.47
2023,11,1,2023-11,1748,14330772,1941,7383.19
2023,11,1,2023-11,1749,5196885,1194,4352.5
2023,11,1,2023-11,1750,7211426,1034,6974.3
2023,11,1,2023-11,1751,9665753,1912,5055.31
2023,11,1,2023-11,1752,6809539,1205,5651.07
2023,11,1,2023-11,1753,8467438,2043,4144.61
2023,11,1,2023-11,1754,10656196,2091,5096.22
2023,11,1,2023-11,1755,10022312,1726,5806.67
2023,11,1,2023-11,1756,10248211,2376,4313.22
2023,11,1,2023-11,1757,8453123,1462,5781.89
2023,11,1,2023-11,1758,7905850,1084,7293.22
2023,11,1,2023-11,1759,8816342,1989,4432.55
2023,11,1,2023-11,1760,5754265,844,6817.85
2023,11,1,2023-11,1761,9672498,1758,5501.99
2023,11,1,2023-11,1762,5584443,871,6411.53
2023,11,1,2023-11,1763,9652450,1958,4929.75
2023,11,1,2023-11,1764,8203688,1766,4645.35
2023,11,1,2023-11,1765,6445204,1408,4577.56
2023,11,1,2023-11,1766,9294429,2155,4312.96
2023,11,1,2023-11,1767,10263500,2163,4745.03
2023,11,1,2023-11,1768,10753960,1674,6424.11
2023,11,1,2023-11,1769,7183594,1006,7140.75
2023,11,1,2023-11,1770,12436323,1802,6901.4
2023,11,1,2023-11,1771,9638961,1468,6566.05
2023,11,1,2023-11,1772,7822958,1775,4407.3
2023,11,1,2023-11,1773,6761647,1322,5114.71
2023,11,1,2023-11,1774,7805930,1513,5159.24
2023,11,1,2023-11,1775,6706136,1370,4894.99
2023,11,1,2023-11,1776,4016011,685,5862.79
2023,11,1,2023-11,1777,7618240,1262,6036.64
2023,11,1,2023-11,1778,11697857,2135,5479.09
2023,11,1,2023-11,1779,4428050,836,5296.71
2023,11,1,2023-11,1780,8240255,1179,6989.19
2023,11,1,2023-11,1781,13069020,1924,6792.63
2023,11,1,2023-11,1782,8755118,1726,5072.49
2023,11,1,2023-11,1783,9185041,1263,7272.4
2023,11,1,2023-11,1784,8455716,1138,7430.33
2023,11,1,2023-11,1785,8289068,1590,5213.25
2023,11,1,2023-11,1786,8582978,1606,5344.32
2023,11,1,2023-11,1787,11251538,1919,5863.23
2023,11,1,2023-11,1788,11845101,1592,7440.39
2023,11,1,2023-11,1789,9280090,1298,7149.53
2023,11,1,2023-11,1790,5958721,1351,4410.6
2023,11,1,2023-11,1791,10465268,1926,5433.68
2023,11,1,2023-11,1792,5543139,929,5966.78
2023,11,1,2023-11,1793,8593006,1493,5755.53
2023,11,1,2023-11,1794,7728651,1641,4709.72
2023,11,1,2023-11,1795,10980720,1568,7003.01
2023,11,1,2023-11,1796,5022256,783,6414.12
2023,11,1,2023-11,1797,11635248,1647,7064.51
2023,11,1,2023-11,1798,8960193,1258,7122.57
2023,11,1,2023-11,1799,9886753,1471,6721.11
2023,11,1,2023-11,1800,12438203,2194,5669.19
2023,11,1,2023-11,1801,8729037,1409,6195.2
2023,11,1,2023-11,1802,10143591,2181,4650.89
2023,11,1,2023-11,1803,8008428,1248,6417.01
2023,11,1,2023-11,1804,8967867,1908,4700.14
2023,11,1,2023-11,1805,7329746,1122,6532.75
2023,11,1,2023-11,1806,4101389,841,4876.8
2023,11,1,2023-11,1807,8663936,1947,4449.89
2023,11,1,2023-11,1808,8113332,1744,4652.14
2023,11,1,2023-11,1809,6361198,1562,4072.47
2023,11,1,2023-11,1810,5423400,828,6550
2023,11,1,2023-11,1811,12967112,1935,6701.35
2023,11,1,2023-11,1812,9107850,1562,5830.89
2023,11,1,2023-11,1813,8435075,1840,4584.28
2023,11,1,2023-11,1814,6975189,1601,4356.77
2023,11,1,2023-11,1815,6943148,1676,4142.69
2023,11,1,2023-11,1816,8750039,1882,4649.33
2023,11,1,2023-11,1817,17377684,2399,7243.72
2023,11,1,2023-11,1818,7599382,1564,4858.94
2023,11,1,2023-11,1819,11027878,2085,5289.15
2023,11,1,2023-11,1820,5626528,1299,4331.43
2023,11,1,2023-11,1821,9499734,1979,4800.27
2023,11,1,2023-11,1822,10789177,1847,5841.46
2023,11,1,2023-11,1823,3389137,545,6218.6
2023,11,1,2023-11,1824,4677668,930,5029.75
2023,11,1,2023-11,1825,7173590,1673,4287.86
2023,11,1,2023-11,1826,4578942,857,5342.99
2023,11,1,2023-11,1827,11037378,2292,4815.61
2023,11,1,2023-11,1828,10438857,2187,4773.14
2023,11,1,2023-11,1829,14881838,2012,7396.54
2023,11,1,2023-11,1830,7482972,1200,6235.81
2023,11,1,2023-11,1831,9843865,1628,6046.6
2023,11,1,2023-11,1832,10532342,1924,5474.19
2023,11,1,2023-11,1833,9651718,1733,5569.37
2023,11,1,2023-11,1834,10097741,1686,5989.17
2023,11,1,2023-11,1835,9960850,1517,6566.15
2023,11,1,2023-11,1836,9698843,1478,6562.14
2023,11,1,2023-11,1837,9481975,2028,4675.53
2023,11,1,2023-11,1838,7803069,1338,5831.89
2023,11,1,2023-11,1839,5834325,1066,5473.1
2023,11,1,2023-11,1840,14504805,2037,7120.67
2023,11,1,2023-11,1841,6330392,1014,6242.99
2023,11,1,2023-11,1842,10258474,1705,6016.7
2023,11,1,2023-11,1843,9907297,2255,4393.48
2023,11,1,2023-11,1844,6734793,1077,6253.29
2023,11,1,2023-11,1845,5355262,1217,4400.38
2023,11,1,2023-11,1846,9245739,1749,5286.3
2023,11,1,2023-11,1847,5553842,1207,4601.36
2023,11,1,2023-11,1848,6800964,1035,6570.98
2023,11,1,2023-11,1849,5893089,1244,4737.21
2023,11,1,2023-11,1850,9419662,1727,5454.35
2023,11,1,2023-11,1851,9551068,1323,7219.25
2023,11,1,2023-11,1852,7006422,1479,4737.27
2023,11,1,2023-11,1853,9920230,1692,5863.02
2023,11,1,2023-11,1854,9661542,1731,5581.48
2023,11,1,2023-11,1855,5543915,1357,4085.42
2023,11,1,2023-11,1856,13821548,2005,6893.54
2023,11,1,2023-11,1857,7489903,1761,4253.21
2023,11,1,2023-11,1858,6736333,1183,5694.28
2023,11,1,2023-11,1859,6693126,1109,6035.28
2023,11,1,2023-11,1860,14525478,2313,6279.93
2023,11,1,2023-11,1861,12746955,1950,6536.9
2023,11,1,2023-11,1862,6491685,1326,4895.69
2023,11,1,2023-11,1863,6746924,1614,4180.25
2023,11,1,2023-11,1864,12125031,1851,6550.53
2023,11,1,2023-11,1865,8699426,1457,5970.78
2023,11,1,2023-11,1866,11563175,1647,7020.75
2023,11,1,2023-11,1867,9802038,1410,6951.8
2023,11,1,2023-11,1868,7418115,1052,7051.44
2023,11,1,2023-11,1869,7710122,1327,5810.19
2023,11,1,2023-11,1870,10341411,1960,5276.23
2023,11,1,2023-11,1871,10571561,1540,6864.65
2023,11,1,2023-11,1872,6377745,1124,5674.15
2023,11,1,2023-11,1873,9777632,2106,4642.75
2023,11,1,2023-11,1874,11092873,1564,7092.63
2023,11,1,2023-11,1875,6235652,864,7217.19
2023,11,1,2023-11,1876,5828904,1039,5610.11
2023,11,1,2023-11,1877,9148552,2117,4321.47
2023,11,1,2023-11,1878,5538905,1021,5424.98
2023,11,1,2023-11,1879,14206792,2037,6974.37
2023,11,1,2023-11,1880,9683810,1331,7275.59
2023,11,1,2023-11,1881,5141044,1072,4795.75
2023,11,1,2023-11,1882,2586036,605,4274.44
2023,11,1,2023-11,1883,16292973,2260,7209.28
2023,11,1,2023-11,1884,8271724,1514,5463.49
2023,11,1,2023-11,1885,9856737,1664,5923.52
2023,11,1,2023-11,1886,7248133,964,7518.81
2023,11,1,2023-11,1887,10134502,2336,4338.4
2023,11,1,2023-11,1888,14057265,2194,6407.14
2023,11,1,2023-11,1889,6702961,1554,4313.36
2023,11,1,2023-11,1890,5856744,1084,5402.9
2023,11,1,2023-11,1891,12241549,1759,6959.38
2023,11,1,2023-11,1892,5671839,1023,5544.32
2023,11,1,2023-11,1893,9911565,1299,7630.15
2023,11,1,2023-11,1894,10082492,1693,5955.4
2023,11,1,2023-11,1895,10843356,2072,5233.28
2023,11,1,2023-11,1896,10928094,2269,4816.26
2023,11,1,2023-11,1897,8467393,1599,5295.43
2023,11,1,2023-11,1898,11615880,2170,5352.94
2023,11,1,2023-11,1899,7844003,1828,4291.03
2023,11,1,2023-11,1900,5335829,992,5378.86
2023,11,1,2023-11,1901,8104033,1412,5739.4
2023,11,1,2023-11,1902,10110941,1512,6687.13
2023,11,1,2023-11,1903,9886825,1546,6395.1
2023,11,1,2023-11,1904,5359280,824,6503.98
2023,11,1,2023-11,1905,3428819,829,4136.09
2023,11,1,2023-11,1906,5334402,1121,4758.61
2023,11,1,2023-11,1907,11524073,1803,6391.61
2023,11,1,2023-11,1908,7244185,1259,5753.92
2023,11,1,2023-11,1909,4286586,1054,4066.97
2023,11,1,2023-11,1910,12670556,1846,6863.79
2023,11,1,2023-11,1911,12417130,1840,6748.44
2023,11,1,2023-11,1912,6749766,1124,6005.13
2023,11,1,2023-11,1913,8820799,2076,4248.94
2023,11,1,2023-11,1914,12171441,1778,6845.58
2023,11,1,2023-11,1915,6791384,1112,6107.36
2023,11,1,2023-11,1916,6902592,1016,6793.89
2023,11,1,2023-11,1917,4418061,649,6807.49
2023,11,1,2023-11,1918,12513374,1804,6936.46
2023,11,1,2023-11,1919,4093430,680,6019.75
2023,11,1,2023-11,1920,7474051,1675,4462.12
2023,11,1,2023-11,1921,7776817,1205,6453.79
2023,11,1,2023-11,1922,12777974,2033,6285.28
2023,11,1,2023-11,1923,6418226,958,6699.61
2023,11,1,2023-11,1924,6210135,1339,4637.89
2023,11,1,2023-11,1925,3503898,730,4799.86
2023,11,1,2023-11,1926,11068414,1527,7248.47
2023,11,1,2023-11,1927,12515168,1882,6649.93
2023,11,1,2023-11,1928,16157456,2228,7252
2023,11,1,2023-11,1929,6362827,949,6704.77
2023,11,1,2023-11,1930,14627864,2369,6174.7
2023,11,1,2023-11,1931,8450637,1315,6426.34
2023,11,1,2023-11,1932,16429315,2280,7205.84
2023,11,1,2023-11,1933,8837477,1448,6103.23
2023,11,1,2023-11,1934,14972299,2391,6261.94
2023,11,1,2023-11,1935,10079318,2172,4640.57
2023,11,1,2023-11,1936,12031458,2076,5795.5
2023,11,1,2023-11,1937,13427050,2033,6604.55
2023,11,1,2023-11,1938,4165614,819,5086.22
2023,11,1,2023-11,1939,4669395,984,4745.32
2023,11,1,2023-11,1940,7377317,1445,5105.41
2023,11,1,2023-11,1941,3674997,743,4946.16
2023,11,1,2023-11,1942,5416848,1126,4810.7
2023,11,1,2023-11,1943,11276651,2036,5538.63
2023,11,1,2023-11,1944,7132730,978,7293.18
2023,11,1,2023-11,1945,9513976,1644,5787.09
2023,11,1,2023-11,1946,9818134,2116,4639.95
2023,11,1,2023-11,1947,9392897,2171,4326.53
2023,11,1,2023-11,1948,5970029,911,6553.27
2023,11,1,2023-11,1949,6956196,1270,5477.32
2023,11,1,2023-11,1950,11285093,1607,7022.46
2023,11,1,2023-11,1951,7479765,1163,6431.44
2023,11,1,2023-11,1952,10012558,1441,6948.34
2023,11,1,2023-11,1953,7384684,1465,5040.74
2023,11,1,2023-11,1954,10400967,1599,6504.67
2023,11,1,2023-11,1955,3864269,768,5031.6
2023,11,1,2023-11,1956,12716088,1709,7440.66
2023,11,1,2023-11,1957,13176929,2085,6319.87
2023,11,1,2023-11,1958,9501099,1844,5152.44
2023,11,1,2023-11,1959,8178339,1659,4929.68
2023,11,1,2023-11,1960,4424008,928,4767.25
2023,11,1,2023-11,1961,11305041,1726,6549.85
2023,11,1,2023-11,1962,9581776,1973,4856.45
2023,11,1,2023-11,1963,12892224,2075,6213.12
2023,11,1,2023-11,1964,4694619,948,4952.13
2023,11,1,2023-11,1965,13078281,2067,6327.18
2023,11,1,2023-11,1966,9110414,1305,6981.16
2023,11,1,2023-11,1967,15363062,2233,6880.01
2023,11,1,2023-11,1968,10998149,1622,6780.61
2023,11,1,2023-11,1969,6046326,1300,4651.02
2023,11,1,2023-11,1970,5756131,1316,4373.96
2023,11,1,2023-11,1971,6713845,1034,6493.08
2023,11,1,2023-11,1972,5637663,1065,5293.58
2023,11,1,2023-11,1973,9868486,1765,5591.21
2023,11,1,2023-11,1974,5874102,1410,4166.03
2023,11,1,2023-11,1975,6113198,1230,4970.08
2023,11,1,2023-11,1976,9116100,2177,4187.46
2023,11,1,2023-11,1977,7409286,1036,7151.82
2023,11,1,2023-11,1978,8414209,1710,4920.59
2023,11,1,2023-11,1979,10576304,1758,6016.1
2023,11,1,2023-11,1980,6563666,1572,4175.36
2023,11,1,2023-11,1981,10827540,1681,6441.13
2023,11,1,2023-11,1982,5610978,1069,5248.81
2023,11,1,2023-11,1983,10385186,1429,7267.45
2023,11,1,2023-11,1984,6131283,846,7247.38
2023,11,1,2023-11,1985,11101807,2131,5209.67
2023,11,1,2023-11,1986,7542159,1035,7287.11
2023,11,1,2023-11,1987,13267996,1734,7651.67
2023,11,1,2023-11,1988,14584635,2060,7079.92
2023,11,1,2023-11,1989,12686646,1782,7119.33
2023,11,1,2023-11,1990,5210621,1056,4934.3
2023,11,1,2023-11,1991,12175592,1977,6158.62
2023,11,1,2023-11,1992,3268784,758,4312.38
2023,11,1,2023-11,1993,5924071,1359,4359.14
2023,11,1,2023-11,1994,12491792,1635,7640.24
2023,11,1,2023-11,1995,6665743,1291,5163.24
2023,11,1,2023-11,1996,10393937,1541,6744.93
2023,11,1,2023-11,1997,16586113,2367,7007.23
2023,11,1,2023-11,1998,15477217,2165,7148.83
2023,11,1,2023-11,1999,9879218,1289,7664.25
2023,11,1,2023-11,2000,7236643,1479,4892.93
2023,11,1,2023-11,2001,3779258,897,4213.22
2023,11,1,2023-11,2002,9702438,1749,5547.42
2023,11,1,2023-11,2003,5775830,1284,4498.31
2023,11,1,2023-11,2004,4424463,1064,4158.33
2023,11,1,2023-11,2005,9778522,1826,5355.16
2023,11,1,2023-11,2006,12675749,1843,6877.78
2023,11,1,2023-11,2007,10877845,1806,6023.17
2023,11,1,2023-11,2008,6094016,1167,5221.95
2023,11,1,2023-11,2009,7647176,1194,6404.67
2023,11,1,2023-11,2010,11314822,2323,4870.78
2023,11,1,2023-11,2011,8176916,1997,4094.6
2023,11,1,2023-11,2012,8022239,1184,6775.54
2023,11,1,2023-11,2013,10217533,1638,6237.81
2023,11,1,2023-11,2014,15107163,2214,6823.47
2023,11,1,2023-11,2015,4014147,949,4229.87
2023,11,1,2023-11,2016,15201234,2146,7083.52
2023,11,1,2023-11,2017,9833930,1554,6328.14
2023,11,1,2023-11,2018,12658098,2086,6068.12
2023,11,1,2023-11,2019,13586125,2190,6203.71
2023,11,1,2023-11,2020,11761662,1642,7163.01
2023,11,1,2023-11,2021,4880691,791,6170.28
2023,11,1,2023-11,2022,10483395,1693,6192.2
2023,11,1,2023-11,2023,12413339,1626,7634.28
2023,11,1,2023-11,2024,10667866,1579,6756.09
2023,11,1,2023-11,2025,5671165,1009,5620.58
2023,11,1,2023-11,2026,10133735,1531,6619.03
2023,11,1,2023-11,2027,6732715,1266,5318.1
2023,11,1,2023-11,2028,10073279,2066,4875.74
2023,11,1,2023-11,2029,11006046,1769,6221.62
2023,11,1,2023-11,2030,9063738,1232,7356.93
2023,11,1,2023-11,2031,6988519,951,7348.6
2023,11,1,2023-11,2032,4315247,817,5281.82
2023,11,1,2023-11,2033,8252003,1377,5992.74
2023,11,1,2023-11,2034,4929719,1022,4823.6
2023,11,1,2023-11,2035,11215317,1481,7572.8
2023,11,1,2023-11,2036,15258037,2006,7606.2
2023,11,1,2023-11,2037,8520611,1325,6430.65
2023,11,1,2023-11,2038,8233300,1196,6884.03
2023,11,1,2023-11,2039,7117494,1058,6727.31
2023,11,1,2023-11,2040,4784700,776,6165.85
2023,11,1,2023-11,2041,6155618,1438,4280.68
2023,11,1,2023-11,2042,5761394,1010,5704.35
2023,11,1,2023-11,2043,12190103,1897,6425.99
2023,11,1,2023-11,2044,4603079,714,6446.89
2023,11,1,2023-11,2045,9162019,1702,5383.09
2023,11,1,2023-11,2046,13532009,1847,7326.48
2023,11,1,2023-11,2047,8404387,1795,4682.11
2023,11,1,2023-11,2048,4679808,814,5749.15
2023,11,1,2023-11,2049,5622920,863,6515.55
2023,11,1,2023-11,2050,13358850,2053,6506.99
2023,11,1,2023-11,2051,13240225,2072,6390.07
2023,11,1,2023-11,2052,6070615,1231,4931.45
2023,11,1,2023-11,2053,11036420,2436,4530.55
2023,11,1,2023-11,2054,13068089,2077,6291.81
2023,11,1,2023-11,2055,7484460,1205,6211.17
2023,11,1,2023-11,2056,5473158,1165,4697.99
2023,11,1,2023-11,2057,10422198,1576,6613.07
2023,11,1,2023-11,2058,10861880,1913,5677.93
2023,11,1,2023-11,2059,6174250,960,6431.51
2023,11,1,2023-11,2060,15237808,2180,6989.82
2023,11,1,2023-11,2061,6120252,1318,4643.59
2023,11,1,2023-11,2062,5201322,1264,4114.97
2023,11,1,2023-11,2063,5524742,820,6737.49
2023,11,1,2023-11,2064,9258765,1497,6184.88
2023,11,1,2023-11,2065,11328092,1725,6567.01
2023,11,1,2023-11,2066,11736468,1665,7048.93
2023,11,1,2023-11,2067,14993837,2172,6903.24
2023,11,1,2023-11,2068,15798176,2120,7451.97
2023,11,1,2023-11,2069,4565270,776,5883.08
2023,11,1,2023-11,2070,12663879,2224,5694.19
2023,11,1,2023-11,2071,9592573,1754,5468.97
2023,11,1,2023-11,2072,6477421,1389,4663.37
2023,11,1,2023-11,2073,7203273,1182,6094.14
2023,11,1,2023-11,2074,7151443,1407,5082.76
2023,11,1,2023-11,2075,12333302,1693,7284.88
2023,11,1,2023-11,2076,12967915,2111,6143.02
2023,11,1,2023-11,2077,11714164,1910,6133.07
2023,11,1,2023-11,2078,10357316,1961,5281.65
2023,11,1,2023-11,2079,6314642,1480,4266.65
2023,11,1,2023-11,2080,8073981,1943,4155.42
2023,11,1,2023-11,2081,5502517,1001,5497.02
2023,11,1,2023-11,2082,4802352,1103,4353.9
2023,11,1,2023-11,2083,6578223,1064,6182.54
2023,11,1,2023-11,2084,13893992,1949,7128.78
2023,12,1,2023-12,1,15016231,2078,7226.29
2023,12,1,2023-12,2,9981860,2050,4869.2
2023,12,1,2023-12,3,7291831,1622,4495.58
2023,12,1,2023-12,4,10662414,2100,5077.34
2023,12,1,2023-12,5,8420595,1905,4420.26
2023,12,1,2023-12,6,11057937,1819,6079.13
2023,12,1,2023-12,7,14700620,1933,7605.08
2023,12,1,2023-12,8,4091434,960,4261.91
2023,12,1,2023-12,9,6266839,1345,4659.36
2023,12,1,2023-12,10,12015473,2093,5740.79
2023,12,1,2023-12,11,8567519,1146,7476.02
2023,12,1,2023-12,12,12305248,2275,5408.9
2023,12,1,2023-12,13,3684461,621,5933.11
2023,12,1,2023-12,14,8888903,2032,4374.46
2023,12,1,2023-12,15,8557631,1827,4683.98
2023,12,1,2023-12,16,12474536,1633,7639.03
2023,12,1,2023-12,17,5304894,703,7546.08
2023,12,1,2023-12,18,8432555,2019,4176.6
2023,12,1,2023-12,19,11275887,1501,7512.25
2023,12,1,2023-12,20,7651331,1190,6429.69
2023,12,1,2023-12,21,16563731,2308,7176.66
2023,12,1,2023-12,22,8593584,1482,5798.64
2023,12,1,2023-12,23,6749728,1138,5931.22
2023,12,1,2023-12,24,11031081,1869,5902.13
2023,12,1,2023-12,25,10653252,1644,6480.08
2023,12,1,2023-12,26,3838210,815,4709.46
2023,12,1,2023-12,27,8524802,2046,4166.57
2023,12,1,2023-12,28,6177668,1178,5244.2
2023,12,1,2023-12,29,14351016,2141,6702.95
2023,12,1,2023-12,30,4090715,836,4893.2
2023,12,1,2023-12,31,5656990,869,6509.77
2023,12,1,2023-12,32,11920408,1579,7549.34
2023,12,1,2023-12,33,8503640,1879,4525.62
2023,12,1,2023-12,34,7278636,1110,6557.33
2023,12,1,2023-12,35,9664602,1697,5695.11
2023,12,1,2023-12,36,8146767,1116,7299.97
2023,12,1,2023-12,37,11346085,2382,4763.26
2023,12,1,2023-12,38,11103055,1681,6605.03
2023,12,1,2023-12,39,14048228,1974,7116.63
2023,12,1,2023-12,40,7667913,1022,7502.85
2023,12,1,2023-12,41,12178502,1855,6565.23
2023,12,1,2023-12,42,9001488,1513,5949.43
2023,12,1,2023-12,43,11824016,1837,6436.59
2023,12,1,2023-12,44,9796148,1360,7203.05
2023,12,1,2023-12,45,12296595,1989,6182.3
2023,12,1,2023-12,46,7740973,1819,4255.62
2023,12,1,2023-12,47,15941607,2123,7509
2023,12,1,2023-12,48,8808402,1321,6667.98
2023,12,1,2023-12,49,5360908,816,6569.74
2023,12,1,2023-12,50,8811286,1799,4897.88
2023,12,1,2023-12,51,6186641,946,6539.79
2023,12,1,2023-12,52,11486921,2092,5490.88
2023,12,1,2023-12,53,8345196,1306,6389.89
2023,12,1,2023-12,54,6490196,1395,4652.47
2023,12,1,2023-12,55,6350700,981,6473.7
2023,12,1,2023-12,56,4567079,592,7714.66
2023,12,1,2023-12,57,2719569,625,4351.31
2023,12,1,2023-12,58,13735627,1791,7669.25
2023,12,1,2023-12,59,11833676,2094,5651.23
2023,12,1,2023-12,60,10540497,1441,7314.71
2023,12,1,2023-12,61,10846670,1574,6891.15
2023,12,1,2023-12,62,13782093,2208,6241.89
2023,12,1,2023-12,63,5921227,868,6821.69
2023,12,1,2023-12,64,15139556,2069,7317.33
2023,12,1,2023-12,65,10465371,1862,5620.5
2023,12,1,2023-12,66,11959773,2289,5224.89
2023,12,1,2023-12,67,15358472,2350,6535.52
2023,12,1,2023-12,68,10078382,1439,7003.74
2023,12,1,2023-12,69,11221576,1642,6834.09
2023,12,1,2023-12,70,5186098,742,6989.35
2023,12,1,2023-12,71,6734690,1171,5751.23
2023,12,1,2023-12,72,13503555,1903,7095.93
2023,12,1,2023-12,73,10364414,2251,4604.36
2023,12,1,2023-12,74,10975572,1804,6084.02
2023,12,1,2023-12,75,7008573,1672,4191.73
2023,12,1,2023-12,76,11050486,2082,5307.63
2023,12,1,2023-12,77,6941668,1260,5509.26
2023,12,1,2023-12,78,10166128,1814,5604.26
2023,12,1,2023-12,79,15319510,2303,6651.98
2023,12,1,2023-12,80,8666632,1573,5509.62
2023,12,1,2023-12,81,6350652,1100,5773.32
2023,12,1,2023-12,82,7674143,1530,5015.78
2023,12,1,2023-12,83,4556383,829,5496.24
2023,12,1,2023-12,84,6128912,1239,4946.66
2023,12,1,2023-12,85,8650868,1972,4386.85
2023,12,1,2023-12,86,6184166,977,6329.75
2023,12,1,2023-12,87,10602477,1629,6508.58
2023,12,1,2023-12,88,12423756,1953,6361.37
2023,12,1,2023-12,89,6903412,1182,5840.45
2023,12,1,2023-12,90,12440724,2248,5534.13
2023,12,1,2023-12,91,15697024,2182,7193.87
2023,12,1,2023-12,92,10257188,1702,6026.55
2023,12,1,2023-12,93,7356688,1234,5961.66
2023,12,1,2023-12,94,6350469,1485,4276.41
2023,12,1,2023-12,95,5235166,976,5363.9
2023,12,1,2023-12,96,9298383,1668,5574.57
2023,12,1,2023-12,97,11175314,1967,5681.4
2023,12,1,2023-12,98,10240118,1633,6270.74
2023,12,1,2023-12,99,5795600,968,5987.19
2023,12,1,2023-12,100,10466848,1646,6358.96
2023,12,1,2023-12,101,7065335,1016,6954.07
2023,12,1,2023-12,102,8534658,1224,6972.76
2023,12,1,2023-12,103,8216461,1214,6768.09
2023,12,1,2023-12,104,13855104,1831,7566.96
2023,12,1,2023-12,105,8411865,1966,4278.67
2023,12,1,2023-12,106,3260604,672,4852.09
2023,12,1,2023-12,107,3348975,798,4196.71
2023,12,1,2023-12,108,8286593,1277,6489.11
2023,12,1,2023-12,109,17698995,2391,7402.34
2023,12,1,2023-12,110,9587894,1900,5046.26
2023,12,1,2023-12,111,9641392,1297,7433.61
2023,12,1,2023-12,112,10494473,2408,4358.17
2023,12,1,2023-12,113,14235531,1898,7500.28
2023,12,1,2023-12,114,10330507,1889,5468.77
2023,12,1,2023-12,115,6577272,1449,4539.18
2023,12,1,2023-12,116,6480372,1105,5864.59
2023,12,1,2023-12,117,6798718,1351,5032.36
2023,12,1,2023-12,118,4751097,913,5203.83
2023,12,1,2023-12,119,5521110,1055,5233.28
2023,12,1,2023-12,120,6922593,980,7063.87
2023,12,1,2023-12,121,12025122,1977,6082.51
2023,12,1,2023-12,122,3595615,674,5334.74
2023,12,1,2023-12,123,11957579,1896,6306.74
2023,12,1,2023-12,124,4890976,721,6783.6
2023,12,1,2023-12,125,5392090,1042,5174.75
2023,12,1,2023-12,126,8305117,1479,5615.36
2023,12,1,2023-12,127,8164763,1794,4551.15
2023,12,1,2023-12,128,9471252,1937,4889.65
2023,12,1,2023-12,129,10844851,1655,6552.78
2023,12,1,2023-12,130,6181148,1283,4817.73
2023,12,1,2023-12,131,6619170,1094,6050.43
2023,12,1,2023-12,132,11004706,1644,6693.86
2023,12,1,2023-12,133,3278181,717,4572.08
2023,12,1,2023-12,134,8503241,1384,6143.96
2023,12,1,2023-12,135,8477831,1643,5159.97
2023,12,1,2023-12,136,14283683,1888,7565.51
2023,12,1,2023-12,137,7396247,1258,5879.37
2023,12,1,2023-12,138,17690832,2536,6975.88
2023,12,1,2023-12,139,6788892,1100,6171.72
2023,12,1,2023-12,140,8138818,1852,4394.61
2023,12,1,2023-12,141,12385786,1902,6511.98
2023,12,1,2023-12,142,9918957,1303,7612.4
2023,12,1,2023-12,143,9513459,1512,6291.97
2023,12,1,2023-12,144,7250952,1023,7087.93
2023,12,1,2023-12,145,11448768,1567,7306.17
2023,12,1,2023-12,146,7271326,1479,4916.38
2023,12,1,2023-12,147,5630399,1149,4900.26
2023,12,1,2023-12,148,6740575,1056,6383.12
2023,12,1,2023-12,149,11576554,2072,5587.14
2023,12,1,2023-12,150,11704220,1658,7059.24
2023,12,1,2023-12,151,17240837,2355,7320.95
2023,12,1,2023-12,152,9772896,1791,5456.67
2023,12,1,2023-12,153,7210405,1464,4925.14
2023,12,1,2023-12,154,13766254,1987,6928.16
2023,12,1,2023-12,155,7978596,1558,5121.05
2023,12,1,2023-12,156,12772667,1796,7111.73
2023,12,1,2023-12,157,4801484,845,5682.23
2023,12,1,2023-12,158,6864710,1046,6562.82
2023,12,1,2023-12,159,9868185,2198,4489.62
2023,12,1,2023-12,160,7557895,1191,6345.84
2023,12,1,2023-12,161,9183924,1580,5812.61
2023,12,1,2023-12,162,12363491,2002,6175.57
2023,12,1,2023-12,163,7028441,1467,4791.03
2023,12,1,2023-12,164,11375642,1662,6844.55
2023,12,1,2023-12,165,9054190,1232,7349.18
2023,12,1,2023-12,166,11100207,2267,4896.43
2023,12,1,2023-12,167,9287804,2077,4471.74
2023,12,1,2023-12,168,8088026,1907,4241.23
2023,12,1,2023-12,169,9555782,1481,6452.25
2023,12,1,2023-12,170,10198108,1602,6365.86
2023,12,1,2023-12,171,7117203,1160,6135.52
2023,12,1,2023-12,172,9247290,1861,4968.99
2023,12,1,2023-12,173,9007131,1623,5549.68
2023,12,1,2023-12,174,9475015,1498,6325.11
2023,12,1,2023-12,175,10618330,1807,5876.22
2023,12,1,2023-12,176,16837015,2192,7681.12
2023,12,1,2023-12,177,10558473,2262,4667.76
2023,12,1,2023-12,178,13362746,2026,6595.63
2023,12,1,2023-12,179,10656963,1958,5442.78
2023,12,1,2023-12,180,12057743,2096,5752.74
2023,12,1,2023-12,181,7126507,1060,6723.12
2023,12,1,2023-12,182,13332268,2027,6577.34
2023,12,1,2023-12,183,16761219,2164,7745.48
2023,12,1,2023-12,184,10166979,2208,4604.61
2023,12,1,2023-12,185,10385683,2318,4480.45
2023,12,1,2023-12,186,8922798,1319,6764.82
2023,12,1,2023-12,187,9105073,1462,6227.82
2023,12,1,2023-12,188,8316491,1628,5108.41
2023,12,1,2023-12,189,8666993,1968,4403.96
2023,12,1,2023-12,190,10198096,2310,4414.76
2023,12,1,2023-12,191,12399665,1678,7389.55
2023,12,1,2023-12,192,11579990,2420,4785.12
2023,12,1,2023-12,193,10647674,2018,5276.35
2023,12,1,2023-12,194,6789607,1366,4970.43
2023,12,1,2023-12,195,5968869,1087,5491.14
2023,12,1,2023-12,196,9130583,2071,4408.78
2023,12,1,2023-12,197,11130798,1843,6039.5
2023,12,1,2023-12,198,5712381,1298,4400.91
2023,12,1,2023-12,199,9433763,1336,7061.2
2023,12,1,2023-12,200,11258680,2217,5078.34
2023,12,1,2023-12,201,12737509,2099,6068.37
2023,12,1,2023-12,202,15672550,2145,7306.55
2023,12,1,2023-12,203,12544302,1932,6492.91
2023,12,1,2023-12,204,6494456,1067,6086.65
2023,12,1,2023-12,205,7168249,1347,5321.64
2023,12,1,2023-12,206,10314520,1938,5322.25
2023,12,1,2023-12,207,14622769,2232,6551.42
2023,12,1,2023-12,208,15827568,2023,7823.81
2023,12,1,2023-12,209,11403109,1744,6538.48
2023,12,1,2023-12,210,10245018,1689,6065.73
2023,12,1,2023-12,211,12310737,1823,6753.01
2023,12,1,2023-12,212,8824287,1516,5820.77
2023,12,1,2023-12,213,3643297,835,4363.23
2023,12,1,2023-12,214,5973682,969,6164.79
2023,12,1,2023-12,215,10460394,1377,7596.51
2023,12,1,2023-12,216,2676307,557,4804.86
2023,12,1,2023-12,217,9251797,1394,6636.87
2023,12,1,2023-12,218,9439757,1920,4916.54
2023,12,1,2023-12,219,9230899,1537,6005.79
2023,12,1,2023-12,220,10109273,2252,4489.02
2023,12,1,2023-12,221,12117119,2094,5786.59
2023,12,1,2023-12,222,13740486,1999,6873.68
2023,12,1,2023-12,223,7254262,1351,5369.55
2023,12,1,2023-12,224,13380968,2055,6511.42
2023,12,1,2023-12,225,7375893,1059,6964.96
2023,12,1,2023-12,226,10165066,1352,7518.54
2023,12,1,2023-12,227,11845646,2412,4911.13
2023,12,1,2023-12,228,5084417,920,5526.54
2023,12,1,2023-12,229,9881272,2094,4718.85
2023,12,1,2023-12,230,6835884,884,7732.9
2023,12,1,2023-12,231,8816556,1191,7402.65
2023,12,1,2023-12,232,9516589,1556,6116.06
2023,12,1,2023-12,233,7651524,1066,7177.79
2023,12,1,2023-12,234,6182030,1023,6043.04
2023,12,1,2023-12,235,9617883,1505,6390.62
2023,12,1,2023-12,236,3962385,882,4492.5
2023,12,1,2023-12,237,14006967,2036,6879.65
2023,12,1,2023-12,238,7250301,1565,4632.78
2023,12,1,2023-12,239,7180458,1008,7123.47
2023,12,1,2023-12,240,8723417,1255,6950.93
2023,12,1,2023-12,241,12829022,1918,6688.75
2023,12,1,2023-12,242,7776488,1811,4294.03
2023,12,1,2023-12,243,3994598,757,5276.88
2023,12,1,2023-12,244,10255633,1978,5184.85
2023,12,1,2023-12,245,6801794,1244,5467.68
2023,12,1,2023-12,246,9665240,2155,4485.03
2023,12,1,2023-12,247,11596072,1533,7564.3
2023,12,1,2023-12,248,9251401,1503,6155.29
2023,12,1,2023-12,249,7582489,1458,5200.61
2023,12,1,2023-12,250,6673591,1204,5542.85
2023,12,1,2023-12,251,11389938,1951,5838
2023,12,1,2023-12,252,5645628,900,6272.92
2023,12,1,2023-12,253,11378183,1888,6026.58
2023,12,1,2023-12,254,12406104,1676,7402.21
2023,12,1,2023-12,255,6411119,1070,5991.7
2023,12,1,2023-12,256,13928101,1812,7686.59
2023,12,1,2023-12,257,9477231,1315,7207.02
2023,12,1,2023-12,258,5081354,1039,4890.62
2023,12,1,2023-12,259,10911362,1453,7509.54
2023,12,1,2023-12,260,7440274,1625,4578.63
2023,12,1,2023-12,261,7955922,1117,7122.58
2023,12,1,2023-12,262,5047542,910,5546.75
2023,12,1,2023-12,263,15755334,2155,7311.06
2023,12,1,2023-12,264,18930473,2596,7292.17
2023,12,1,2023-12,265,7192092,1017,7071.87
2023,12,1,2023-12,266,5551543,797,6965.55
2023,12,1,2023-12,267,6065041,1161,5223.98
2023,12,1,2023-12,268,6675925,1479,4513.81
2023,12,1,2023-12,269,10475774,1861,5629.11
2023,12,1,2023-12,270,7804306,1628,4793.8
2023,12,1,2023-12,271,5087282,770,6606.86
2023,12,1,2023-12,272,8846411,1665,5313.16
2023,12,1,2023-12,273,16384410,2146,7634.86
2023,12,1,2023-12,274,5754188,895,6429.26
2023,12,1,2023-12,275,7291165,1029,7085.68
2023,12,1,2023-12,276,9002932,1929,4667.15
2023,12,1,2023-12,277,15109687,2067,7309.96
2023,12,1,2023-12,278,14769574,1967,7508.68
2023,12,1,2023-12,279,4291840,731,5871.19
2023,12,1,2023-12,280,12997447,2047,6349.51
2023,12,1,2023-12,281,12086406,1759,6871.18
2023,12,1,2023-12,282,7478356,1592,4697.46
2023,12,1,2023-12,283,5849371,983,5950.53
2023,12,1,2023-12,284,9833718,1744,5638.6
2023,12,1,2023-12,285,5969037,1280,4663.31
2023,12,1,2023-12,286,4373265,794,5507.89
2023,12,1,2023-12,287,3276270,750,4368.36
2023,12,1,2023-12,288,8649307,2022,4277.6
2023,12,1,2023-12,289,6441160,1392,4627.27
2023,12,1,2023-12,290,11638181,1517,7671.84
2023,12,1,2023-12,291,14353918,2350,6108.05
2023,12,1,2023-12,292,17142580,2259,7588.57
2023,12,1,2023-12,293,2613475,453,5769.26
2023,12,1,2023-12,294,5816594,1109,5244.9
2023,12,1,2023-12,295,11504474,1925,5976.35
2023,12,1,2023-12,296,11655951,2044,5702.52
2023,12,1,2023-12,297,6060775,1325,4574.17
2023,12,1,2023-12,298,15019218,2308,6507.46
2023,12,1,2023-12,299,4584060,936,4897.5
2023,12,1,2023-12,300,6032965,943,6397.63
2023,12,1,2023-12,301,11342928,1742,6511.44
2023,12,1,2023-12,302,6854151,1457,4704.29
2023,12,1,2023-12,303,4820145,1085,4442.53
2023,12,1,2023-12,304,10204972,1454,7018.55
2023,12,1,2023-12,305,10752732,1866,5762.45
2023,12,1,2023-12,306,7530746,1705,4416.86
2023,12,1,2023-12,307,8242876,1065,7739.79
2023,12,1,2023-12,308,7100258,1624,4372.08
2023,12,1,2023-12,309,7939450,1197,6632.79
2023,12,1,2023-12,310,16841417,2213,7610.22
2023,12,1,2023-12,311,7489979,1491,5023.46
2023,12,1,2023-12,312,9612160,2055,4677.45
2023,12,1,2023-12,313,8215692,1756,4678.64
2023,12,1,2023-12,314,10727246,2059,5209.93
2023,12,1,2023-12,315,5630181,1267,4443.71
2023,12,1,2023-12,316,9975098,1516,6579.88
2023,12,1,2023-12,317,7816647,1757,4448.86
2023,12,1,2023-12,318,9658518,1621,5958.37
2023,12,1,2023-12,319,11342628,1457,7784.92
2023,12,1,2023-12,320,12859330,1819,7069.45
2023,12,1,2023-12,321,8845270,1401,6313.54
2023,12,1,2023-12,322,12449848,2331,5340.99
2023,12,1,2023-12,323,11715598,1817,6447.77
2023,12,1,2023-12,324,8718465,1445,6033.54
2023,12,1,2023-12,325,3223130,563,5724.92
2023,12,1,2023-12,326,4211307,910,4627.81
2023,12,1,2023-12,327,16072219,2187,7348.98
2023,12,1,2023-12,328,7579992,1297,5844.25
2023,12,1,2023-12,329,5619766,1175,4782.78
2023,12,1,2023-12,330,10097316,1851,5455.06
2023,12,1,2023-12,331,4725122,838,5638.57
2023,12,1,2023-12,332,7610708,1067,7132.81
2023,12,1,2023-12,333,14560080,2165,6725.21
2023,12,1,2023-12,334,9987825,1437,6950.47
2023,12,1,2023-12,335,4415106,1066,4141.75
2023,12,1,2023-12,336,9315646,1667,5588.27
2023,12,1,2023-12,337,10612824,1809,5866.68
2023,12,1,2023-12,338,5988412,1390,4308.21
2023,12,1,2023-12,339,9332187,1795,5198.99
2023,12,1,2023-12,340,11162436,1618,6898.91
2023,12,1,2023-12,341,6131417,1323,4634.48
2023,12,1,2023-12,342,8606816,1416,6078.26
2023,12,1,2023-12,343,10438072,2113,4939.93
2023,12,1,2023-12,344,8100783,1900,4263.57
2023,12,1,2023-12,345,3012632,607,4963.15
2023,12,1,2023-12,346,14827755,1925,7702.73
2023,12,1,2023-12,347,12800249,1839,6960.44
2023,12,1,2023-12,348,6070314,802,7568.97
2023,12,1,2023-12,349,7760025,1315,5901.16
2023,12,1,2023-12,350,8756955,1918,4565.67
2023,12,1,2023-12,351,13719018,2243,6116.37
2023,12,1,2023-12,352,8411809,1453,5789.27
2023,12,1,2023-12,353,6167457,859,7179.81
2023,12,1,2023-12,354,7951104,1792,4437
2023,12,1,2023-12,355,5537266,934,5928.55
2023,12,1,2023-12,356,10259847,2170,4728.04
2023,12,1,2023-12,357,6442041,1198,5377.33
2023,12,1,2023-12,358,7950876,1156,6877.92
2023,12,1,2023-12,359,5648162,961,5877.38
2023,12,1,2023-12,360,7411022,1332,5563.83
2023,12,1,2023-12,361,10545205,1894,5567.69
2023,12,1,2023-12,362,8916805,1555,5734.28
2023,12,1,2023-12,363,13379666,1909,7008.73
2023,12,1,2023-12,364,12734278,1725,7382.19
2023,12,1,2023-12,365,6825480,901,7575.45
2023,12,1,2023-12,366,6962461,999,6969.43
2023,12,1,2023-12,367,9761605,1840,5305.22
2023,12,1,2023-12,368,11430364,1731,6603.33
2023,12,1,2023-12,369,11735054,2044,5741.22
2023,12,1,2023-12,370,10396104,2069,5024.7
2023,12,1,2023-12,371,14778541,2073,7129.06
2023,12,1,2023-12,372,4008045,947,4232.36
2023,12,1,2023-12,373,6227146,832,7484.55
2023,12,1,2023-12,374,8163205,1405,5810.11
2023,12,1,2023-12,375,9281401,1430,6490.49
2023,12,1,2023-12,376,13274903,2053,6466.1
2023,12,1,2023-12,377,10255482,1395,7351.6
2023,12,1,2023-12,378,9856495,1526,6459.04
2023,12,1,2023-12,379,13961325,2175,6419
2023,12,1,2023-12,380,7177309,1644,4365.76
2023,12,1,2023-12,381,10331225,1724,5992.59
2023,12,1,2023-12,382,4819291,1035,4656.32
2023,12,1,2023-12,383,7006919,1032,6789.65
2023,12,1,2023-12,384,13507643,2273,5942.65
2023,12,1,2023-12,385,10147246,1555,6525.56
2023,12,1,2023-12,386,7693752,1783,4315.06
2023,12,1,2023-12,387,10946256,2439,4488.01
2023,12,1,2023-12,388,4387689,658,6668.22
2023,12,1,2023-12,389,8877871,2026,4381.97
2023,12,1,2023-12,390,8488165,1927,4404.86
2023,12,1,2023-12,391,9484760,2219,4274.34
2023,12,1,2023-12,392,11684940,1568,7452.13
2023,12,1,2023-12,393,8648705,1269,6815.37
2023,12,1,2023-12,394,9962253,1828,5449.81
2023,12,1,2023-12,395,8175294,1577,5184.08
2023,12,1,2023-12,396,7132055,1323,5390.82
2023,12,1,2023-12,397,11678715,1682,6943.35
2023,12,1,2023-12,398,10258068,1573,6521.34
2023,12,1,2023-12,399,3817211,780,4893.86
2023,12,1,2023-12,400,6743071,1410,4782.32
2023,12,1,2023-12,401,3772607,830,4545.31
2023,12,1,2023-12,402,5826347,891,6539.11
2023,12,1,2023-12,403,7885046,1139,6922.78
2023,12,1,2023-12,404,6533142,1289,5068.38
2023,12,1,2023-12,405,6132733,1447,4238.24
2023,12,1,2023-12,406,8553142,1924,4445.5
2023,12,1,2023-12,407,9614059,1267,7588.05
2023,12,1,2023-12,408,10702092,2037,5253.85
2023,12,1,2023-12,409,12838727,1883,6818.23
2023,12,1,2023-12,410,14064989,2180,6451.83
2023,12,1,2023-12,411,9391146,1732,5422.14
2023,12,1,2023-12,412,7242779,1483,4883.87
2023,12,1,2023-12,413,8238976,1779,4631.24
2023,12,1,2023-12,414,4771507,757,6303.18
2023,12,1,2023-12,415,8302095,1195,6947.36
2023,12,1,2023-12,416,12132894,1874,6474.33
2023,12,1,2023-12,417,11741561,1935,6067.99
2023,12,1,2023-12,418,4232967,987,4288.72
2023,12,1,2023-12,419,7403949,974,7601.59
2023,12,1,2023-12,420,9853366,1419,6943.88
2023,12,1,2023-12,421,11446326,2202,5198.15
2023,12,1,2023-12,422,8606407,1117,7704.93
2023,12,1,2023-12,423,8911669,1417,6289.11
2023,12,1,2023-12,424,10215982,1642,6221.67
2023,12,1,2023-12,425,13754182,1992,6904.71
2023,12,1,2023-12,426,12668858,1796,7053.93
2023,12,1,2023-12,427,7381783,1132,6521.01
2023,12,1,2023-12,428,5374306,1159,4637.02
2023,12,1,2023-12,429,9928726,1853,5358.19
2023,12,1,2023-12,430,6817709,908,7508.49
2023,12,1,2023-12,431,9085611,1816,5003.09
2023,12,1,2023-12,432,9236686,1671,5527.64
2023,12,1,2023-12,433,3982823,693,5747.22
2023,12,1,2023-12,434,12304765,2184,5634.05
2023,12,1,2023-12,435,13065238,2075,6296.5
2023,12,1,2023-12,436,11067337,1474,7508.37
2023,12,1,2023-12,437,8008371,1608,4980.33
2023,12,1,2023-12,438,7354820,1614,4556.89
2023,12,1,2023-12,439,7518732,1534,4901.39
2023,12,1,2023-12,440,14993231,2044,7335.24
2023,12,1,2023-12,441,5155718,798,6460.8
2023,12,1,2023-12,442,8811304,1705,5167.92
2023,12,1,2023-12,443,11384941,1613,7058.24
2023,12,1,2023-12,444,12793613,1770,7228.03
2023,12,1,2023-12,445,9654549,1332,7248.16
2023,12,1,2023-12,446,6393384,868,7365.65
2023,12,1,2023-12,447,4992094,976,5114.85
2023,12,1,2023-12,448,8757378,1258,6961.35
2023,12,1,2023-12,449,11597870,1979,5860.47
2023,12,1,2023-12,450,11870250,1666,7125
2023,12,1,2023-12,451,4846887,719,6741.15
2023,12,1,2023-12,452,10974588,1572,6981.29
2023,12,1,2023-12,453,12388320,1908,6492.83
2023,12,1,2023-12,454,10301076,2161,4766.81
2023,12,1,2023-12,455,9487801,1555,6101.48
2023,12,1,2023-12,456,17274297,2264,7629.99
2023,12,1,2023-12,457,5704020,760,7505.29
2023,12,1,2023-12,458,6585981,1548,4254.51
2023,12,1,2023-12,459,9539509,1997,4776.92
2023,12,1,2023-12,460,11006444,2399,4587.93
2023,12,1,2023-12,461,12526310,1854,6756.37
2023,12,1,2023-12,462,13087424,1853,7062.83
2023,12,1,2023-12,463,7404000,1500,4936
2023,12,1,2023-12,464,8337806,1389,6002.74
2023,12,1,2023-12,465,11089686,1545,7177.79
2023,12,1,2023-12,466,12866472,1907,6746.97
2023,12,1,2023-12,467,11516099,1897,6070.69
2023,12,1,2023-12,468,9039084,1418,6374.53
2023,12,1,2023-12,469,7527767,1251,6017.4
2023,12,1,2023-12,470,9942302,1908,5210.85
2023,12,1,2023-12,471,10661069,1733,6151.8
2023,12,1,2023-12,472,15040519,2294,6556.46
2023,12,1,2023-12,473,16226800,2213,7332.49
2023,12,1,2023-12,474,9076434,1418,6400.87
2023,12,1,2023-12,475,15378650,2220,6927.32
2023,12,1,2023-12,476,7480516,1570,4764.66
2023,12,1,2023-12,477,10304173,1756,5867.98
2023,12,1,2023-12,478,7181180,1701,4221.74
2023,12,1,2023-12,479,3901837,776,5028.14
2023,12,1,2023-12,480,12364395,1830,6756.5
2023,12,1,2023-12,481,5780362,750,7707.15
2023,12,1,2023-12,482,11279128,2508,4497.26
2023,12,1,2023-12,483,8880007,1609,5518.96
2023,12,1,2023-12,484,14744755,2130,6922.42
2023,12,1,2023-12,485,7157174,1455,4919.02
2023,12,1,2023-12,486,12175811,1985,6133.91
2023,12,1,2023-12,487,14852909,2177,6822.65
2023,12,1,2023-12,488,12502171,1971,6343.06
2023,12,1,2023-12,489,8303266,1720,4827.48
2023,12,1,2023-12,490,9854615,1802,5468.71
2023,12,1,2023-12,491,6904521,982,7031.08
2023,12,1,2023-12,492,10418183,1701,6124.74
2023,12,1,2023-12,493,8297079,2010,4127.9
2023,12,1,2023-12,494,7731432,1115,6934.02
2023,12,1,2023-12,495,7882460,1847,4267.71
2023,12,1,2023-12,496,11599047,1705,6802.96
2023,12,1,2023-12,497,3767515,775,4861.31
2023,12,1,2023-12,498,9380689,1242,7552.89
2023,12,1,2023-12,499,6508872,1182,5506.66
2023,12,1,2023-12,500,5222642,992,5264.76
2023,12,1,2023-12,501,7206866,1536,4691.97
2023,12,1,2023-12,502,11219239,2133,5259.84
2023,12,1,2023-12,503,15979473,2199,7266.7
2023,12,1,2023-12,504,9445928,1212,7793.67
2023,12,1,2023-12,505,5243424,951,5513.59
2023,12,1,2023-12,506,6509489,1134,5740.29
2023,12,1,2023-12,507,11571211,1718,6735.28
2023,12,1,2023-12,508,13174091,1788,7368.06
2023,12,1,2023-12,509,13097115,2085,6281.59
2023,12,1,2023-12,510,11671452,2077,5619.38
2023,12,1,2023-12,511,8610471,1522,5657.34
2023,12,1,2023-12,512,7688488,1155,6656.7
2023,12,1,2023-12,513,6887362,1649,4176.69
2023,12,1,2023-12,514,10677675,1639,6514.75
2023,12,1,2023-12,515,11995230,2229,5381.44
2023,12,1,2023-12,516,9700958,1396,6949.11
2023,12,1,2023-12,517,8625888,1927,4476.33
2023,12,1,2023-12,518,9877869,1562,6323.86
2023,12,1,2023-12,519,6215489,1078,5765.76
2023,12,1,2023-12,520,7311382,1148,6368.8
2023,12,1,2023-12,521,5775078,1322,4368.44
2023,12,1,2023-12,522,11976292,1893,6326.62
2023,12,1,2023-12,523,4186789,679,6166.11
2023,12,1,2023-12,524,14925997,2443,6109.7
2023,12,1,2023-12,525,9769960,1538,6352.38
2023,12,1,2023-12,526,9658022,1452,6651.53
2023,12,1,2023-12,527,9047664,1291,7008.26
2023,12,1,2023-12,528,8369401,1628,5140.91
2023,12,1,2023-12,529,12203768,1715,7115.9
2023,12,1,2023-12,530,14403736,2415,5964.28
2023,12,1,2023-12,531,9612666,2180,4409.48
2023,12,1,2023-12,532,9487044,2160,4392.15
2023,12,1,2023-12,533,10675371,1981,5388.88
2023,12,1,2023-12,534,12762875,1824,6997.19
2023,12,1,2023-12,535,5788580,875,6615.52
2023,12,1,2023-12,536,8815146,1275,6913.84
2023,12,1,2023-12,537,4063415,680,5975.61
2023,12,1,2023-12,538,12208874,2126,5742.65
2023,12,1,2023-12,539,9786685,2079,4707.4
2023,12,1,2023-12,540,6486382,1228,5282.07
2023,12,1,2023-12,541,9116866,1593,5723.08
2023,12,1,2023-12,542,3060512,678,4514.03
2023,12,1,2023-12,543,8068298,1622,4974.29
2023,12,1,2023-12,544,9796602,1561,6275.85
2023,12,1,2023-12,545,5478669,809,6772.15
2023,12,1,2023-12,546,10708814,1396,7671.07
2023,12,1,2023-12,547,11338518,1497,7574.16
2023,12,1,2023-12,548,12448141,1922,6476.66
2023,12,1,2023-12,549,10649331,1905,5590.2
2023,12,1,2023-12,550,7700841,1187,6487.65
2023,12,1,2023-12,551,5842821,835,6997.39
2023,12,1,2023-12,552,5530262,1194,4631.71
2023,12,1,2023-12,553,10466371,1870,5596.99
2023,12,1,2023-12,554,12121366,1697,7142.82
2023,12,1,2023-12,555,10325317,1880,5492.19
2023,12,1,2023-12,556,6284845,998,6297.44
2023,12,1,2023-12,557,12834820,2058,6236.55
2023,12,1,2023-12,558,11218596,2351,4771.84
2023,12,1,2023-12,559,8713636,1607,5422.3
2023,12,1,2023-12,560,10333400,1936,5337.5
2023,12,1,2023-12,561,7927866,1836,4318.01
2023,12,1,2023-12,562,6737180,1584,4253.27
2023,12,1,2023-12,563,9883720,1375,7188.16
2023,12,1,2023-12,564,12322131,2395,5144.94
2023,12,1,2023-12,565,7003645,1167,6001.41
2023,12,1,2023-12,566,7781121,1503,5177.06
2023,12,1,2023-12,567,6827608,899,7594.67
2023,12,1,2023-12,568,8598583,1677,5127.36
2023,12,1,2023-12,569,10828563,1886,5741.55
2023,12,1,2023-12,570,12050745,1646,7321.23
2023,12,1,2023-12,571,13418218,1880,7137.35
2023,12,1,2023-12,572,4107684,850,4832.57
2023,12,1,2023-12,573,10127917,1431,7077.51
2023,12,1,2023-12,574,12159575,2083,5837.53
2023,12,1,2023-12,575,3958638,672,5890.83
2023,12,1,2023-12,576,10140858,2148,4721.07
2023,12,1,2023-12,577,4931358,1104,4466.81
2023,12,1,2023-12,578,5681526,833,6820.56
2023,12,1,2023-12,579,10961348,1845,5941.11
2023,12,1,2023-12,580,10291930,1805,5701.9
2023,12,1,2023-12,581,13477584,1979,6810.3
2023,12,1,2023-12,582,6644566,959,6928.64
2023,12,1,2023-12,583,6525396,1377,4738.85
2023,12,1,2023-12,584,10517103,1669,6301.44
2023,12,1,2023-12,585,10333786,2206,4684.4
2023,12,1,2023-12,586,7646844,1123,6809.3
2023,12,1,2023-12,587,9394097,1436,6541.85
2023,12,1,2023-12,588,11657431,1548,7530.64
2023,12,1,2023-12,589,4441544,1018,4363.01
2023,12,1,2023-12,590,4625206,1058,4371.65
2023,12,1,2023-12,591,6805139,1311,5190.8
2023,12,1,2023-12,592,11600015,2274,5101.15
2023,12,1,2023-12,593,3650876,728,5014.94
2023,12,1,2023-12,594,6891019,925,7449.75
2023,12,1,2023-12,595,6706791,1327,5054.1
2023,12,1,2023-12,596,7366157,1434,5136.79
2023,12,1,2023-12,597,11446706,1667,6866.65
2023,12,1,2023-12,598,12341556,2153,5732.26
2023,12,1,2023-12,599,12624479,1807,6986.43
2023,12,1,2023-12,600,9507721,2181,4359.34
2023,12,1,2023-12,601,5438752,910,5976.65
2023,12,1,2023-12,602,7580762,1789,4237.43
2023,12,1,2023-12,603,8597258,1957,4393.08
2023,12,1,2023-12,604,15221473,2056,7403.44
2023,12,1,2023-12,605,4499041,968,4647.77
2023,12,1,2023-12,606,10958734,1799,6091.57
2023,12,1,2023-12,607,9891392,1747,5661.93
2023,12,1,2023-12,608,8599609,1586,5422.2
2023,12,1,2023-12,609,17911563,2444,7328.79
2023,12,1,2023-12,610,8037409,1923,4179.62
2023,12,1,2023-12,611,12207109,1885,6475.92
2023,12,1,2023-12,612,10949539,1442,7593.3
2023,12,1,2023-12,613,10871955,1738,6255.44
2023,12,1,2023-12,614,5352427,713,7506.91
2023,12,1,2023-12,615,8547902,1927,4435.86
2023,12,1,2023-12,616,12339320,2183,5652.46
2023,12,1,2023-12,617,8882279,1744,5093.05
2023,12,1,2023-12,618,6465088,951,6798.2
2023,12,1,2023-12,619,16412963,2144,7655.3
2023,12,1,2023-12,620,6755427,1329,5083.09
2023,12,1,2023-12,621,13476168,2099,6420.28
2023,12,1,2023-12,622,9415648,1952,4823.59
2023,12,1,2023-12,623,13365701,2190,6103.06
2023,12,1,2023-12,624,8520900,1457,5848.25
2023,12,1,2023-12,625,6710360,886,7573.77
2023,12,1,2023-12,626,7650764,1196,6396.96
2023,12,1,2023-12,627,7845417,1447,5421.85
2023,12,1,2023-12,628,6314757,1371,4605.95
2023,12,1,2023-12,629,8600765,1843,4666.72
2023,12,1,2023-12,630,9693386,1974,4910.53
2023,12,1,2023-12,631,9545665,1895,5037.29
2023,12,1,2023-12,632,9060362,1250,7248.29
2023,12,1,2023-12,633,10696990,1709,6259.21
2023,12,1,2023-12,634,13482564,2228,6051.42
2023,12,1,2023-12,635,9449040,2097,4505.98
2023,12,1,2023-12,636,13648081,1898,7190.77
2023,12,1,2023-12,637,12950936,1940,6675.74
2023,12,1,2023-12,638,2823220,643,4390.7
2023,12,1,2023-12,639,14241188,2133,6676.6
2023,12,1,2023-12,640,9349040,1534,6094.55
2023,12,1,2023-12,641,7108057,1616,4398.55
2023,12,1,2023-12,642,8872363,1545,5742.63
2023,12,1,2023-12,643,11305095,1918,5894.21
2023,12,1,2023-12,644,3043037,638,4769.65
2023,12,1,2023-12,645,15813790,2112,7487.59
2023,12,1,2023-12,646,16048793,2223,7219.43
2023,12,1,2023-12,647,7331060,1112,6592.68
2023,12,1,2023-12,648,13143997,2304,5704.86
2023,12,1,2023-12,649,11997868,2105,5699.7
2023,12,1,2023-12,650,7637971,1172,6517.04
2023,12,1,2023-12,651,7417503,1206,6150.5
2023,12,1,2023-12,652,8610525,1988,4331.25
2023,12,1,2023-12,653,6073170,1008,6024.97
2023,12,1,2023-12,654,15709340,2218,7082.66
2023,12,1,2023-12,655,11383204,1973,5769.49
2023,12,1,2023-12,656,9013200,2060,4375.34
2023,12,1,2023-12,657,14359314,2062,6963.78
2023,12,1,2023-12,658,11357716,2343,4847.51
2023,12,1,2023-12,659,6359674,1254,5071.51
2023,12,1,2023-12,660,7436254,1565,4751.6
2023,12,1,2023-12,661,11476668,2156,5323.13
2023,12,1,2023-12,662,6220873,911,6828.62
2023,12,1,2023-12,663,5609648,930,6031.88
2023,12,1,2023-12,664,6534410,1330,4913.09
2023,12,1,2023-12,665,5624411,770,7304.43
2023,12,1,2023-12,666,13754028,1902,7231.35
2023,12,1,2023-12,667,15983772,2206,7245.59
2023,12,1,2023-12,668,5324337,1071,4971.37
2023,12,1,2023-12,669,8444584,1444,5848.05
2023,12,1,2023-12,670,10392729,1352,7686.93
2023,12,1,2023-12,671,13805694,1999,6906.3
2023,12,1,2023-12,672,8435755,1996,4226.33
2023,12,1,2023-12,673,4938593,1127,4382.07
2023,12,1,2023-12,674,6393427,1093,5849.43
2023,12,1,2023-12,675,11673392,1593,7327.93
2023,12,1,2023-12,676,10590903,1738,6093.73
2023,12,1,2023-12,677,12561846,2124,5914.24
2023,12,1,2023-12,678,8506342,1869,4551.28
2023,12,1,2023-12,679,7438481,1137,6542.2
2023,12,1,2023-12,680,7844359,1110,7066.99
2023,12,1,2023-12,681,3447509,632,5454.92
2023,12,1,2023-12,682,8730642,1262,6918.1
2023,12,1,2023-12,683,15309162,1997,7666.08
2023,12,1,2023-12,684,11152142,2266,4921.51
2023,12,1,2023-12,685,13128745,2184,6011.33
2023,12,1,2023-12,686,8045254,1561,5153.91
2023,12,1,2023-12,687,12417653,1782,6968.38
2023,12,1,2023-12,688,11693601,1897,6164.26
2023,12,1,2023-12,689,11554163,1788,6462.06
2023,12,1,2023-12,690,6497839,921,7055.2
2023,12,1,2023-12,691,5132644,924,5554.81
2023,12,1,2023-12,692,11394688,1538,7408.77
2023,12,1,2023-12,693,9523960,1579,6031.64
2023,12,1,2023-12,694,3933548,837,4699.58
2023,12,1,2023-12,695,11533508,1744,6613.25
2023,12,1,2023-12,696,13242298,1895,6988.02
2023,12,1,2023-12,697,4301752,808,5323.95
2023,12,1,2023-12,698,11694512,1612,7254.66
2023,12,1,2023-12,699,14693594,1996,7361.52
2023,12,1,2023-12,700,3751136,728,5152.66
2023,12,1,2023-12,701,10047894,1304,7705.44
2023,12,1,2023-12,702,10200918,2210,4615.8
2023,12,1,2023-12,703,9035400,1850,4884
2023,12,1,2023-12,704,11329093,2327,4868.54
2023,12,1,2023-12,705,15416546,2099,7344.71
2023,12,1,2023-12,706,4253929,664,6406.52
2023,12,1,2023-12,707,9882011,2155,4585.62
2023,12,1,2023-12,708,12466758,2170,5745.05
2023,12,1,2023-12,709,12470461,1960,6362.48
2023,12,1,2023-12,710,10738903,2407,4461.53
2023,12,1,2023-12,711,16059161,2189,7336.3
2023,12,1,2023-12,712,15658377,2248,6965.47
2023,12,1,2023-12,713,7675620,1295,5927.12
2023,12,1,2023-12,714,8255262,1081,7636.69
2023,12,1,2023-12,715,9928865,1747,5683.38
2023,12,1,2023-12,716,14061113,1834,7666.91
2023,12,1,2023-12,717,13443004,2074,6481.68
2023,12,1,2023-12,718,9515366,1477,6442.36
2023,12,1,2023-12,719,8199881,1726,4750.8
2023,12,1,2023-12,720,12444808,1713,7264.92
2023,12,1,2023-12,721,4862785,869,5595.84
2023,12,1,2023-12,722,7407914,1556,4760.87
2023,12,1,2023-12,723,10478908,2512,4171.54
2023,12,1,2023-12,724,9935327,1611,6167.18
2023,12,1,2023-12,725,6448906,1066,6049.63
2023,12,1,2023-12,726,12869874,1927,6678.71
2023,12,1,2023-12,727,14604561,1984,7361.17
2023,12,1,2023-12,728,10335271,2349,4399.86
2023,12,1,2023-12,729,8832487,1317,6706.52
2023,12,1,2023-12,730,3264816,687,4752.28
2023,12,1,2023-12,731,11758866,1627,7227.33
2023,12,1,2023-12,732,14196575,1983,7159.14
2023,12,1,2023-12,733,12319460,2022,6092.71
2023,12,1,2023-12,734,8763876,1293,6777.94
2023,12,1,2023-12,735,8552192,1600,5345.12
2023,12,1,2023-12,736,9794149,1670,5864.76
2023,12,1,2023-12,737,5332598,744,7167.47
2023,12,1,2023-12,738,8615186,1469,5864.66
2023,12,1,2023-12,739,6245993,1138,5488.57
2023,12,1,2023-12,740,10107759,1731,5839.26
2023,12,1,2023-12,741,15051129,2117,7109.65
2023,12,1,2023-12,742,10668114,2004,5323.41
2023,12,1,2023-12,743,9112606,1887,4829.15
2023,12,1,2023-12,744,8703976,1301,6690.22
2023,12,1,2023-12,745,11239564,1563,7191.02
2023,12,1,2023-12,746,6814878,1508,4519.15
2023,12,1,2023-12,747,8214602,1639,5011.96
2023,12,1,2023-12,748,8821937,1899,4645.57
2023,12,1,2023-12,749,11802913,2189,5391.92
2023,12,1,2023-12,750,6472558,1120,5779.07
2023,12,1,2023-12,751,12798022,1873,6832.9
2023,12,1,2023-12,752,6898315,1067,6465.15
2023,12,1,2023-12,753,8331063,1310,6359.59
2023,12,1,2023-12,754,6322758,1150,5498.05
2023,12,1,2023-12,755,5900315,813,7257.46
2023,12,1,2023-12,756,10395877,1786,5820.76
2023,12,1,2023-12,757,14319675,1860,7698.75
2023,12,1,2023-12,758,13318813,2085,6387.92
2023,12,1,2023-12,759,9945514,2166,4591.65
2023,12,1,2023-12,760,10371038,1589,6526.77
2023,12,1,2023-12,761,9226648,1720,5364.33
2023,12,1,2023-12,762,11589353,1747,6633.86
2023,12,1,2023-12,763,8242750,1859,4433.97
2023,12,1,2023-12,764,6126767,1271,4820.43
2023,12,1,2023-12,765,14244346,1984,7179.61
2023,12,1,2023-12,766,4373631,883,4953.15
2023,12,1,2023-12,767,7917689,1104,7171.82
2023,12,1,2023-12,768,12502627,2433,5138.77
2023,12,1,2023-12,769,5206430,806,6459.59
2023,12,1,2023-12,770,8889092,1346,6604.08
2023,12,1,2023-12,771,13110198,2167,6049.93
2023,12,1,2023-12,772,4829578,913,5289.79
2023,12,1,2023-12,773,9296462,1870,4971.37
2023,12,1,2023-12,774,7348995,1708,4302.69
2023,12,1,2023-12,775,7961559,1533,5193.45
2023,12,1,2023-12,776,9707550,1500,6471.7
2023,12,1,2023-12,777,16529638,2209,7482.86
2023,12,1,2023-12,778,5163680,711,7262.56
2023,12,1,2023-12,779,12466652,1795,6945.21
2023,12,1,2023-12,780,9309777,1347,6911.49
2023,12,1,2023-12,781,6873884,1056,6509.36
2023,12,1,2023-12,782,6006244,1185,5068.56
2023,12,1,2023-12,783,11801631,1607,7343.89
2023,12,1,2023-12,784,7438621,1133,6565.42
2023,12,1,2023-12,785,7608550,1238,6145.84
2023,12,1,2023-12,786,6943935,1509,4601.68
2023,12,1,2023-12,787,9619173,1675,5742.79
2023,12,1,2023-12,788,14395593,2472,5823.46
2023,12,1,2023-12,789,12508534,1724,7255.53
2023,12,1,2023-12,790,11004312,1834,6000.17
2023,12,1,2023-12,791,6433230,1180,5451.89
2023,12,1,2023-12,792,12179245,1588,7669.55
2023,12,1,2023-12,793,11172757,2447,4565.9
2023,12,1,2023-12,794,2741531,484,5664.32
2023,12,1,2023-12,795,8454095,1937,4364.53
2023,12,1,2023-12,796,12322500,1805,6826.87
2023,12,1,2023-12,797,14003598,1864,7512.66
2023,12,1,2023-12,798,5773036,1144,5046.36
2023,12,1,2023-12,799,5194644,711,7306.11
2023,12,1,2023-12,800,4599108,889,5173.35
2023,12,1,2023-12,801,10509818,1417,7416.95
2023,12,1,2023-12,802,9470416,1371,6907.67
2023,12,1,2023-12,803,15819770,2279,6941.54
2023,12,1,2023-12,804,4922494,1170,4207.26
2023,12,1,2023-12,805,12664409,1656,7647.59
2023,12,1,2023-12,806,7852463,1167,6728.76
2023,12,1,2023-12,807,4202903,795,5286.67
2023,12,1,2023-12,808,16828184,2352,7154.84
2023,12,1,2023-12,809,3438030,665,5169.97
2023,12,1,2023-12,810,14269848,1953,7306.63
2023,12,1,2023-12,811,4601763,997,4615.61
2023,12,1,2023-12,812,6252341,933,6701.33
2023,12,1,2023-12,813,9768818,1593,6132.34
2023,12,1,2023-12,814,5267532,1181,4460.23
2023,12,1,2023-12,815,3567974,707,5046.64
2023,12,1,2023-12,816,5887765,1395,4220.62
2023,12,1,2023-12,817,13214341,2246,5883.5
2023,12,1,2023-12,818,5636884,1088,5180.96
2023,12,1,2023-12,819,13115797,2067,6345.33
2023,12,1,2023-12,820,5438034,1050,5179.08
2023,12,1,2023-12,821,5989610,1123,5333.58
2023,12,1,2023-12,822,12480876,1842,6775.72
2023,12,1,2023-12,823,6616276,1548,4274.08
2023,12,1,2023-12,824,8171001,1108,7374.55
2023,12,1,2023-12,825,9596354,1323,7253.48
2023,12,1,2023-12,826,8772993,1337,6561.7
2023,12,1,2023-12,827,13083298,2059,6354.2
2023,12,1,2023-12,828,12508170,1705,7336.17
2023,12,1,2023-12,829,8248828,1720,4795.83
2023,12,1,2023-12,830,8838688,2007,4403.93
2023,12,1,2023-12,831,8714438,1747,4988.23
2023,12,1,2023-12,832,10412212,1501,6936.85
2023,12,1,2023-12,833,3114620,733,4249.14
2023,12,1,2023-12,834,6910711,1117,6186.85
2023,12,1,2023-12,835,5736029,740,7751.39
2023,12,1,2023-12,836,16100292,2210,7285.2
2023,12,1,2023-12,837,10114909,1677,6031.55
2023,12,1,2023-12,838,7432806,1708,4351.76
2023,12,1,2023-12,839,9909167,1383,7164.98
2023,12,1,2023-12,840,12935003,2054,6297.47
2023,12,1,2023-12,841,2753030,597,4611.44
2023,12,1,2023-12,842,7000758,1574,4447.75
2023,12,1,2023-12,843,15658786,2124,7372.31
2023,12,1,2023-12,844,11099596,1686,6583.39
2023,12,1,2023-12,845,9003611,1264,7123.11
2023,12,1,2023-12,846,9282424,1264,7343.69
2023,12,1,2023-12,847,12055161,1956,6163.17
2023,12,1,2023-12,848,5912261,981,6026.77
2023,12,1,2023-12,849,3952672,691,5720.22
2023,12,1,2023-12,850,10367039,1986,5220.06
2023,12,1,2023-12,851,12220256,2140,5710.4
2023,12,1,2023-12,852,11298040,1653,6834.87
2023,12,1,2023-12,853,7874274,1235,6375.93
2023,12,1,2023-12,854,11374256,1560,7291.19
2023,12,1,2023-12,855,11598891,2023,5733.51
2023,12,1,2023-12,856,6068619,959,6328.07
2023,12,1,2023-12,857,5517910,866,6371.72
2023,12,1,2023-12,858,9763400,1536,6356.38
2023,12,1,2023-12,859,11744957,1769,6639.32
2023,12,1,2023-12,860,4707767,943,4992.33
2023,12,1,2023-12,861,5529052,928,5958.03
2023,12,1,2023-12,862,10570143,2351,4496.02
2023,12,1,2023-12,863,11627293,2104,5526.28
2023,12,1,2023-12,864,9254310,1560,5932.25
2023,12,1,2023-12,865,9966597,1534,6497.13
2023,12,1,2023-12,866,7193020,956,7524.08
2023,12,1,2023-12,867,7855968,1246,6304.95
2023,12,1,2023-12,868,6350283,940,6755.62
2023,12,1,2023-12,869,13413585,2228,6020.46
2023,12,1,2023-12,870,6229399,973,6402.26
2023,12,1,2023-12,871,3764767,858,4387.84
2023,12,1,2023-12,872,3429587,689,4977.63
2023,12,1,2023-12,873,4846525,893,5427.24
2023,12,1,2023-12,874,10008129,1690,5921.97
2023,12,1,2023-12,875,9702765,2233,4345.17
2023,12,1,2023-12,876,8093529,1720,4705.54
2023,12,1,2023-12,877,3466455,673,5150.75
2023,12,1,2023-12,878,15451909,2056,7515.52
2023,12,1,2023-12,879,9747328,1824,5343.93
2023,12,1,2023-12,880,5795288,984,5889.52
2023,12,1,2023-12,881,8623177,1761,4896.75
2023,12,1,2023-12,882,6561745,1035,6339.85
2023,12,1,2023-12,883,11222940,2190,5124.63
2023,12,1,2023-12,884,10236842,2093,4890.99
2023,12,1,2023-12,885,8575847,1432,5988.72
2023,12,1,2023-12,886,4461900,1063,4197.46
2023,12,1,2023-12,887,6432980,1540,4177.26
2023,12,1,2023-12,888,4150239,848,4894.15
2023,12,1,2023-12,889,5682148,1318,4311.19
2023,12,1,2023-12,890,7839047,1739,4507.79
2023,12,1,2023-12,891,11911493,2225,5353.48
2023,12,1,2023-12,892,11541385,1647,7007.52
2023,12,1,2023-12,893,14203992,2286,6213.47
2023,12,1,2023-12,894,8679222,1464,5928.43
2023,12,1,2023-12,895,8169250,1569,5206.66
2023,12,1,2023-12,896,9432027,1251,7539.59
2023,12,1,2023-12,897,14570111,2611,5580.28
2023,12,1,2023-12,898,7865099,1773,4436.04
2023,12,1,2023-12,899,8937364,1408,6347.56
2023,12,1,2023-12,900,5050977,1104,4575.16
2023,12,1,2023-12,901,6558413,1211,5415.7
2023,12,1,2023-12,902,6757641,1119,6039
2023,12,1,2023-12,903,13175922,1827,7211.78
2023,12,1,2023-12,904,6876950,1159,5933.52
2023,12,1,2023-12,905,13147899,1969,6677.45
2023,12,1,2023-12,906,14634928,1899,7706.65
2023,12,1,2023-12,907,7337516,1581,4641.06
2023,12,1,2023-12,908,5030293,981,5127.72
2023,12,1,2023-12,909,3633667,658,5522.29
2023,12,1,2023-12,910,12154650,2142,5674.44
2023,12,1,2023-12,911,5519612,976,5655.34
2023,12,1,2023-12,912,6965640,941,7402.38
2023,12,1,2023-12,913,11652413,1724,6758.94
2023,12,1,2023-12,914,7976496,1262,6320.52
2023,12,1,2023-12,915,4971143,941,5282.83
2023,12,1,2023-12,916,11344487,1613,7033.16
2023,12,1,2023-12,917,4704990,613,7675.35
2023,12,1,2023-12,918,9054387,1278,7084.81
2023,12,1,2023-12,919,7468747,1805,4137.81
2023,12,1,2023-12,920,9651214,1503,6421.3
2023,12,1,2023-12,921,8988619,2093,4294.61
2023,12,1,2023-12,922,3863564,769,5024.14
2023,12,1,2023-12,923,5985790,1370,4369.19
2023,12,1,2023-12,924,10670895,1688,6321.62
2023,12,1,2023-12,925,10080313,1522,6623.07
2023,12,1,2023-12,926,5260735,1153,4562.65
2023,12,1,2023-12,927,7171502,1298,5525.04
2023,12,1,2023-12,928,5521755,963,5733.91
2023,12,1,2023-12,929,8748056,1604,5453.9
2023,12,1,2023-12,930,6152504,1339,4594.85
2023,12,1,2023-12,931,6221448,1105,5630.27
2023,12,1,2023-12,932,5341946,779,6857.44
2023,12,1,2023-12,933,3706812,842,4402.39
2023,12,1,2023-12,934,9064915,2044,4434.89
2023,12,1,2023-12,935,12742753,2345,5434.01
2023,12,1,2023-12,936,8046722,1066,7548.52
2023,12,1,2023-12,937,9225623,1402,6580.33
2023,12,1,2023-12,938,8028666,1203,6673.87
2023,12,1,2023-12,939,7772636,1416,5489.15
2023,12,1,2023-12,940,13297040,2140,6213.57
2023,12,1,2023-12,941,6817205,1646,4141.68
2023,12,1,2023-12,942,11562060,1801,6419.8
2023,12,1,2023-12,943,14300637,1935,7390.51
2023,12,1,2023-12,944,12018064,1888,6365.5
2023,12,1,2023-12,945,10015717,1371,7305.41
2023,12,1,2023-12,946,8641766,1285,6725.11
2023,12,1,2023-12,947,10197533,2198,4639.46
2023,12,1,2023-12,948,11013287,1478,7451.48
2023,12,1,2023-12,949,6353810,1474,4310.59
2023,12,1,2023-12,950,11229967,1871,6002.12
2023,12,1,2023-12,951,8624003,1830,4712.57
2023,12,1,2023-12,952,5200875,1228,4235.24
2023,12,1,2023-12,953,4596058,808,5688.19
2023,12,1,2023-12,954,7280144,1397,5211.27
2023,12,1,2023-12,955,9930540,1686,5890
2023,12,1,2023-12,956,13365135,2140,6245.39
2023,12,1,2023-12,957,10084305,2335,4318.76
2023,12,1,2023-12,958,3359841,722,4653.52
2023,12,1,2023-12,959,13785417,2251,6124.13
2023,12,1,2023-12,960,4452518,827,5383.94
2023,12,1,2023-12,961,12113897,1780,6805.56
2023,12,1,2023-12,962,7127823,1097,6497.56
2023,12,1,2023-12,963,6953091,964,7212.75
2023,12,1,2023-12,964,13280894,1993,6663.77
2023,12,1,2023-12,965,3949612,696,5674.73
2023,12,1,2023-12,966,13851324,2125,6518.27
2023,12,1,2023-12,967,3870894,758,5106.72
2023,12,1,2023-12,968,4416821,849,5202.38
2023,12,1,2023-12,969,5296259,768,6896.17
2023,12,1,2023-12,970,9764800,1683,5802.02
2023,12,1,2023-12,971,4344151,627,6928.47
2023,12,1,2023-12,972,7197566,1002,7183.2
2023,12,1,2023-12,973,7100709,986,7201.53
2023,12,1,2023-12,974,20164399,2716,7424.3
2023,12,1,2023-12,975,4858215,863,5629.45
2023,12,1,2023-12,976,7045582,1326,5313.41
2023,12,1,2023-12,977,12342727,1982,6227.41
2023,12,1,2023-12,978,8712038,1588,5486.17
2023,12,1,2023-12,979,7418972,1183,6271.32
2023,12,1,2023-12,980,7218765,1077,6702.66
2023,12,1,2023-12,981,9761729,1483,6582.42
2023,12,1,2023-12,982,8237607,1498,5499.07
2023,12,1,2023-12,983,9611875,2014,4772.53
2023,12,1,2023-12,984,11303671,1962,5761.3
2023,12,1,2023-12,985,10930058,2325,4701.1
2023,12,1,2023-12,986,8051041,1096,7345.84
2023,12,1,2023-12,987,9938322,1843,5392.47
2023,12,1,2023-12,988,9107638,1929,4721.43
2023,12,1,2023-12,989,9188752,2147,4279.81
2023,12,1,2023-12,990,15459700,2403,6433.5
2023,12,1,2023-12,991,8936466,1380,6475.7
2023,12,1,2023-12,992,4388055,823,5331.78
2023,12,1,2023-12,993,5663495,1278,4431.53
2023,12,1,2023-12,994,7209304,1277,5645.5
2023,12,1,2023-12,995,11215607,2141,5238.49
2023,12,1,2023-12,996,10819072,1662,6509.67
2023,12,1,2023-12,997,15501511,2456,6311.69
2023,12,1,2023-12,998,5581888,1045,5341.52
2023,12,1,2023-12,999,8621322,1750,4926.47
2023,12,1,2023-12,1000,14929084,1955,7636.36
2023,12,1,2023-12,1001,9324220,1575,5920.14
2023,12,1,2023-12,1002,11146672,1672,6666.67
2023,12,1,2023-12,1003,4758646,1021,4660.77
2023,12,1,2023-12,1004,8131976,1366,5953.13
2023,12,1,2023-12,1005,8316253,1941,4284.52
2023,12,1,2023-12,1006,5693208,963,5911.95
2023,12,1,2023-12,1007,6873582,907,7578.37
2023,12,1,2023-12,1008,9926028,1780,5576.42
2023,12,1,2023-12,1009,7757363,1825,4250.61
2023,12,1,2023-12,1010,2779550,649,4282.82
2023,12,1,2023-12,1011,10490268,1882,5574
2023,12,1,2023-12,1012,6714915,1424,4715.53
2023,12,1,2023-12,1013,3590982,846,4244.66
2023,12,1,2023-12,1014,4691837,680,6899.76
2023,12,1,2023-12,1015,9231296,1583,5831.52
2023,12,1,2023-12,1016,4720432,906,5210.19
2023,12,1,2023-12,1017,12408064,1682,7376.97
2023,12,1,2023-12,1018,6007652,1307,4596.52
2023,12,1,2023-12,1019,12667226,1692,7486.54
2023,12,1,2023-12,1020,6339123,1186,5344.96
2023,12,1,2023-12,1021,17686711,2413,7329.76
2023,12,1,2023-12,1022,5752810,916,6280.36
2023,12,1,2023-12,1023,10134157,1419,7141.76
2023,12,1,2023-12,1024,11925544,1548,7703.84
2023,12,1,2023-12,1025,11566787,2249,5143.08
2023,12,1,2023-12,1026,15601219,2053,7599.23
2023,12,1,2023-12,1027,12894206,2323,5550.67
2023,12,1,2023-12,1028,4205475,760,5533.52
2023,12,1,2023-12,1029,10511262,1930,5446.25
2023,12,1,2023-12,1030,7426343,1219,6092.16
2023,12,1,2023-12,1031,10604012,2256,4700.36
2023,12,1,2023-12,1032,11266511,1845,6106.51
2023,12,1,2023-12,1033,9279339,1532,6057.01
2023,12,1,2023-12,1034,11406262,1653,6900.34
2023,12,1,2023-12,1035,7225278,1015,7118.5
2023,12,1,2023-12,1036,8132426,1421,5723.03
2023,12,1,2023-12,1037,4548117,867,5245.81
2023,12,1,2023-12,1038,3895700,766,5085.77
2023,12,1,2023-12,1039,7446149,1533,4857.24
2023,12,1,2023-12,1040,2921209,669,4366.53
2023,12,1,2023-12,1041,4916472,909,5408.66
2023,12,1,2023-12,1042,8133768,1552,5240.83
2023,12,1,2023-12,1043,8138326,1061,7670.43
2023,12,1,2023-12,1044,4490922,732,6135.14
2023,12,1,2023-12,1045,8429627,1546,5452.54
2023,12,1,2023-12,1046,6655630,1076,6185.53
2023,12,1,2023-12,1047,8111464,1753,4627.19
2023,12,1,2023-12,1048,9334339,1616,5776.2
2023,12,1,2023-12,1049,5546725,863,6427.26
2023,12,1,2023-12,1050,5238035,883,5932.09
2023,12,1,2023-12,1051,5978378,1074,5566.46
2023,12,1,2023-12,1052,12007235,1562,7687.09
2023,12,1,2023-12,1053,5857441,801,7312.66
2023,12,1,2023-12,1054,14618723,2293,6375.37
2023,12,1,2023-12,1055,6850287,1099,6233.2
2023,12,1,2023-12,1056,12423328,1952,6364.41
2023,12,1,2023-12,1057,5012011,1031,4861.31
2023,12,1,2023-12,1058,10024850,1824,5496.08
2023,12,1,2023-12,1059,6628032,1529,4334.88
2023,12,1,2023-12,1060,10909637,1858,5871.71
2023,12,1,2023-12,1061,12945342,2159,5995.99
2023,12,1,2023-12,1062,9385851,1881,4989.82
2023,12,1,2023-12,1063,7838920,1033,7588.5
2023,12,1,2023-12,1064,8965020,1204,7446.03
2023,12,1,2023-12,1065,6998278,1039,6735.59
2023,12,1,2023-12,1066,5395185,895,6028.14
2023,12,1,2023-12,1067,19125595,2603,7347.52
2023,12,1,2023-12,1068,9366849,1996,4692.81
2023,12,1,2023-12,1069,9969833,1429,6976.79
2023,12,1,2023-12,1070,4968914,1076,4617.95
2023,12,1,2023-12,1071,15155651,2172,6977.74
2023,12,1,2023-12,1072,10985898,2169,5064.96
2023,12,1,2023-12,1073,11701025,1591,7354.51
2023,12,1,2023-12,1074,17082904,2278,7499.08
2023,12,1,2023-12,1075,6893541,1453,4744.35
2023,12,1,2023-12,1076,11404540,1952,5842.49
2023,12,1,2023-12,1077,8847602,1152,7680.21
2023,12,1,2023-12,1078,8766430,1490,5883.51
2023,12,1,2023-12,1079,15109709,2076,7278.28
2023,12,1,2023-12,1080,9386991,1509,6220.67
2023,12,1,2023-12,1081,10866594,1955,5558.36
2023,12,1,2023-12,1082,4162808,803,5184.07
2023,12,1,2023-12,1083,8190992,1655,4949.24
2023,12,1,2023-12,1084,14097481,2050,6876.82
2023,12,1,2023-12,1085,3942403,711,5544.87
2023,12,1,2023-12,1086,12971576,2163,5997.03
2023,12,1,2023-12,1087,7601366,1279,5943.21
2023,12,1,2023-12,1088,5489930,871,6303.02
2023,12,1,2023-12,1089,10135212,1401,7234.27
2023,12,1,2023-12,1090,12119132,1582,7660.64
2023,12,1,2023-12,1091,5242495,934,5612.95
2023,12,1,2023-12,1092,7981352,1138,7013.49
2023,12,1,2023-12,1093,6180417,900,6867.13
2023,12,1,2023-12,1094,13943379,2254,6186.06
2023,12,1,2023-12,1095,8681866,1128,7696.69
2023,12,1,2023-12,1096,6788412,1390,4883.75
2023,12,1,2023-12,1097,6513512,1426,4567.68
2023,12,1,2023-12,1098,13313557,1863,7146.3
2023,12,1,2023-12,1099,7143602,1248,5724.04
2023,12,1,2023-12,1100,6383622,883,7229.47
2023,12,1,2023-12,1101,13184532,1766,7465.76
2023,12,1,2023-12,1102,6251072,1438,4347.06
2023,12,1,2023-12,1103,6729796,930,7236.34
2023,12,1,2023-12,1104,11678612,2040,5724.81
2023,12,1,2023-12,1105,10973008,1845,5947.43
2023,12,1,2023-12,1106,7884798,1239,6363.84
2023,12,1,2023-12,1107,11291408,1503,7512.58
2023,12,1,2023-12,1108,2945452,695,4238.06
2023,12,1,2023-12,1109,11744172,2021,5811.07
2023,12,1,2023-12,1110,6727545,1007,6680.78
2023,12,1,2023-12,1111,10002317,1465,6827.52
2023,12,1,2023-12,1112,7462492,1138,6557.55
2023,12,1,2023-12,1113,9569453,2041,4688.61
2023,12,1,2023-12,1114,6742586,1292,5218.72
2023,12,1,2023-12,1115,13188850,2444,5396.42
2023,12,1,2023-12,1116,12517294,1796,6969.54
2023,12,1,2023-12,1117,10341182,2015,5132.1
2023,12,1,2023-12,1118,6321539,1294,4885.27
2023,12,1,2023-12,1119,15573921,2052,7589.63
2023,12,1,2023-12,1120,7460098,1742,4282.49
2023,12,1,2023-12,1121,9661719,1254,7704.72
2023,12,1,2023-12,1122,5309489,815,6514.71
2023,12,1,2023-12,1123,9117293,1283,7106.23
2023,12,1,2023-12,1124,11878922,2260,5256.16
2023,12,1,2023-12,1125,8724144,2080,4194.3
2023,12,1,2023-12,1126,12423229,1820,6825.95
2023,12,1,2023-12,1127,12946966,1811,7149.07
2023,12,1,2023-12,1128,14475339,2126,6808.72
2023,12,1,2023-12,1129,8669039,1830,4737.18
2023,12,1,2023-12,1130,7346684,1079,6808.79
2023,12,1,2023-12,1131,13687715,1995,6861.01
2023,12,1,2023-12,1132,7494171,1158,6471.65
2023,12,1,2023-12,1133,9685575,1401,6913.33
2023,12,1,2023-12,1134,8616014,1199,7186
2023,12,1,2023-12,1135,10526507,1649,6383.57
2023,12,1,2023-12,1136,8507205,1904,4468.07
2023,12,1,2023-12,1137,10434148,1771,5891.67
2023,12,1,2023-12,1138,9361082,2105,4447.07
2023,12,1,2023-12,1139,9388516,1650,5690.01
2023,12,1,2023-12,1140,6488287,1167,5559.8
2023,12,1,2023-12,1141,3583708,824,4349.16
2023,12,1,2023-12,1142,9902363,1832,5405.22
2023,12,1,2023-12,1143,3700583,797,4643.14
2023,12,1,2023-12,1144,13741785,1963,7000.4
2023,12,1,2023-12,1145,15668797,2076,7547.59
2023,12,1,2023-12,1146,9189081,2101,4373.67
2023,12,1,2023-12,1147,6590333,868,7592.55
2023,12,1,2023-12,1148,5303870,894,5932.74
2023,12,1,2023-12,1149,9557746,1845,5180.35
2023,12,1,2023-12,1150,4455551,993,4486.96
2023,12,1,2023-12,1151,13268716,2231,5947.43
2023,12,1,2023-12,1152,5036389,723,6965.96
2023,12,1,2023-12,1153,10200288,1526,6684.33
2023,12,1,2023-12,1154,6886608,1590,4331.2
2023,12,1,2023-12,1155,9866769,2222,4440.49
2023,12,1,2023-12,1156,9031309,1641,5503.54
2023,12,1,2023-12,1157,11734925,2272,5165.02
2023,12,1,2023-12,1158,4409531,892,4943.42
2023,12,1,2023-12,1159,3440194,663,5188.83
2023,12,1,2023-12,1160,14231412,2024,7031.33
2023,12,1,2023-12,1161,12829492,1700,7546.76
2023,12,1,2023-12,1162,8937308,1584,5642.24
2023,12,1,2023-12,1163,14383214,1948,7383.58
2023,12,1,2023-12,1164,8103427,1528,5303.29
2023,12,1,2023-12,1165,5013071,847,5918.62
2023,12,1,2023-12,1166,7768461,1545,5028.13
2023,12,1,2023-12,1167,7629151,1184,6443.54
2023,12,1,2023-12,1168,7943259,1043,7615.78
2023,12,1,2023-12,1169,7819634,1257,6220.87
2023,12,1,2023-12,1170,5495920,1029,5341.03
2023,12,1,2023-12,1171,7976327,1228,6495.38
2023,12,1,2023-12,1172,3830218,830,4614.72
2023,12,1,2023-12,1173,13238925,1812,7306.25
2023,12,1,2023-12,1174,12317471,2048,6014.39
2023,12,1,2023-12,1175,9488478,1649,5754.08
2023,12,1,2023-12,1176,11754310,1888,6225.8
2023,12,1,2023-12,1177,10169200,1578,6444.36
2023,12,1,2023-12,1178,6758267,1516,4457.96
2023,12,1,2023-12,1179,14650693,2221,6596.44
2023,12,1,2023-12,1180,8917562,1768,5043.87
2023,12,1,2023-12,1181,7171307,1064,6739.95
2023,12,1,2023-12,1182,13459755,1870,7197.73
2023,12,1,2023-12,1183,15516543,2208,7027.42
2023,12,1,2023-12,1184,11812857,1943,6079.7
2023,12,1,2023-12,1185,9853611,1630,6045.16
2023,12,1,2023-12,1186,4155090,890,4668.64
2023,12,1,2023-12,1187,13587428,1959,6935.9
2023,12,1,2023-12,1188,9327027,1820,5124.74
2023,12,1,2023-12,1189,9401573,1604,5861.33
2023,12,1,2023-12,1190,11897234,2295,5183.98
2023,12,1,2023-12,1191,9423868,2041,4617.28
2023,12,1,2023-12,1192,4872868,762,6394.84
2023,12,1,2023-12,1193,7999043,1847,4330.83
2023,12,1,2023-12,1194,15436786,2259,6833.46
2023,12,1,2023-12,1195,11545153,2177,5303.24
2023,12,1,2023-12,1196,8734474,2103,4153.34
2023,12,1,2023-12,1197,9054900,1500,6036.6
2023,12,1,2023-12,1198,8855728,2033,4355.99
2023,12,1,2023-12,1199,9097641,1770,5139.91
2023,12,1,2023-12,1200,14686375,2212,6639.41
2023,12,1,2023-12,1201,10448186,2372,4404.8
2023,12,1,2023-12,1202,8267748,1157,7145.85
2023,12,1,2023-12,1203,8715556,2095,4160.17
2023,12,1,2023-12,1204,8892065,1786,4978.76
2023,12,1,2023-12,1205,11304038,1656,6826.11
2023,12,1,2023-12,1206,9191371,1701,5403.51
2023,12,1,2023-12,1207,6605050,1469,4496.29
2023,12,1,2023-12,1208,5866263,1072,5472.26
2023,12,1,2023-12,1209,9513033,1837,5178.57
2023,12,1,2023-12,1210,8964294,1254,7148.56
2023,12,1,2023-12,1211,11347171,2196,5167.2
2023,12,1,2023-12,1212,12661505,1806,7010.8
2023,12,1,2023-12,1213,15695922,2135,7351.72
2023,12,1,2023-12,1214,11580862,2024,5721.77
2023,12,1,2023-12,1215,7103896,958,7415.34
2023,12,1,2023-12,1216,13955184,2511,5557.62
2023,12,1,2023-12,1217,8499427,1118,7602.35
2023,12,1,2023-12,1218,3611588,790,4571.63
2023,12,1,2023-12,1219,11165179,1680,6645.94
2023,12,1,2023-12,1220,8838815,1481,5968.14
2023,12,1,2023-12,1221,4406462,795,5542.72
2023,12,1,2023-12,1222,8763149,1362,6434.03
2023,12,1,2023-12,1223,4368406,662,6598.8
2023,12,1,2023-12,1224,5241958,1265,4143.84
2023,12,1,2023-12,1225,9581918,1996,4800.56
2023,12,1,2023-12,1226,8655806,1291,6704.73
2023,12,1,2023-12,1227,7599813,1171,6490.02
2023,12,1,2023-12,1228,6999109,923,7583
2023,12,1,2023-12,1229,10156251,1483,6848.45
2023,12,1,2023-12,1230,12416693,1643,7557.33
2023,12,1,2023-12,1231,12223845,1843,6632.58
2023,12,1,2023-12,1232,8145110,1541,5285.6
2023,12,1,2023-12,1233,7120100,1568,4540.88
2023,12,1,2023-12,1234,13913434,2019,6891.25
2023,12,1,2023-12,1235,12701103,1945,6530.13
2023,12,1,2023-12,1236,6910839,1598,4324.68
2023,12,1,2023-12,1237,4077905,746,5466.36
2023,12,1,2023-12,1238,14923134,1965,7594.47
2023,12,1,2023-12,1239,9054870,1518,5965
2023,12,1,2023-12,1240,10352906,1820,5688.41
2023,12,1,2023-12,1241,6969804,1200,5808.17
2023,12,1,2023-12,1242,4371690,893,4895.51
2023,12,1,2023-12,1243,4661766,849,5490.89
2023,12,1,2023-12,1244,9879163,1806,5470.19
2023,12,1,2023-12,1245,6804591,1572,4328.62
2023,12,1,2023-12,1246,9954963,1456,6837.2
2023,12,1,2023-12,1247,4555943,807,5645.53
2023,12,1,2023-12,1248,14963771,2105,7108.68
2023,12,1,2023-12,1249,12089182,1660,7282.64
2023,12,1,2023-12,1250,8542381,1731,4934.94
2023,12,1,2023-12,1251,11630321,1796,6475.68
2023,12,1,2023-12,1252,9923543,1711,5799.85
2023,12,1,2023-12,1253,17805254,2433,7318.23
2023,12,1,2023-12,1254,7780283,1590,4893.26
2023,12,1,2023-12,1255,4674414,713,6555.98
2023,12,1,2023-12,1256,6007328,954,6296.99
2023,12,1,2023-12,1257,5773778,1111,5196.92
2023,12,1,2023-12,1258,9002262,1925,4676.5
2023,12,1,2023-12,1259,14095433,2203,6398.29
2023,12,1,2023-12,1260,8983325,1310,6857.5
2023,12,1,2023-12,1261,5317523,1008,5275.32
2023,12,1,2023-12,1262,12837665,1995,6434.92
2023,12,1,2023-12,1263,10573285,1885,5609.17
2023,12,1,2023-12,1264,6243496,932,6699.03
2023,12,1,2023-12,1265,5326652,1105,4820.5
2023,12,1,2023-12,1266,13543685,1862,7273.73
2023,12,1,2023-12,1267,7660453,1469,5214.74
2023,12,1,2023-12,1268,12282726,2231,5505.48
2023,12,1,2023-12,1269,3205599,738,4343.63
2023,12,1,2023-12,1270,7237766,1569,4612.98
2023,12,1,2023-12,1271,7029735,1171,6003.19
2023,12,1,2023-12,1272,11865119,2294,5172.24
2023,12,1,2023-12,1273,7898669,1112,7103.12
2023,12,1,2023-12,1274,9434978,2269,4158.21
2023,12,1,2023-12,1275,6196708,1129,5488.67
2023,12,1,2023-12,1276,10522927,1969,5344.3
2023,12,1,2023-12,1277,9726057,2275,4275.19
2023,12,1,2023-12,1278,8109250,1758,4612.77
2023,12,1,2023-12,1279,5063620,904,5601.35
2023,12,1,2023-12,1280,9885949,1670,5919.73
2023,12,1,2023-12,1281,7469733,1338,5582.76
2023,12,1,2023-12,1282,12905594,2144,6019.4
2023,12,1,2023-12,1283,12105163,1927,6281.87
2023,12,1,2023-12,1284,7618019,1822,4181.13
2023,12,1,2023-12,1285,5614070,971,5781.74
2023,12,1,2023-12,1286,8735457,1154,7569.72
2023,12,1,2023-12,1287,9878980,1633,6049.59
2023,12,1,2023-12,1288,12889097,1953,6599.64
2023,12,1,2023-12,1289,5005308,942,5313.49
2023,12,1,2023-12,1290,14310386,2070,6913.23
2023,12,1,2023-12,1291,11739460,1708,6873.22
2023,12,1,2023-12,1292,8854940,1477,5995.22
2023,12,1,2023-12,1293,15622291,2030,7695.71
2023,12,1,2023-12,1294,8247840,1820,4531.78
2023,12,1,2023-12,1295,2670645,624,4279.88
2023,12,1,2023-12,1296,12297260,1792,6862.31
2023,12,1,2023-12,1297,11087045,1566,7079.85
2023,12,1,2023-12,1298,9644822,2125,4538.74
2023,12,1,2023-12,1299,4824575,950,5078.5
2023,12,1,2023-12,1300,9424368,2285,4124.45
2023,12,1,2023-12,1301,4003008,757,5287.99
2023,12,1,2023-12,1302,6163603,887,6948.82
2023,12,1,2023-12,1303,13651036,2261,6037.61
2023,12,1,2023-12,1304,11235895,2089,5378.6
2023,12,1,2023-12,1305,12188153,2239,5443.57
2023,12,1,2023-12,1306,9075751,2164,4193.97
2023,12,1,2023-12,1307,10300797,1991,5173.68
2023,12,1,2023-12,1308,11198213,1733,6461.75
2023,12,1,2023-12,1309,6979746,920,7586.68
2023,12,1,2023-12,1310,11365335,1580,7193.25
2023,12,1,2023-12,1311,5900575,1421,4152.41
2023,12,1,2023-12,1312,9014962,1234,7305.48
2023,12,1,2023-12,1313,12248896,1770,6920.28
2023,12,1,2023-12,1314,12062403,1729,6976.52
2023,12,1,2023-12,1315,12643034,2191,5770.44
2023,12,1,2023-12,1316,10927005,1943,5623.78
2023,12,1,2023-12,1317,7243386,1365,5306.51
2023,12,1,2023-12,1318,8457938,1933,4375.55
2023,12,1,2023-12,1319,8206065,1673,4905
2023,12,1,2023-12,1320,11131967,2191,5080.77
2023,12,1,2023-12,1321,14918326,2564,5818.38
2023,12,1,2023-12,1322,6674845,983,6790.28
2023,12,1,2023-12,1323,11179316,1936,5774.44
2023,12,1,2023-12,1324,8245542,1872,4404.67
2023,12,1,2023-12,1325,16521223,2171,7609.96
2023,12,1,2023-12,1326,13944049,1834,7603.08
2023,12,1,2023-12,1327,10676371,1537,6946.24
2023,12,1,2023-12,1328,7743912,1010,7667.24
2023,12,1,2023-12,1329,7630977,1255,6080.46
2023,12,1,2023-12,1330,6433386,853,7542.07
2023,12,1,2023-12,1331,4426371,986,4489.22
2023,12,1,2023-12,1332,6941005,1236,5615.7
2023,12,1,2023-12,1333,7772623,1577,4928.74
2023,12,1,2023-12,1334,7484367,1533,4882.17
2023,12,1,2023-12,1335,7060856,1518,4651.42
2023,12,1,2023-12,1336,12377076,1933,6403.04
2023,12,1,2023-12,1337,4346957,621,6999.93
2023,12,1,2023-12,1338,6266346,1015,6173.74
2023,12,1,2023-12,1339,6662284,1430,4658.94
2023,12,1,2023-12,1340,5306388,746,7113.12
2023,12,1,2023-12,1341,12366937,1916,6454.56
2023,12,1,2023-12,1342,4024723,724,5559.01
2023,12,1,2023-12,1343,14566795,2210,6591.31
2023,12,1,2023-12,1344,8972086,1755,5112.3
2023,12,1,2023-12,1345,11309473,2078,5442.48
2023,12,1,2023-12,1346,9020877,1207,7473.8
2023,12,1,2023-12,1347,5005329,964,5192.25
2023,12,1,2023-12,1348,7620853,1302,5853.19
2023,12,1,2023-12,1349,11955101,1629,7338.92
2023,12,1,2023-12,1350,9669846,1453,6655.09
2023,12,1,2023-12,1351,7078135,1618,4374.62
2023,12,1,2023-12,1352,9039829,1933,4676.58
2023,12,1,2023-12,1353,9697994,2362,4105.84
2023,12,1,2023-12,1354,9743699,1511,6448.51
2023,12,1,2023-12,1355,6142084,1059,5799.89
2023,12,1,2023-12,1356,9309701,1998,4659.51
2023,12,1,2023-12,1357,8958834,1175,7624.54
2023,12,1,2023-12,1358,5626107,931,6043.08
2023,12,1,2023-12,1359,7435997,1488,4997.31
2023,12,1,2023-12,1360,10715466,1789,5989.64
2023,12,1,2023-12,1361,13656334,2088,6540.39
2023,12,1,2023-12,1362,7206188,1646,4378
2023,12,1,2023-12,1363,11688277,2266,5158.11
2023,12,1,2023-12,1364,13836456,1959,7063.02
2023,12,1,2023-12,1365,10410765,1782,5842.18
2023,12,1,2023-12,1366,10765744,1784,6034.61
2023,12,1,2023-12,1367,12847304,2254,5699.78
2023,12,1,2023-12,1368,8687200,2039,4260.52
2023,12,1,2023-12,1369,6265201,1309,4786.25
2023,12,1,2023-12,1370,9144578,1574,5809.77
2023,12,1,2023-12,1371,10182063,2067,4926.01
2023,12,1,2023-12,1372,6250995,1451,4308.06
2023,12,1,2023-12,1373,4585016,642,7141.77
2023,12,1,2023-12,1374,7274665,951,7649.49
2023,12,1,2023-12,1375,10449008,1502,6956.73
2023,12,1,2023-12,1376,11282388,1566,7204.59
2023,12,1,2023-12,1377,9205928,1846,4986.96
2023,12,1,2023-12,1378,17196013,2283,7532.2
2023,12,1,2023-12,1379,6402897,1313,4876.54
2023,12,1,2023-12,1380,9310745,1228,7582.04
2023,12,1,2023-12,1381,10824894,1389,7793.3
2023,12,1,2023-12,1382,7178079,1074,6683.5
2023,12,1,2023-12,1383,16689721,2201,7582.79
2023,12,1,2023-12,1384,13015514,2089,6230.5
2023,12,1,2023-12,1385,11147745,2175,5125.4
2023,12,1,2023-12,1386,12002723,2080,5770.54
2023,12,1,2023-12,1387,13155362,2073,6346.05
2023,12,1,2023-12,1388,4411026,984,4482.75
2023,12,1,2023-12,1389,4209069,664,6338.96
2023,12,1,2023-12,1390,10662454,1378,7737.63
2023,12,1,2023-12,1391,6010827,1247,4820.23
2023,12,1,2023-12,1392,4800500,683,7028.55
2023,12,1,2023-12,1393,12935632,1744,7417.22
2023,12,1,2023-12,1394,10508456,1403,7489.99
2023,12,1,2023-12,1395,11880066,1554,7644.83
2023,12,1,2023-12,1396,4254780,709,6001.1
2023,12,1,2023-12,1397,12620287,1631,7737.76
2023,12,1,2023-12,1398,12058321,1765,6831.91
2023,12,1,2023-12,1399,4350418,928,4687.95
2023,12,1,2023-12,1400,4310011,739,5832.22
2023,12,1,2023-12,1401,14763253,2173,6793.95
2023,12,1,2023-12,1402,4343282,874,4969.43
2023,12,1,2023-12,1403,10772470,1660,6489.44
2023,12,1,2023-12,1404,5186482,783,6623.86
2023,12,1,2023-12,1405,8626079,1824,4729.21
2023,12,1,2023-12,1406,14611923,2372,6160.17
2023,12,1,2023-12,1407,12817914,1852,6921.12
2023,12,1,2023-12,1408,12322529,2092,5890.31
2023,12,1,2023-12,1409,6734036,1560,4316.69
2023,12,1,2023-12,1410,5102195,1210,4216.69
2023,12,1,2023-12,1411,4033388,750,5377.85
2023,12,1,2023-12,1412,15456824,2079,7434.74
2023,12,1,2023-12,1413,6246400,1254,4981.18
2023,12,1,2023-12,1414,9908157,1556,6367.71
2023,12,1,2023-12,1415,3983532,816,4881.78
2023,12,1,2023-12,1416,6744948,1268,5319.36
2023,12,1,2023-12,1417,7945633,1098,7236.46
2023,12,1,2023-12,1418,12161536,1787,6805.56
2023,12,1,2023-12,1419,5162606,1149,4493.13
2023,12,1,2023-12,1420,10161991,1790,5677.09
2023,12,1,2023-12,1421,9714989,2280,4260.96
2023,12,1,2023-12,1422,10385416,1754,5920.99
2023,12,1,2023-12,1423,10843603,1676,6469.93
2023,12,1,2023-12,1424,10495647,2310,4543.57
2023,12,1,2023-12,1425,6940462,1342,5171.73
2023,12,1,2023-12,1426,6976717,1253,5568.01
2023,12,1,2023-12,1427,6834280,918,7444.75
2023,12,1,2023-12,1428,13523515,1754,7710.1
2023,12,1,2023-12,1429,9138250,2103,4345.34
2023,12,1,2023-12,1430,9887447,1454,6800.17
2023,12,1,2023-12,1431,6939889,1282,5413.33
2023,12,1,2023-12,1432,10517508,1902,5529.71
2023,12,1,2023-12,1433,15408559,2235,6894.21
2023,12,1,2023-12,1434,9319285,1257,7413.91
2023,12,1,2023-12,1435,6068905,803,7557.79
2023,12,1,2023-12,1436,5803312,932,6226.73
2023,12,1,2023-12,1437,11597344,2129,5447.32
2023,12,1,2023-12,1438,5185083,736,7044.95
2023,12,1,2023-12,1439,7173976,1411,5084.32
2023,12,1,2023-12,1440,12251666,1970,6219.12
2023,12,1,2023-12,1441,5122951,943,5432.61
2023,12,1,2023-12,1442,11455013,1743,6572.01
2023,12,1,2023-12,1443,8546199,1703,5018.32
2023,12,1,2023-12,1444,10673711,2246,4752.32
2023,12,1,2023-12,1445,15559592,2060,7553.2
2023,12,1,2023-12,1446,4122997,912,4520.83
2023,12,1,2023-12,1447,5001608,835,5989.95
2023,12,1,2023-12,1448,6415083,1310,4897.01
2023,12,1,2023-12,1449,5824402,1326,4392.46
2023,12,1,2023-12,1450,6324483,1489,4247.47
2023,12,1,2023-12,1451,4888213,1026,4764.34
2023,12,1,2023-12,1452,4479027,623,7189.45
2023,12,1,2023-12,1453,11494120,2218,5182.2
2023,12,1,2023-12,1454,16124285,2137,7545.29
2023,12,1,2023-12,1455,9430291,1529,6167.62
2023,12,1,2023-12,1456,11955236,2092,5714.74
2023,12,1,2023-12,1457,14354950,2302,6235.86
2023,12,1,2023-12,1458,13089673,2184,5993.44
2023,12,1,2023-12,1459,11277476,1661,6789.57
2023,12,1,2023-12,1460,5282519,1020,5178.94
2023,12,1,2023-12,1461,6632151,1237,5361.48
2023,12,1,2023-12,1462,8779194,1187,7396.12
2023,12,1,2023-12,1463,7789301,1036,7518.63
2023,12,1,2023-12,1464,18029942,2439,7392.35
2023,12,1,2023-12,1465,3558215,629,5656.94
2023,12,1,2023-12,1466,10448495,1503,6951.76
2023,12,1,2023-12,1467,6704482,1133,5917.46
2023,12,1,2023-12,1468,12329495,2090,5899.28
2023,12,1,2023-12,1469,8964573,1853,4837.87
2023,12,1,2023-12,1470,5471346,869,6296.14
2023,12,1,2023-12,1471,8842347,1857,4761.63
2023,12,1,2023-12,1472,4324088,815,5305.63
2023,12,1,2023-12,1473,4144187,580,7145.15
2023,12,1,2023-12,1474,9370735,1894,4947.59
2023,12,1,2023-12,1475,3962412,908,4363.89
2023,12,1,2023-12,1476,9137187,2090,4371.86
2023,12,1,2023-12,1477,5598945,750,7465.26
2023,12,1,2023-12,1478,4785585,804,5952.22
2023,12,1,2023-12,1479,13170280,2346,5613.93
2023,12,1,2023-12,1480,5278873,744,7095.26
2023,12,1,2023-12,1481,11142257,1572,7087.95
2023,12,1,2023-12,1482,6720410,1264,5316.78
2023,12,1,2023-12,1483,6909958,1031,6702.19
2023,12,1,2023-12,1484,13876402,1993,6962.57
2023,12,1,2023-12,1485,9404632,1454,6468.11
2023,12,1,2023-12,1486,7478880,1593,4694.84
2023,12,1,2023-12,1487,13238733,1794,7379.45
2023,12,1,2023-12,1488,5156548,855,6031.05
2023,12,1,2023-12,1489,4053289,798,5079.31
2023,12,1,2023-12,1490,10881794,1925,5652.88
2023,12,1,2023-12,1491,4426374,1033,4284.97
2023,12,1,2023-12,1492,5555252,1214,4575.99
2023,12,1,2023-12,1493,10131977,1460,6939.71
2023,12,1,2023-12,1494,7019998,1686,4163.7
2023,12,1,2023-12,1495,6360459,1132,5618.78
2023,12,1,2023-12,1496,10045908,1674,6001.14
2023,12,1,2023-12,1497,5775142,1338,4316.25
2023,12,1,2023-12,1498,16173964,2107,7676.3
2023,12,1,2023-12,1499,6474950,1310,4942.71
2023,12,1,2023-12,1500,10748262,2071,5189.89
2023,12,1,2023-12,1501,10973611,2076,5285.94
2023,12,1,2023-12,1502,6278174,1264,4966.91
2023,12,1,2023-12,1503,3958919,966,4098.26
2023,12,1,2023-12,1504,16314141,2384,6843.18
2023,12,1,2023-12,1505,12880342,1685,7644.12
2023,12,1,2023-12,1506,8907262,1796,4959.5
2023,12,1,2023-12,1507,9674419,1484,6519.15
2023,12,1,2023-12,1508,7661842,1127,6798.44
2023,12,1,2023-12,1509,13345798,1859,7179.02
2023,12,1,2023-12,1510,10270188,1816,5655.39
2023,12,1,2023-12,1511,5337600,1024,5212.5
2023,12,1,2023-12,1512,6255131,1177,5314.47
2023,12,1,2023-12,1513,7500281,1123,6678.79
2023,12,1,2023-12,1514,9017564,1272,7089.28
2023,12,1,2023-12,1515,4289543,893,4803.52
2023,12,1,2023-12,1516,10253463,1881,5451.07
2023,12,1,2023-12,1517,10354561,1403,7380.3
2023,12,1,2023-12,1518,11583698,1639,7067.54
2023,12,1,2023-12,1519,9694321,1279,7579.61
2023,12,1,2023-12,1520,16288061,2367,6881.31
2023,12,1,2023-12,1521,7616319,1383,5507.1
2023,12,1,2023-12,1522,12972343,2076,6248.72
2023,12,1,2023-12,1523,11969699,1872,6394.07
2023,12,1,2023-12,1524,4830830,1083,4460.6
2023,12,1,2023-12,1525,11328150,1866,6070.82
2023,12,1,2023-12,1526,11235496,1684,6671.91
2023,12,1,2023-12,1527,6289375,1322,4757.47
2023,12,1,2023-12,1528,15952034,2325,6861.09
2023,12,1,2023-12,1529,8565432,1371,6247.58
2023,12,1,2023-12,1530,14761647,1944,7593.44
2023,12,1,2023-12,1531,8023928,1860,4313.94
2023,12,1,2023-12,1532,10310619,2027,5086.64
2023,12,1,2023-12,1533,10752768,1704,6310.31
2023,12,1,2023-12,1534,7840081,1504,5212.82
2023,12,1,2023-12,1535,6429710,953,6746.81
2023,12,1,2023-12,1536,12166973,1756,6928.8
2023,12,1,2023-12,1537,4268673,948,4502.82
2023,12,1,2023-12,1538,9397528,1565,6004.81
2023,12,1,2023-12,1539,11893140,2000,5946.57
2023,12,1,2023-12,1540,10171985,1851,5495.4
2023,12,1,2023-12,1541,12123098,1613,7515.87
2023,12,1,2023-12,1542,5531689,778,7110.14
2023,12,1,2023-12,1543,12120674,1816,6674.38
2023,12,1,2023-12,1544,6068073,904,6712.47
2023,12,1,2023-12,1545,3970969,684,5805.51
2023,12,1,2023-12,1546,10148164,1369,7412.83
2023,12,1,2023-12,1547,14528939,2185,6649.4
2023,12,1,2023-12,1548,10856207,1611,6738.8
2023,12,1,2023-12,1549,12607574,1732,7279.2
2023,12,1,2023-12,1550,11220126,2201,5097.74
2023,12,1,2023-12,1551,9956806,1411,7056.56
2023,12,1,2023-12,1552,11726452,2422,4841.64
2023,12,1,2023-12,1553,4327723,801,5402.9
2023,12,1,2023-12,1554,6499076,1214,5353.44
2023,12,1,2023-12,1555,18208146,2389,7621.66
2023,12,1,2023-12,1556,13836389,1903,7270.83
2023,12,1,2023-12,1557,10719703,1618,6625.28
2023,12,1,2023-12,1558,15901543,2343,6786.83
2023,12,1,2023-12,1559,6772792,1112,6090.64
2023,12,1,2023-12,1560,12233430,1624,7532.9
2023,12,1,2023-12,1561,13050413,2175,6000.19
2023,12,1,2023-12,1562,7964997,1447,5504.49
2023,12,1,2023-12,1563,5999111,1265,4742.38
2023,12,1,2023-12,1564,7753077,1101,7041.85
2023,12,1,2023-12,1565,11366605,1677,6777.94
2023,12,1,2023-12,1566,11406012,2058,5542.28
2023,12,1,2023-12,1567,8231392,1927,4271.61
2023,12,1,2023-12,1568,16535334,2330,7096.71
2023,12,1,2023-12,1569,8463290,2028,4173.22
2023,12,1,2023-12,1570,10006805,1498,6680.11
2023,12,1,2023-12,1571,5282378,699,7557.05
2023,12,1,2023-12,1572,10080065,1743,5783.17
2023,12,1,2023-12,1573,6302214,1253,5029.7
2023,12,1,2023-12,1574,6652154,992,6705.8
2023,12,1,2023-12,1575,7047062,987,7139.88
2023,12,1,2023-12,1576,9737606,1585,6143.6
2023,12,1,2023-12,1577,9333764,1227,7606.98
2023,12,1,2023-12,1578,4342544,1018,4265.76
2023,12,1,2023-12,1579,13345425,2250,5931.3
2023,12,1,2023-12,1580,12551584,1874,6697.75
2023,12,1,2023-12,1581,8652859,1190,7271.31
2023,12,1,2023-12,1582,4991761,1040,4799.77
2023,12,1,2023-12,1583,12055994,1735,6948.7
2023,12,1,2023-12,1584,11005496,1783,6172.46
2023,12,1,2023-12,1585,12659913,2247,5634.14
2023,12,1,2023-12,1586,4664116,994,4692.27
2023,12,1,2023-12,1587,8801003,1222,7202.13
2023,12,1,2023-12,1588,6842284,1446,4731.87
2023,12,1,2023-12,1589,3068360,588,5218.3
2023,12,1,2023-12,1590,12619558,2390,5280.15
2023,12,1,2023-12,1591,14115944,1940,7276.26
2023,12,1,2023-12,1592,7823187,1195,6546.6
2023,12,1,2023-12,1593,7561842,1083,6982.31
2023,12,1,2023-12,1594,4316385,852,5066.18
2023,12,1,2023-12,1595,7031037,1096,6415.18
2023,12,1,2023-12,1596,6997662,1142,6127.55
2023,12,1,2023-12,1597,11562509,1606,7199.57
2023,12,1,2023-12,1598,14016852,1889,7420.25
2023,12,1,2023-12,1599,5457329,1281,4260.21
2023,12,1,2023-12,1600,7482225,1126,6644.96
2023,12,1,2023-12,1601,6732783,1553,4335.34
2023,12,1,2023-12,1602,13782298,2238,6158.31
2023,12,1,2023-12,1603,9867904,1913,5158.34
2023,12,1,2023-12,1604,9270679,1772,5231.76
2023,12,1,2023-12,1605,4100246,747,5488.95
2023,12,1,2023-12,1606,4892681,771,6345.89
2023,12,1,2023-12,1607,9389529,1752,5359.32
2023,12,1,2023-12,1608,14269538,2118,6737.27
2023,12,1,2023-12,1609,8382348,1504,5573.37
2023,12,1,2023-12,1610,6555593,1498,4376.23
2023,12,1,2023-12,1611,15759542,2243,7026.1
2023,12,1,2023-12,1612,12055107,2318,5200.65
2023,12,1,2023-12,1613,12092420,2106,5741.89
2023,12,1,2023-12,1614,14027769,2149,6527.58
2023,12,1,2023-12,1615,3972323,743,5346.33
2023,12,1,2023-12,1616,8761673,2019,4339.61
2023,12,1,2023-12,1617,5261711,954,5515.42
2023,12,1,2023-12,1618,14670237,1919,7644.73
2023,12,1,2023-12,1619,8844623,1394,6344.78
2023,12,1,2023-12,1620,10825495,1646,6576.85
2023,12,1,2023-12,1621,14945132,2293,6517.72
2023,12,1,2023-12,1622,8074731,1667,4843.87
2023,12,1,2023-12,1623,12110388,2140,5659.06
2023,12,1,2023-12,1624,15885560,2311,6873.89
2023,12,1,2023-12,1625,9720020,2199,4420.2
2023,12,1,2023-12,1626,10812714,2095,5161.2
2023,12,1,2023-12,1627,5296996,1037,5108
2023,12,1,2023-12,1628,10613637,1832,5793.47
2023,12,1,2023-12,1629,8122740,1061,7655.74
2023,12,1,2023-12,1630,6528469,1496,4363.95
2023,12,1,2023-12,1631,8959828,1481,6049.85
2023,12,1,2023-12,1632,5141318,1067,4818.48
2023,12,1,2023-12,1633,7041684,918,7670.68
2023,12,1,2023-12,1634,3386868,729,4645.91
2023,12,1,2023-12,1635,11012683,1976,5573.22
2023,12,1,2023-12,1636,9953624,1448,6874.05
2023,12,1,2023-12,1637,11001465,1627,6761.81
2023,12,1,2023-12,1638,10410653,1848,5633.47
2023,12,1,2023-12,1639,9699793,1808,5364.93
2023,12,1,2023-12,1640,5686254,1019,5580.23
2023,12,1,2023-12,1641,8319707,1634,5091.62
2023,12,1,2023-12,1642,9053784,1823,4966.42
2023,12,1,2023-12,1643,4477393,766,5845.16
2023,12,1,2023-12,1644,9228348,1800,5126.86
2023,12,1,2023-12,1645,4752702,923,5149.19
2023,12,1,2023-12,1646,4857228,746,6511.03
2023,12,1,2023-12,1647,6267893,812,7719.08
2023,12,1,2023-12,1648,11778644,1841,6397.96
2023,12,1,2023-12,1649,9649751,2170,4446.89
2023,12,1,2023-12,1650,6546204,1470,4453.2
2023,12,1,2023-12,1651,13489499,1779,7582.63
2023,12,1,2023-12,1652,5855794,1125,5205.15
2023,12,1,2023-12,1653,5543568,1213,4570.13
2023,12,1,2023-12,1654,14173899,2229,6358.86
2023,12,1,2023-12,1655,13506452,2111,6398.13
2023,12,1,2023-12,1656,11245835,1739,6466.84
2023,12,1,2023-12,1657,11700568,2292,5104.96
2023,12,1,2023-12,1658,6833688,1618,4223.54
2023,12,1,2023-12,1659,13923573,1830,7608.51
2023,12,1,2023-12,1660,9626050,1886,5103.95
2023,12,1,2023-12,1661,11392535,1727,6596.72
2023,12,1,2023-12,1662,9577533,1442,6641.84
2023,12,1,2023-12,1663,15208592,2419,6287.14
2023,12,1,2023-12,1664,5223602,982,5319.35
2023,12,1,2023-12,1665,6726785,1326,5072.99
2023,12,1,2023-12,1666,15062985,2399,6278.86
2023,12,1,2023-12,1667,5455989,754,7236.06
2023,12,1,2023-12,1668,16872469,2253,7488.89
2023,12,1,2023-12,1669,9908806,2179,4547.41
2023,12,1,2023-12,1670,8757135,1862,4703.08
2023,12,1,2023-12,1671,16939763,2256,7508.76
2023,12,1,2023-12,1672,11567959,1680,6885.69
2023,12,1,2023-12,1673,14377885,1995,7206.96
2023,12,1,2023-12,1674,8800920,1818,4840.99
2023,12,1,2023-12,1675,3907771,627,6232.49
2023,12,1,2023-12,1676,5976593,905,6603.97
2023,12,1,2023-12,1677,13262355,1982,6691.4
2023,12,1,2023-12,1678,11462545,2005,5716.98
2023,12,1,2023-12,1679,7320750,1752,4178.51
2023,12,1,2023-12,1680,7312953,1161,6298.84
2023,12,1,2023-12,1681,5021293,987,5087.43
2023,12,1,2023-12,1682,13347028,2285,5841.15
2023,12,1,2023-12,1683,13793125,1820,7578.64
2023,12,1,2023-12,1684,8532790,1523,5602.62
2023,12,1,2023-12,1685,12816777,1774,7224.79
2023,12,1,2023-12,1686,7269788,1488,4885.61
2023,12,1,2023-12,1687,13499747,2055,6569.22
2023,12,1,2023-12,1688,15015753,1973,7610.62
2023,12,1,2023-12,1689,9462780,2110,4484.73
2023,12,1,2023-12,1690,3666079,894,4100.76
2023,12,1,2023-12,1691,5093464,887,5742.35
2023,12,1,2023-12,1692,5192222,1155,4495.43
2023,12,1,2023-12,1693,4498683,657,6847.31
2023,12,1,2023-12,1694,10897213,1467,7428.23
2023,12,1,2023-12,1695,11987268,2119,5657.04
2023,12,1,2023-12,1696,9634153,1891,5094.74
2023,12,1,2023-12,1697,5151916,898,5737.1
2023,12,1,2023-12,1698,15396792,2296,6705.92
2023,12,1,2023-12,1699,9157502,2188,4185.33
2023,12,1,2023-12,1700,5344209,857,6235.95
2023,12,1,2023-12,1701,12535762,1977,6340.8
2023,12,1,2023-12,1702,6214327,973,6386.77
2023,12,1,2023-12,1703,9637008,1924,5008.84
2023,12,1,2023-12,1704,5916145,872,6784.57
2023,12,1,2023-12,1705,4365244,979,4458.88
2023,12,1,2023-12,1706,6177053,1277,4837.16
2023,12,1,2023-12,1707,10670540,1468,7268.76
2023,12,1,2023-12,1708,11123871,1638,6791.13
2023,12,1,2023-12,1709,4558240,1064,4284.06
2023,12,1,2023-12,1710,5367373,1051,5106.92
2023,12,1,2023-12,1711,11748188,2390,4915.56
2023,12,1,2023-12,1712,10832098,2126,5095.06
2023,12,1,2023-12,1713,4256958,858,4961.49
2023,12,1,2023-12,1714,4380461,1010,4337.09
2023,12,1,2023-12,1715,7729824,1354,5708.88
2023,12,1,2023-12,1716,9869936,1449,6811.55
2023,12,1,2023-12,1717,4732841,741,6387.1
2023,12,1,2023-12,1718,5375071,821,6546.98
2023,12,1,2023-12,1719,6153181,1379,4462.06
2023,12,1,2023-12,1720,13004397,1731,7512.65
2023,12,1,2023-12,1721,9855148,1394,7069.69
2023,12,1,2023-12,1722,12460570,1770,7039.87
2023,12,1,2023-12,1723,9289904,1305,7118.7
2023,12,1,2023-12,1724,9176149,1212,7571.08
2023,12,1,2023-12,1725,14220050,2295,6196.1
2023,12,1,2023-12,1726,6889906,1418,4858.89
2023,12,1,2023-12,1727,6410454,1001,6404.05
2023,12,1,2023-12,1728,16464140,2411,6828.76
2023,12,1,2023-12,1729,4465570,657,6796.91
2023,12,1,2023-12,1730,6266716,1041,6019.9
2023,12,1,2023-12,1731,9233708,2102,4392.82
2023,12,1,2023-12,1732,7719376,1409,5478.62
2023,12,1,2023-12,1733,7518644,999,7526.17
2023,12,1,2023-12,1734,13471020,2153,6256.86
2023,12,1,2023-12,1735,12450229,2021,6160.43
2023,12,1,2023-12,1736,9483033,1868,5076.57
2023,12,1,2023-12,1737,11333923,2120,5346.19
2023,12,1,2023-12,1738,5600237,763,7339.76
2023,12,1,2023-12,1739,6912997,1063,6503.29
2023,12,1,2023-12,1740,12660091,1833,6906.76
2023,12,1,2023-12,1741,9886798,1693,5839.81
2023,12,1,2023-12,1742,9698099,1527,6351.08
2023,12,1,2023-12,1743,6737910,1329,5069.91
2023,12,1,2023-12,1744,10827165,1599,6771.21
2023,12,1,2023-12,1745,5797139,1029,5633.76
2023,12,1,2023-12,1746,7641992,1334,5728.63
2023,12,1,2023-12,1747,9444338,1444,6540.4
2023,12,1,2023-12,1748,15913041,2125,7488.49
2023,12,1,2023-12,1749,6821841,1551,4398.35
2023,12,1,2023-12,1750,9384524,1315,7136.52
2023,12,1,2023-12,1751,11423491,2193,5209.07
2023,12,1,2023-12,1752,7360768,1286,5723.77
2023,12,1,2023-12,1753,8436995,2010,4197.51
2023,12,1,2023-12,1754,11563318,2231,5183.02
2023,12,1,2023-12,1755,12297018,2056,5981.04
2023,12,1,2023-12,1756,9849733,2277,4325.75
2023,12,1,2023-12,1757,8144559,1365,5966.71
2023,12,1,2023-12,1758,8594735,1139,7545.86
2023,12,1,2023-12,1759,9223393,2059,4479.55
2023,12,1,2023-12,1760,5463833,789,6925.01
2023,12,1,2023-12,1761,10222257,1789,5713.95
2023,12,1,2023-12,1762,6933715,1073,6461.99
2023,12,1,2023-12,1763,9211167,1792,5140.16
2023,12,1,2023-12,1764,7824304,1647,4750.64
2023,12,1,2023-12,1765,5230167,1096,4772.05
2023,12,1,2023-12,1766,9466636,2165,4372.58
2023,12,1,2023-12,1767,10187166,2077,4904.75
2023,12,1,2023-12,1768,8564109,1317,6502.74
2023,12,1,2023-12,1769,5197088,708,7340.52
2023,12,1,2023-12,1770,13377604,1893,7066.88
2023,12,1,2023-12,1771,7759358,1170,6631.93
2023,12,1,2023-12,1772,7614126,1690,4505.4
2023,12,1,2023-12,1773,6870068,1338,5134.58
2023,12,1,2023-12,1774,9059871,1717,5276.57
2023,12,1,2023-12,1775,7121412,1415,5032.8
2023,12,1,2023-12,1776,3576315,598,5980.46
2023,12,1,2023-12,1777,7797577,1279,6096.62
2023,12,1,2023-12,1778,10381275,1935,5365
2023,12,1,2023-12,1779,5535710,1011,5475.48
2023,12,1,2023-12,1780,5416353,760,7126.78
2023,12,1,2023-12,1781,15777005,2249,7015.12
2023,12,1,2023-12,1782,6705841,1270,5280.19
2023,12,1,2023-12,1783,10426537,1399,7452.85
2023,12,1,2023-12,1784,8939839,1190,7512.47
2023,12,1,2023-12,1785,6559598,1220,5376.72
2023,12,1,2023-12,1786,8311216,1529,5435.72
2023,12,1,2023-12,1787,12083298,2033,5943.58
2023,12,1,2023-12,1788,13045257,1735,7518.88
2023,12,1,2023-12,1789,8543929,1169,7308.75
2023,12,1,2023-12,1790,5498934,1214,4529.6
2023,12,1,2023-12,1791,9319950,1668,5587.5
2023,12,1,2023-12,1792,4707415,758,6210.31
2023,12,1,2023-12,1793,9998620,1692,5909.35
2023,12,1,2023-12,1794,9027188,1849,4882.2
2023,12,1,2023-12,1795,13835760,1915,7224.94
2023,12,1,2023-12,1796,6371286,961,6629.85
2023,12,1,2023-12,1797,14145294,1957,7228.05
2023,12,1,2023-12,1798,9062489,1252,7238.41
2023,12,1,2023-12,1799,10601991,1545,6862.13
2023,12,1,2023-12,1800,12621669,2183,5781.8
2023,12,1,2023-12,1801,9380432,1469,6385.59
2023,12,1,2023-12,1802,9852377,2059,4785.03
2023,12,1,2023-12,1803,7949056,1213,6553.22
2023,12,1,2023-12,1804,9225938,1933,4772.86
2023,12,1,2023-12,1805,7695041,1168,6588.22
2023,12,1,2023-12,1806,4018805,809,4967.62
2023,12,1,2023-12,1807,10619269,2323,4571.36
2023,12,1,2023-12,1808,7062049,1490,4739.63
2023,12,1,2023-12,1809,5986531,1431,4183.46
2023,12,1,2023-12,1810,3996858,592,6751.45
2023,12,1,2023-12,1811,12200172,1801,6774.11
2023,12,1,2023-12,1812,9724412,1617,6013.86
2023,12,1,2023-12,1813,8956652,1878,4769.25
2023,12,1,2023-12,1814,7200460,1630,4417.46
2023,12,1,2023-12,1815,8196715,1922,4264.68
2023,12,1,2023-12,1816,8486992,1798,4720.24
2023,12,1,2023-12,1817,16381896,2211,7409.27
2023,12,1,2023-12,1818,8293972,1650,5026.65
2023,12,1,2023-12,1819,11746814,2165,5425.78
2023,12,1,2023-12,1820,7397396,1662,4450.9
2023,12,1,2023-12,1821,11339688,2277,4980.1
2023,12,1,2023-12,1822,10477164,1741,6017.9
2023,12,1,2023-12,1823,4874306,769,6338.5
2023,12,1,2023-12,1824,4032969,802,5028.64
2023,12,1,2023-12,1825,7895919,1799,4389.06
2023,12,1,2023-12,1826,5032521,900,5591.69
2023,12,1,2023-12,1827,11107538,2215,5014.69
2023,12,1,2023-12,1828,10514390,2103,4999.71
2023,12,1,2023-12,1829,14944677,1977,7559.27
2023,12,1,2023-12,1830,7360794,1162,6334.59
2023,12,1,2023-12,1831,9373490,1520,6166.77
2023,12,1,2023-12,1832,10341751,1823,5672.93
2023,12,1,2023-12,1833,9593067,1679,5713.56
2023,12,1,2023-12,1834,10624694,1761,6033.33
2023,12,1,2023-12,1835,10253857,1555,6594.12
2023,12,1,2023-12,1836,11482512,1724,6660.39
2023,12,1,2023-12,1837,10464799,2232,4688.53
2023,12,1,2023-12,1838,6898113,1158,5956.92
2023,12,1,2023-12,1839,5119760,910,5626.11
2023,12,1,2023-12,1840,14591270,2018,7230.56
2023,12,1,2023-12,1841,7195804,1126,6390.59
2023,12,1,2023-12,1842,10912950,1799,6066.12
2023,12,1,2023-12,1843,9369458,2082,4500.22
2023,12,1,2023-12,1844,8065086,1281,6295.93
2023,12,1,2023-12,1845,6218074,1363,4562.05
2023,12,1,2023-12,1846,9669708,1808,5348.29
2023,12,1,2023-12,1847,4923424,1058,4653.52
2023,12,1,2023-12,1848,6887910,1029,6693.79
2023,12,1,2023-12,1849,5458652,1106,4935.49
2023,12,1,2023-12,1850,10869149,1966,5528.56
2023,12,1,2023-12,1851,10979950,1501,7315.09
2023,12,1,2023-12,1852,5003554,1028,4867.27
2023,12,1,2023-12,1853,10416298,1728,6027.95
2023,12,1,2023-12,1854,11097640,1996,5559.94
2023,12,1,2023-12,1855,5443241,1289,4222.84
2023,12,1,2023-12,1856,14530986,2082,6979.34
2023,12,1,2023-12,1857,6718698,1508,4455.37
2023,12,1,2023-12,1858,5725725,971,5896.73
2023,12,1,2023-12,1859,7296924,1197,6096.01
2023,12,1,2023-12,1860,12878349,1994,6458.55
2023,12,1,2023-12,1861,13818930,2121,6515.29
2023,12,1,2023-12,1862,5755376,1131,5088.75
2023,12,1,2023-12,1863,7497402,1776,4221.51
2023,12,1,2023-12,1864,13484741,1977,6820.81
2023,12,1,2023-12,1865,9069306,1491,6082.7
2023,12,1,2023-12,1866,12094467,1699,7118.58
2023,12,1,2023-12,1867,9059713,1285,7050.36
2023,12,1,2023-12,1868,5611008,775,7240.01
2023,12,1,2023-12,1869,6833097,1145,5967.77
2023,12,1,2023-12,1870,10929348,2051,5328.79
2023,12,1,2023-12,1871,10058466,1439,6989.9
2023,12,1,2023-12,1872,6747277,1157,5831.7
2023,12,1,2023-12,1873,8576942,1770,4845.73
2023,12,1,2023-12,1874,11078081,1537,7207.6
2023,12,1,2023-12,1875,7462636,1025,7280.62
2023,12,1,2023-12,1876,5300223,916,5786.27
2023,12,1,2023-12,1877,10089128,2258,4468.17
2023,12,1,2023-12,1878,6244990,1130,5526.54
2023,12,1,2023-12,1879,15885600,2265,7013.51
2023,12,1,2023-12,1880,10961091,1479,7411.15
2023,12,1,2023-12,1881,4207259,861,4886.48
2023,12,1,2023-12,1882,3286605,745,4411.55
2023,12,1,2023-12,1883,15713606,2158,7281.56
2023,12,1,2023-12,1884,7745164,1400,5532.26
2023,12,1,2023-12,1885,9910193,1635,6061.28
2023,12,1,2023-12,1886,5984583,782,7652.92
2023,12,1,2023-12,1887,10990975,2500,4396.39
2023,12,1,2023-12,1888,14165771,2183,6489.13
2023,12,1,2023-12,1889,6114391,1398,4373.67
2023,12,1,2023-12,1890,5978049,1081,5530.11
2023,12,1,2023-12,1891,12874577,1827,7046.84
2023,12,1,2023-12,1892,5756608,1003,5739.39
2023,12,1,2023-12,1893,10813926,1397,7740.82
2023,12,1,2023-12,1894,11320390,1835,6169.15
2023,12,1,2023-12,1895,10230721,1959,5222.42
2023,12,1,2023-12,1896,11245677,2252,4993.64
2023,12,1,2023-12,1897,7329555,1370,5350.04
2023,12,1,2023-12,1898,11739650,2121,5534.96
2023,12,1,2023-12,1899,9290819,2113,4396.98
2023,12,1,2023-12,1900,4118907,762,5405.39
2023,12,1,2023-12,1901,8451855,1454,5812.83
2023,12,1,2023-12,1902,10059120,1507,6674.93
2023,12,1,2023-12,1903,10404245,1587,6555.92
2023,12,1,2023-12,1904,6355748,953,6669.2
2023,12,1,2023-12,1905,2879547,696,4137.28
2023,12,1,2023-12,1906,5573932,1123,4963.43
2023,12,1,2023-12,1907,10461112,1604,6521.89
2023,12,1,2023-12,1908,7719570,1306,5910.85
2023,12,1,2023-12,1909,3430330,823,4168.08
2023,12,1,2023-12,1910,12041289,1699,7087.28
2023,12,1,2023-12,1911,13310314,1928,6903.69
2023,12,1,2023-12,1912,6264961,1036,6047.26
2023,12,1,2023-12,1913,9198368,2118,4342.95
2023,12,1,2023-12,1914,10634196,1537,6918.8
2023,12,1,2023-12,1915,5842072,940,6214.97
2023,12,1,2023-12,1916,6570506,937,7012.28
2023,12,1,2023-12,1917,5862920,863,6793.65
2023,12,1,2023-12,1918,11406045,1612,7075.71
2023,12,1,2023-12,1919,5121262,855,5989.78
2023,12,1,2023-12,1920,7691062,1631,4715.55
2023,12,1,2023-12,1921,8186117,1244,6580.48
2023,12,1,2023-12,1922,14225513,2228,6384.88
2023,12,1,2023-12,1923,8320152,1216,6842.23
2023,12,1,2023-12,1924,6137814,1274,4817.75
2023,12,1,2023-12,1925,4757987,981,4850.14
2023,12,1,2023-12,1926,12034510,1658,7258.45
2023,12,1,2023-12,1927,13691484,1986,6894
2023,12,1,2023-12,1928,18035234,2439,7394.52
2023,12,1,2023-12,1929,6944561,994,6986.48
2023,12,1,2023-12,1930,14999822,2394,6265.59
2023,12,1,2023-12,1931,8637333,1333,6479.62
2023,12,1,2023-12,1932,17117366,2322,7371.82
2023,12,1,2023-12,1933,10193348,1628,6261.27
2023,12,1,2023-12,1934,14375853,2233,6437.91
2023,12,1,2023-12,1935,9298981,1983,4689.35
2023,12,1,2023-12,1936,10798055,1862,5799.17
2023,12,1,2023-12,1937,15418767,2305,6689.27
2023,12,1,2023-12,1938,4525326,895,5056.23
2023,12,1,2023-12,1939,4871913,980,4971.34
2023,12,1,2023-12,1940,6226020,1190,5231.95
2023,12,1,2023-12,1941,2953428,590,5005.81
2023,12,1,2023-12,1942,6466249,1305,4954.98
2023,12,1,2023-12,1943,11102041,1956,5675.89
2023,12,1,2023-12,1944,7009784,950,7378.72
2023,12,1,2023-12,1945,9934974,1666,5963.37
2023,12,1,2023-12,1946,10895478,2270,4799.77
2023,12,1,2023-12,1947,9397894,2127,4418.38
2023,12,1,2023-12,1948,4665381,700,6664.83
2023,12,1,2023-12,1949,7521843,1373,5478.4
2023,12,1,2023-12,1950,10654597,1491,7145.94
2023,12,1,2023-12,1951,7060391,1083,6519.29
2023,12,1,2023-12,1952,14321770,2052,6979.42
2023,12,1,2023-12,1953,7374201,1442,5113.87
2023,12,1,2023-12,1954,9487704,1419,6686.19
2023,12,1,2023-12,1955,4376434,852,5136.66
2023,12,1,2023-12,1956,14416063,1915,7527.97
2023,12,1,2023-12,1957,10339510,1614,6406.14
2023,12,1,2023-12,1958,8520315,1595,5341.89
2023,12,1,2023-12,1959,8642543,1688,5119.99
2023,12,1,2023-12,1960,3564448,725,4916.48
2023,12,1,2023-12,1961,12788910,1926,6640.14
2023,12,1,2023-12,1962,10502675,2095,5013.21
2023,12,1,2023-12,1963,13741636,2183,6294.84
2023,12,1,2023-12,1964,4716530,933,5055.23
2023,12,1,2023-12,1965,14267237,2138,6673.17
2023,12,1,2023-12,1966,10160918,1450,7007.53
2023,12,1,2023-12,1967,15100684,2204,6851.49
2023,12,1,2023-12,1968,9696580,1429,6785.57
2023,12,1,2023-12,1969,5509049,1113,4949.73
2023,12,1,2023-12,1970,7360843,1612,4566.28
2023,12,1,2023-12,1971,8582884,1288,6663.73
2023,12,1,2023-12,1972,5492840,1000,5492.84
2023,12,1,2023-12,1973,9822005,1719,5713.79
2023,12,1,2023-12,1974,6421401,1534,4186.05
2023,12,1,2023-12,1975,7111349,1381,5149.42
2023,12,1,2023-12,1976,10433214,2407,4334.53
2023,12,1,2023-12,1977,7529965,1039,7247.32
2023,12,1,2023-12,1978,8115173,1610,5040.48
2023,12,1,2023-12,1979,12600960,2050,6146.81
2023,12,1,2023-12,1980,7493188,1749,4284.27
2023,12,1,2023-12,1981,10386209,1595,6511.73
2023,12,1,2023-12,1982,3947627,744,5305.95
2023,12,1,2023-12,1983,9601353,1307,7346.1
2023,12,1,2023-12,1984,5256411,712,7382.6
2023,12,1,2023-12,1985,10582541,1990,5317.86
2023,12,1,2023-12,1986,5725284,779,7349.53
2023,12,1,2023-12,1987,12468575,1615,7720.48
2023,12,1,2023-12,1988,16274806,2291,7103.8
2023,12,1,2023-12,1989,11847450,1652,7171.58
2023,12,1,2023-12,1990,3939286,776,5076.4
2023,12,1,2023-12,1991,11917459,1920,6207.01
2023,12,1,2023-12,1992,3311960,758,4369.34
2023,12,1,2023-12,1993,6006566,1355,4432.89
2023,12,1,2023-12,1994,13042231,1687,7731.02
2023,12,1,2023-12,1995,6967074,1295,5379.98
2023,12,1,2023-12,1996,11785128,1726,6828
2023,12,1,2023-12,1997,15227291,2169,7020.42
2023,12,1,2023-12,1998,15119371,2102,7192.85
2023,12,1,2023-12,1999,11336277,1482,7649.31
2023,12,1,2023-12,2000,9230967,1820,5071.96
2023,12,1,2023-12,2001,4523553,1047,4320.49
2023,12,1,2023-12,2002,10439566,1844,5661.37
2023,12,1,2023-12,2003,7266541,1569,4631.32
2023,12,1,2023-12,2004,4647463,1107,4198.25
2023,12,1,2023-12,2005,11230646,2068,5430.68
2023,12,1,2023-12,2006,13342505,1923,6938.38
2023,12,1,2023-12,2007,10033397,1628,6163.02
2023,12,1,2023-12,2008,6049437,1151,5255.81
2023,12,1,2023-12,2009,7182300,1097,6547.22
2023,12,1,2023-12,2010,12015034,2367,5076.06
2023,12,1,2023-12,2011,6832945,1640,4166.43
2023,12,1,2023-12,2012,6360687,924,6883.86
2023,12,1,2023-12,2013,9686088,1514,6397.68
2023,12,1,2023-12,2014,15841463,2316,6840.01
2023,12,1,2023-12,2015,3380952,787,4296
2023,12,1,2023-12,2016,16966396,2367,7167.89
2023,12,1,2023-12,2017,7942530,1247,6369.31
2023,12,1,2023-12,2018,12660441,2042,6200.02
2023,12,1,2023-12,2019,14143416,2213,6391.06
2023,12,1,2023-12,2020,9997772,1404,7120.92
2023,12,1,2023-12,2021,5237466,843,6212.89
2023,12,1,2023-12,2022,10185693,1617,6299.13
2023,12,1,2023-12,2023,12298853,1592,7725.41
2023,12,1,2023-12,2024,9901744,1470,6735.88
2023,12,1,2023-12,2025,4451076,785,5670.16
2023,12,1,2023-12,2026,10570544,1573,6719.99
2023,12,1,2023-12,2027,6228996,1128,5522.16
2023,12,1,2023-12,2028,9379341,1933,4852.22
2023,12,1,2023-12,2029,11860830,1871,6339.3
2023,12,1,2023-12,2030,9478579,1262,7510.76
2023,12,1,2023-12,2031,8680042,1166,7444.29
2023,12,1,2023-12,2032,3695548,680,5434.63
2023,12,1,2023-12,2033,7119812,1185,6008.28
2023,12,1,2023-12,2034,6403003,1311,4884.06
2023,12,1,2023-12,2035,11408243,1482,7697.87
2023,12,1,2023-12,2036,12943259,1707,7582.46
2023,12,1,2023-12,2037,7824519,1204,6498.77
2023,12,1,2023-12,2038,9253497,1311,7058.35
2023,12,1,2023-12,2039,7524573,1124,6694.46
2023,12,1,2023-12,2040,5281621,837,6310.18
2023,12,1,2023-12,2041,4025759,942,4273.63
2023,12,1,2023-12,2042,5871786,1010,5813.65
2023,12,1,2023-12,2043,12301452,1868,6585.36
2023,12,1,2023-12,2044,6693558,1022,6549.47
2023,12,1,2023-12,2045,9359859,1699,5509.04
2023,12,1,2023-12,2046,14427237,1927,7486.89
2023,12,1,2023-12,2047,8967668,1867,4803.25
2023,12,1,2023-12,2048,5647412,946,5969.78
2023,12,1,2023-12,2049,6425454,967,6644.73
2023,12,1,2023-12,2050,13849966,2089,6629.95
2023,12,1,2023-12,2051,13251859,2035,6511.97
2023,12,1,2023-12,2052,5324065,1025,5194.21
2023,12,1,2023-12,2053,10796968,2256,4785.89
2023,12,1,2023-12,2054,14774703,2306,6407.07
2023,12,1,2023-12,2055,7230779,1141,6337.23
2023,12,1,2023-12,2056,4956466,1020,4859.28
2023,12,1,2023-12,2057,13103563,1965,6668.48
2023,12,1,2023-12,2058,12782591,2186,5847.48
2023,12,1,2023-12,2059,6375787,973,6552.71
2023,12,1,2023-12,2060,15038666,2116,7107.12
2023,12,1,2023-12,2061,8608709,1820,4730.06
2023,12,1,2023-12,2062,6174303,1485,4157.78
2023,12,1,2023-12,2063,7102229,1023,6942.55
2023,12,1,2023-12,2064,8533406,1348,6330.42
2023,12,1,2023-12,2065,11189240,1678,6668.2
2023,12,1,2023-12,2066,12218466,1693,7217.05
2023,12,1,2023-12,2067,16137344,2296,7028.46
2023,12,1,2023-12,2068,16577312,2186,7583.4
2023,12,1,2023-12,2069,5142688,848,6064.49
2023,12,1,2023-12,2070,12234018,2102,5820.18
2023,12,1,2023-12,2071,9926660,1765,5624.17
2023,12,1,2023-12,2072,6276247,1336,4697.79
2023,12,1,2023-12,2073,7375591,1188,6208.41
2023,12,1,2023-12,2074,6662922,1297,5137.18
2023,12,1,2023-12,2075,12322764,1652,7459.3
2023,12,1,2023-12,2076,12552850,2030,6183.67
2023,12,1,2023-12,2077,11123216,1772,6277.21
2023,12,1,2023-12,2078,9651713,1788,5398.05
2023,12,1,2023-12,2079,5805160,1337,4341.93
2023,12,1,2023-12,2080,8279695,1961,4222.18
2023,12,1,2023-12,2081,5395788,948,5691.76
2023,12,1,2023-12,2082,4083519,916,4457.99
2023,12,1,2023-12,2083,5554440,886,6269.12
2023,12,1,2023-12,2084,17041241,2318,7351.7
2024,1,1,2024-01,1,12959654,1810,7160.03
2024,1,1,2024-01,2,10430734,2159,4831.28
2024,1,1,2024-01,3,6322754,1406,4496.98
2024,1,1,2024-01,4,9319874,1887,4938.99
2024,1,1,2024-01,5,7685694,1800,4269.83
2024,1,1,2024-01,6,10891464,1836,5932.17
2024,1,1,2024-01,7,12296074,1647,7465.74
2024,1,1,2024-01,8,3432904,816,4206.99
2024,1,1,2024-01,9,4292479,977,4393.53
2024,1,1,2024-01,10,9324271,1639,5689
2024,1,1,2024-01,11,7483412,1025,7300.89
2024,1,1,2024-01,12,10181562,1955,5207.96
2024,1,1,2024-01,13,3686723,616,5984.94
2024,1,1,2024-01,14,8746148,2048,4270.58
2024,1,1,2024-01,15,7794839,1694,4601.44
2024,1,1,2024-01,16,11312848,1499,7546.93
2024,1,1,2024-01,17,4640182,614,7557.3
2024,1,1,2024-01,18,7393428,1800,4107.46
2024,1,1,2024-01,19,11689088,1571,7440.54
2024,1,1,2024-01,20,5625934,891,6314.18
2024,1,1,2024-01,21,14118968,1985,7112.83
2024,1,1,2024-01,22,8194213,1438,5698.34
2024,1,1,2024-01,23,5185772,882,5879.56
2024,1,1,2024-01,24,11394489,1961,5810.55
2024,1,1,2024-01,25,10061934,1553,6479.03
2024,1,1,2024-01,26,3985189,878,4538.94
2024,1,1,2024-01,27,7961842,1897,4197.07
2024,1,1,2024-01,28,6203946,1190,5213.4
2024,1,1,2024-01,29,14174660,2151,6589.8
2024,1,1,2024-01,30,2944901,612,4811.93
2024,1,1,2024-01,31,7431184,1147,6478.8
2024,1,1,2024-01,32,10765447,1432,7517.77
2024,1,1,2024-01,33,7359577,1660,4433.48
2024,1,1,2024-01,34,7921060,1213,6530.14
2024,1,1,2024-01,35,9060876,1595,5680.8
2024,1,1,2024-01,36,7352946,1029,7145.72
2024,1,1,2024-01,37,8676416,1852,4684.89
2024,1,1,2024-01,38,6960276,1067,6523.22
2024,1,1,2024-01,39,10613850,1497,7090.08
2024,1,1,2024-01,40,7225543,976,7403.22
2024,1,1,2024-01,41,9635643,1494,6449.56
2024,1,1,2024-01,42,7112343,1215,5853.78
2024,1,1,2024-01,43,10259793,1638,6263.61
2024,1,1,2024-01,44,7765596,1075,7223.81
2024,1,1,2024-01,45,12399041,2069,5992.77
2024,1,1,2024-01,46,5858776,1402,4178.87
2024,1,1,2024-01,47,13630794,1852,7360.04
2024,1,1,2024-01,48,8088241,1234,6554.49
2024,1,1,2024-01,49,4301734,666,6459.06
2024,1,1,2024-01,50,7580349,1578,4803.77
2024,1,1,2024-01,51,5354297,830,6450.96
2024,1,1,2024-01,52,11353499,2056,5522.13
2024,1,1,2024-01,53,5854260,918,6377.19
2024,1,1,2024-01,54,4699312,1059,4437.5
2024,1,1,2024-01,55,4743343,734,6462.32
2024,1,1,2024-01,56,6193160,807,7674.3
2024,1,1,2024-01,57,4202410,982,4279.44
2024,1,1,2024-01,58,10158466,1350,7524.79
2024,1,1,2024-01,59,10858693,1981,5481.42
2024,1,1,2024-01,60,9473730,1309,7237.38
2024,1,1,2024-01,61,10135696,1474,6876.32
2024,1,1,2024-01,62,10451203,1728,6048.15
2024,1,1,2024-01,63,3484214,521,6687.55
2024,1,1,2024-01,64,13196033,1834,7195.22
2024,1,1,2024-01,65,8596432,1564,5496.44
2024,1,1,2024-01,66,10092968,1936,5213.31
2024,1,1,2024-01,67,13945302,2147,6495.25
2024,1,1,2024-01,68,6782322,974,6963.37
2024,1,1,2024-01,69,8921622,1297,6878.66
2024,1,1,2024-01,70,3188454,458,6961.69
2024,1,1,2024-01,71,4416817,786,5619.36
2024,1,1,2024-01,72,11923981,1694,7038.95
2024,1,1,2024-01,73,9524458,2114,4505.42
2024,1,1,2024-01,74,9977761,1633,6110.08
2024,1,1,2024-01,75,6927106,1703,4067.59
2024,1,1,2024-01,76,11036740,2107,5238.13
2024,1,1,2024-01,77,6557409,1228,5339.91
2024,1,1,2024-01,78,8778157,1609,5455.66
2024,1,1,2024-01,79,13817472,2118,6523.83
2024,1,1,2024-01,80,8196937,1490,5501.3
2024,1,1,2024-01,81,5601268,988,5669.3
2024,1,1,2024-01,82,6734932,1404,4796.96
2024,1,1,2024-01,83,4645396,861,5395.35
2024,1,1,2024-01,84,3818299,791,4827.18
2024,1,1,2024-01,85,7322361,1702,4302.21
2024,1,1,2024-01,86,5348696,854,6263.11
2024,1,1,2024-01,87,9400141,1473,6381.63
2024,1,1,2024-01,88,11463391,1845,6213.22
2024,1,1,2024-01,89,6100262,1082,5637.95
2024,1,1,2024-01,90,11695256,2167,5396.98
2024,1,1,2024-01,91,11453380,1622,7061.27
2024,1,1,2024-01,92,9831983,1684,5838.47
2024,1,1,2024-01,93,5815812,1010,5758.23
2024,1,1,2024-01,94,5241734,1258,4166.72
2024,1,1,2024-01,95,5031902,961,5236.11
2024,1,1,2024-01,96,7393129,1361,5432.13
2024,1,1,2024-01,97,8620438,1571,5487.23
2024,1,1,2024-01,98,8786056,1428,6152.7
2024,1,1,2024-01,99,6891721,1165,5915.64
2024,1,1,2024-01,100,9152594,1449,6316.49
2024,1,1,2024-01,101,4849380,720,6735.25
2024,1,1,2024-01,102,7608887,1098,6929.77
2024,1,1,2024-01,103,7852132,1182,6643.09
2024,1,1,2024-01,104,10818109,1448,7471.07
2024,1,1,2024-01,105,7195945,1728,4164.32
2024,1,1,2024-01,106,3041449,641,4744.85
2024,1,1,2024-01,107,2899713,719,4032.98
2024,1,1,2024-01,108,7150012,1135,6299.57
2024,1,1,2024-01,109,14395721,1961,7341.01
2024,1,1,2024-01,110,7996917,1627,4915.13
2024,1,1,2024-01,111,8975211,1220,7356.73
2024,1,1,2024-01,112,8857862,2033,4357.04
2024,1,1,2024-01,113,13373809,1815,7368.49
2024,1,1,2024-01,114,8849741,1665,5315.16
2024,1,1,2024-01,115,5150717,1177,4376.14
2024,1,1,2024-01,116,5578550,973,5733.35
2024,1,1,2024-01,117,6235374,1232,5061.18
2024,1,1,2024-01,118,5151586,998,5161.91
2024,1,1,2024-01,119,4635035,891,5202.06
2024,1,1,2024-01,120,6346809,911,6966.86
2024,1,1,2024-01,121,8958152,1489,6016.22
2024,1,1,2024-01,122,3667932,714,5137.16
2024,1,1,2024-01,123,11291835,1807,6248.94
2024,1,1,2024-01,124,3538948,537,6590.22
2024,1,1,2024-01,125,3505151,713,4916.06
2024,1,1,2024-01,126,7835867,1403,5585.08
2024,1,1,2024-01,127,6685790,1479,4520.48
2024,1,1,2024-01,128,7775100,1673,4647.4
2024,1,1,2024-01,129,10691496,1652,6471.85
2024,1,1,2024-01,130,4374646,920,4755.05
2024,1,1,2024-01,131,6561866,1105,5938.34
2024,1,1,2024-01,132,8125890,1248,6511.13
2024,1,1,2024-01,133,3343237,762,4387.45
2024,1,1,2024-01,134,7639860,1239,6166.15
2024,1,1,2024-01,135,8069889,1621,4978.34
2024,1,1,2024-01,136,11626341,1542,7539.78
2024,1,1,2024-01,137,7439153,1268,5866.84
2024,1,1,2024-01,138,14667985,2122,6912.34
2024,1,1,2024-01,139,7818614,1295,6037.54
2024,1,1,2024-01,140,6678166,1618,4127.42
2024,1,1,2024-01,141,10724177,1705,6289.84
2024,1,1,2024-01,142,8284516,1108,7477
2024,1,1,2024-01,143,7113169,1148,6196.14
2024,1,1,2024-01,144,7560378,1080,7000.35
2024,1,1,2024-01,145,13208642,1821,7253.51
2024,1,1,2024-01,146,6956722,1420,4899.1
2024,1,1,2024-01,147,5111875,1058,4831.64
2024,1,1,2024-01,148,4085381,654,6246.76
2024,1,1,2024-01,149,8431761,1533,5500.17
2024,1,1,2024-01,150,11205336,1598,7012.1
2024,1,1,2024-01,151,13785905,1881,7329.03
2024,1,1,2024-01,152,7375405,1377,5356.14
2024,1,1,2024-01,153,6900365,1417,4869.7
2024,1,1,2024-01,154,13293262,1942,6845.14
2024,1,1,2024-01,155,5804045,1166,4977.74
2024,1,1,2024-01,156,11348316,1628,6970.71
2024,1,1,2024-01,157,4190752,749,5595.13
2024,1,1,2024-01,158,6167567,956,6451.43
2024,1,1,2024-01,159,8787239,1994,4406.84
2024,1,1,2024-01,160,5569907,892,6244.29
2024,1,1,2024-01,161,7555968,1344,5622
2024,1,1,2024-01,162,9588436,1548,6194.08
2024,1,1,2024-01,163,6355833,1342,4736.09
2024,1,1,2024-01,164,10194723,1519,6711.47
2024,1,1,2024-01,165,8203902,1151,7127.63
2024,1,1,2024-01,166,8833718,1807,4888.61
2024,1,1,2024-01,167,7825333,1793,4364.38
2024,1,1,2024-01,168,7241052,1727,4192.85
2024,1,1,2024-01,169,6953914,1100,6321.74
2024,1,1,2024-01,170,9603304,1549,6199.68
2024,1,1,2024-01,171,6839325,1141,5994.15
2024,1,1,2024-01,172,8369668,1714,4883.12
2024,1,1,2024-01,173,6187606,1126,5495.21
2024,1,1,2024-01,174,9095316,1486,6120.67
2024,1,1,2024-01,175,9036859,1557,5804.02
2024,1,1,2024-01,176,13449764,1772,7590.16
2024,1,1,2024-01,177,8244181,1803,4572.48
2024,1,1,2024-01,178,11921135,1845,6461.32
2024,1,1,2024-01,179,11364355,2079,5466.26
2024,1,1,2024-01,180,12013428,2181,5508.22
2024,1,1,2024-01,181,7587729,1152,6586.57
2024,1,1,2024-01,182,11657100,1791,6508.71
2024,1,1,2024-01,183,15970144,2097,7615.71
2024,1,1,2024-01,184,8054091,1824,4415.62
2024,1,1,2024-01,185,7285760,1633,4461.58
2024,1,1,2024-01,186,8260687,1248,6619.14
2024,1,1,2024-01,187,7975337,1306,6106.69
2024,1,1,2024-01,188,8445918,1662,5081.78
2024,1,1,2024-01,189,8774222,1992,4404.73
2024,1,1,2024-01,190,8318289,1918,4336.96
2024,1,1,2024-01,191,9577569,1327,7217.46
2024,1,1,2024-01,192,10157720,2148,4728.92
2024,1,1,2024-01,193,11144332,2150,5183.41
2024,1,1,2024-01,194,5529680,1151,4804.24
2024,1,1,2024-01,195,5170264,971,5324.68
2024,1,1,2024-01,196,8164141,1908,4278.9
2024,1,1,2024-01,197,10978333,1856,5915.05
2024,1,1,2024-01,198,5338050,1219,4379.04
2024,1,1,2024-01,199,8807904,1275,6908.16
2024,1,1,2024-01,200,9889998,2035,4859.95
2024,1,1,2024-01,201,11784828,1973,5973.05
2024,1,1,2024-01,202,12201458,1694,7202.75
2024,1,1,2024-01,203,12560927,1971,6372.87
2024,1,1,2024-01,204,6445236,1086,5934.84
2024,1,1,2024-01,205,6643839,1292,5142.29
2024,1,1,2024-01,206,10003751,1896,5276.24
2024,1,1,2024-01,207,13511161,2109,6406.43
2024,1,1,2024-01,208,15284656,1993,7669.17
2024,1,1,2024-01,209,11486569,1794,6402.77
2024,1,1,2024-01,210,8525913,1415,6025.38
2024,1,1,2024-01,211,9838772,1481,6643.33
2024,1,1,2024-01,212,7156912,1250,5725.53
2024,1,1,2024-01,213,2457193,580,4236.54
2024,1,1,2024-01,214,2359419,391,6034.32
2024,1,1,2024-01,215,9676638,1290,7501.27
2024,1,1,2024-01,216,2969632,640,4640.05
2024,1,1,2024-01,217,10274708,1570,6544.4
2024,1,1,2024-01,218,9643243,2003,4814.4
2024,1,1,2024-01,219,5016368,836,6000.44
2024,1,1,2024-01,220,8982571,2034,4416.21
2024,1,1,2024-01,221,10962825,1963,5584.73
2024,1,1,2024-01,222,10788562,1610,6700.97
2024,1,1,2024-01,223,7386496,1410,5238.65
2024,1,1,2024-01,224,14744154,2299,6413.29
2024,1,1,2024-01,225,4669161,677,6896.84
2024,1,1,2024-01,226,9614202,1315,7311.18
2024,1,1,2024-01,227,10272840,2101,4889.5
2024,1,1,2024-01,228,6049725,1097,5514.79
2024,1,1,2024-01,229,7778268,1706,4559.36
2024,1,1,2024-01,230,7961343,1053,7560.63
2024,1,1,2024-01,231,7713982,1040,7417.29
2024,1,1,2024-01,232,6751680,1136,5943.38
2024,1,1,2024-01,233,7883566,1114,7076.81
2024,1,1,2024-01,234,5101096,854,5973.18
2024,1,1,2024-01,235,9575372,1537,6229.91
2024,1,1,2024-01,236,2735922,632,4328.99
2024,1,1,2024-01,237,10018389,1486,6741.85
2024,1,1,2024-01,238,5323771,1178,4519.33
2024,1,1,2024-01,239,4101682,588,6975.65
2024,1,1,2024-01,240,8559419,1234,6936.32
2024,1,1,2024-01,241,12395138,1875,6610.74
2024,1,1,2024-01,242,6928689,1668,4153.89
2024,1,1,2024-01,243,3296803,649,5079.82
2024,1,1,2024-01,244,8857695,1773,4995.88
2024,1,1,2024-01,245,6056137,1129,5364.16
2024,1,1,2024-01,246,8738863,1961,4456.33
2024,1,1,2024-01,247,9749791,1317,7403.03
2024,1,1,2024-01,248,9372582,1556,6023.51
2024,1,1,2024-01,249,8271526,1620,5105.88
2024,1,1,2024-01,250,5904276,1075,5492.35
2024,1,1,2024-01,251,12706147,2229,5700.38
2024,1,1,2024-01,252,4590548,750,6120.73
2024,1,1,2024-01,253,12057725,2043,5901.97
2024,1,1,2024-01,254,11920998,1635,7291.13
2024,1,1,2024-01,255,6186330,1072,5770.83
2024,1,1,2024-01,256,12452516,1623,7672.53
2024,1,1,2024-01,257,8140807,1141,7134.8
2024,1,1,2024-01,258,3783289,792,4776.88
2024,1,1,2024-01,259,10840814,1471,7369.69
2024,1,1,2024-01,260,4800660,1076,4461.58
2024,1,1,2024-01,261,7760862,1121,6923.16
2024,1,1,2024-01,262,4762081,883,5393.07
2024,1,1,2024-01,263,14333884,1984,7224.74
2024,1,1,2024-01,264,13736947,1927,7128.67
2024,1,1,2024-01,265,6390386,919,6953.63
2024,1,1,2024-01,266,6042591,882,6851.01
2024,1,1,2024-01,267,5006930,983,5093.52
2024,1,1,2024-01,268,5279569,1199,4403.31
2024,1,1,2024-01,269,9209029,1705,5401.19
2024,1,1,2024-01,270,7134985,1499,4759.83
2024,1,1,2024-01,271,2560499,389,6582.26
2024,1,1,2024-01,272,7710009,1454,5302.62
2024,1,1,2024-01,273,13854347,1843,7517.28
2024,1,1,2024-01,274,5708280,902,6328.47
2024,1,1,2024-01,275,7553917,1079,7000.85
2024,1,1,2024-01,276,6435646,1417,4541.74
2024,1,1,2024-01,277,11265120,1589,7089.44
2024,1,1,2024-01,278,10976655,1493,7352.08
2024,1,1,2024-01,279,3833465,660,5808.28
2024,1,1,2024-01,280,12204515,1966,6207.79
2024,1,1,2024-01,281,10454496,1518,6887.02
2024,1,1,2024-01,282,6259378,1338,4678.16
2024,1,1,2024-01,283,4820063,835,5772.53
2024,1,1,2024-01,284,8855586,1629,5436.21
2024,1,1,2024-01,285,4789778,1038,4614.43
2024,1,1,2024-01,286,4617595,865,5338.26
2024,1,1,2024-01,287,2572690,604,4259.42
2024,1,1,2024-01,288,7462320,1770,4216
2024,1,1,2024-01,289,5578888,1226,4550.48
2024,1,1,2024-01,290,7936114,1063,7465.77
2024,1,1,2024-01,291,11777451,1998,5894.62
2024,1,1,2024-01,292,15602947,2072,7530.38
2024,1,1,2024-01,293,5109872,912,5602.93
2024,1,1,2024-01,294,5659704,1082,5230.78
2024,1,1,2024-01,295,10258313,1764,5815.37
2024,1,1,2024-01,296,9240378,1647,5610.43
2024,1,1,2024-01,297,5043164,1133,4451.16
2024,1,1,2024-01,298,12808441,2001,6401.02
2024,1,1,2024-01,299,4276033,883,4842.62
2024,1,1,2024-01,300,4995837,801,6237
2024,1,1,2024-01,301,9770319,1518,6436.31
2024,1,1,2024-01,302,7135662,1555,4588.85
2024,1,1,2024-01,303,4219323,984,4287.93
2024,1,1,2024-01,304,10047122,1461,6876.88
2024,1,1,2024-01,305,10403040,1803,5769.85
2024,1,1,2024-01,306,6577598,1535,4285.08
2024,1,1,2024-01,307,5312997,688,7722.38
2024,1,1,2024-01,308,6889137,1616,4263.08
2024,1,1,2024-01,309,5980935,913,6550.86
2024,1,1,2024-01,310,15664484,2078,7538.25
2024,1,1,2024-01,311,7194822,1460,4927.96
2024,1,1,2024-01,312,8778058,1916,4581.45
2024,1,1,2024-01,313,8223371,1811,4540.79
2024,1,1,2024-01,314,9786792,1896,5161.81
2024,1,1,2024-01,315,5413372,1231,4397.54
2024,1,1,2024-01,316,7153611,1094,6538.95
2024,1,1,2024-01,317,6936529,1631,4252.93
2024,1,1,2024-01,318,8627320,1462,5901.04
2024,1,1,2024-01,319,8877153,1170,7587.31
2024,1,1,2024-01,320,11099703,1609,6898.51
2024,1,1,2024-01,321,7858453,1267,6202.41
2024,1,1,2024-01,322,9949222,1951,5099.55
2024,1,1,2024-01,323,8445307,1349,6260.42
2024,1,1,2024-01,324,7742060,1312,5900.96
2024,1,1,2024-01,325,5137688,921,5578.38
2024,1,1,2024-01,326,4049369,898,4509.32
2024,1,1,2024-01,327,13487285,1862,7243.44
2024,1,1,2024-01,328,7601245,1338,5681.05
2024,1,1,2024-01,329,5503268,1161,4740.11
2024,1,1,2024-01,330,10328475,1903,5427.47
2024,1,1,2024-01,331,4060879,739,5495.1
2024,1,1,2024-01,332,5192517,736,7055.05
2024,1,1,2024-01,333,12268409,1836,6682.14
2024,1,1,2024-01,334,9457635,1394,6784.53
2024,1,1,2024-01,335,4338182,1045,4151.37
2024,1,1,2024-01,336,7869096,1413,5569.07
2024,1,1,2024-01,337,8889654,1552,5727.87
2024,1,1,2024-01,338,5170062,1247,4146
2024,1,1,2024-01,339,9581300,1915,5003.29
2024,1,1,2024-01,340,8955554,1314,6815.49
2024,1,1,2024-01,341,5884865,1286,4576.1
2024,1,1,2024-01,342,5890144,982,5998.11
2024,1,1,2024-01,343,8640228,1797,4808.14
2024,1,1,2024-01,344,6666644,1628,4094.99
2024,1,1,2024-01,345,3976533,810,4909.3
2024,1,1,2024-01,346,12237331,1639,7466.34
2024,1,1,2024-01,347,11634333,1668,6975.02
2024,1,1,2024-01,348,7251534,976,7429.85
2024,1,1,2024-01,349,5933603,1021,5811.56
2024,1,1,2024-01,350,7472464,1684,4437.33
2024,1,1,2024-01,351,12041797,2006,6002.89
2024,1,1,2024-01,352,5944818,1041,5710.68
2024,1,1,2024-01,353,4523229,643,7034.57
2024,1,1,2024-01,354,7918662,1787,4431.26
2024,1,1,2024-01,355,5769424,991,5821.82
2024,1,1,2024-01,356,8875628,1946,4560.96
2024,1,1,2024-01,357,5779707,1099,5259.06
2024,1,1,2024-01,358,6533981,968,6749.98
2024,1,1,2024-01,359,5035481,861,5848.41
2024,1,1,2024-01,360,7387963,1371,5388.74
2024,1,1,2024-01,361,9351915,1708,5475.36
2024,1,1,2024-01,362,7776475,1362,5709.6
2024,1,1,2024-01,363,11523992,1673,6888.22
2024,1,1,2024-01,364,13282932,1815,7318.42
2024,1,1,2024-01,365,7479523,999,7487.01
2024,1,1,2024-01,366,6075313,882,6888.11
2024,1,1,2024-01,367,7744756,1508,5135.78
2024,1,1,2024-01,368,9788980,1482,6605.25
2024,1,1,2024-01,369,10335809,1846,5599.03
2024,1,1,2024-01,370,8956011,1847,4848.95
2024,1,1,2024-01,371,15286782,2198,6954.86
2024,1,1,2024-01,372,3231202,767,4212.78
2024,1,1,2024-01,373,3940444,546,7216.93
2024,1,1,2024-01,374,6963650,1220,5707.91
2024,1,1,2024-01,375,8582132,1370,6264.33
2024,1,1,2024-01,376,11724256,1825,6424.25
2024,1,1,2024-01,377,8687472,1194,7275.94
2024,1,1,2024-01,378,7706534,1216,6337.61
2024,1,1,2024-01,379,11265838,1812,6217.35
2024,1,1,2024-01,380,5609370,1293,4338.26
2024,1,1,2024-01,381,8081574,1372,5890.36
2024,1,1,2024-01,382,3757425,819,4587.82
2024,1,1,2024-01,383,7965607,1195,6665.78
2024,1,1,2024-01,384,11155163,1899,5874.23
2024,1,1,2024-01,385,9071927,1381,6569.1
2024,1,1,2024-01,386,7311902,1737,4209.5
2024,1,1,2024-01,387,7996651,1857,4306.22
2024,1,1,2024-01,388,6438933,980,6570.34
2024,1,1,2024-01,389,7788921,1809,4305.65
2024,1,1,2024-01,390,7343399,1716,4279.37
2024,1,1,2024-01,391,8920455,2151,4147.12
2024,1,1,2024-01,392,12263491,1656,7405.49
2024,1,1,2024-01,393,6897506,1032,6683.63
2024,1,1,2024-01,394,7570509,1411,5365.35
2024,1,1,2024-01,395,6275280,1233,5089.44
2024,1,1,2024-01,396,6498928,1220,5326.99
2024,1,1,2024-01,397,9806470,1438,6819.52
2024,1,1,2024-01,398,9265108,1444,6416.28
2024,1,1,2024-01,399,3083684,650,4744.13
2024,1,1,2024-01,400,5834786,1269,4597.94
2024,1,1,2024-01,401,2157068,483,4465.98
2024,1,1,2024-01,402,6739895,1065,6328.54
2024,1,1,2024-01,403,6077044,889,6835.82
2024,1,1,2024-01,404,4633170,922,5025.13
2024,1,1,2024-01,405,5042635,1213,4157.16
2024,1,1,2024-01,406,8074246,1824,4426.67
2024,1,1,2024-01,407,8160455,1079,7562.98
2024,1,1,2024-01,408,9219484,1790,5150.55
2024,1,1,2024-01,409,10848391,1598,6788.73
2024,1,1,2024-01,410,12898809,2057,6270.69
2024,1,1,2024-01,411,9773328,1790,5459.96
2024,1,1,2024-01,412,6706571,1393,4814.48
2024,1,1,2024-01,413,6377815,1415,4507.29
2024,1,1,2024-01,414,2799987,448,6249.97
2024,1,1,2024-01,415,8660104,1273,6802.91
2024,1,1,2024-01,416,10559520,1678,6292.92
2024,1,1,2024-01,417,9830577,1644,5979.67
2024,1,1,2024-01,418,3773881,898,4202.54
2024,1,1,2024-01,419,6638270,885,7500.87
2024,1,1,2024-01,420,8013125,1174,6825.49
2024,1,1,2024-01,421,10375851,2031,5108.74
2024,1,1,2024-01,422,6352809,848,7491.52
2024,1,1,2024-01,423,7033698,1137,6186.19
2024,1,1,2024-01,424,9227260,1495,6172.08
2024,1,1,2024-01,425,11830408,1758,6729.47
2024,1,1,2024-01,426,10610879,1527,6948.84
2024,1,1,2024-01,427,6303904,990,6367.58
2024,1,1,2024-01,428,4915353,1094,4493.01
2024,1,1,2024-01,429,8924852,1672,5337.83
2024,1,1,2024-01,430,8328476,1125,7403.09
2024,1,1,2024-01,431,8606854,1778,4840.75
2024,1,1,2024-01,432,8536677,1586,5382.52
2024,1,1,2024-01,433,4119105,734,5611.86
2024,1,1,2024-01,434,9113548,1614,5646.56
2024,1,1,2024-01,435,11532760,1847,6244.05
2024,1,1,2024-01,436,9169846,1249,7341.75
2024,1,1,2024-01,437,7189253,1462,4917.41
2024,1,1,2024-01,438,7700333,1715,4489.99
2024,1,1,2024-01,439,7679565,1581,4857.41
2024,1,1,2024-01,440,14809782,2017,7342.48
2024,1,1,2024-01,441,4716676,738,6391.16
2024,1,1,2024-01,442,6963205,1379,5049.46
2024,1,1,2024-01,443,10092587,1442,6999.02
2024,1,1,2024-01,444,11476646,1627,7053.87
2024,1,1,2024-01,445,8725056,1237,7053.4
2024,1,1,2024-01,446,6347154,874,7262.19
2024,1,1,2024-01,447,4680680,939,4984.75
2024,1,1,2024-01,448,8123437,1213,6696.98
2024,1,1,2024-01,449,9239310,1624,5689.23
2024,1,1,2024-01,450,8972370,1271,7059.3
2024,1,1,2024-01,451,4785340,719,6655.55
2024,1,1,2024-01,452,8548889,1256,6806.44
2024,1,1,2024-01,453,12719557,1983,6414.3
2024,1,1,2024-01,454,8439304,1820,4636.98
2024,1,1,2024-01,455,8094397,1331,6081.44
2024,1,1,2024-01,456,15602889,2074,7523.09
2024,1,1,2024-01,457,5108029,690,7402.94
2024,1,1,2024-01,458,5872575,1384,4243.19
2024,1,1,2024-01,459,7669209,1639,4679.2
2024,1,1,2024-01,460,9482502,2077,4565.48
2024,1,1,2024-01,461,10541697,1603,6576.23
2024,1,1,2024-01,462,12189497,1758,6933.73
2024,1,1,2024-01,463,6865558,1422,4828.1
2024,1,1,2024-01,464,6456119,1097,5885.25
2024,1,1,2024-01,465,10655634,1498,7113.24
2024,1,1,2024-01,466,12580059,1892,6649.08
2024,1,1,2024-01,467,10202602,1714,5952.51
2024,1,1,2024-01,468,7724170,1258,6140.04
2024,1,1,2024-01,469,6278884,1051,5974.2
2024,1,1,2024-01,470,10300026,1985,5188.93
2024,1,1,2024-01,471,8711910,1436,6066.79
2024,1,1,2024-01,472,12877604,1959,6573.56
2024,1,1,2024-01,473,13686754,1915,7147.13
2024,1,1,2024-01,474,7460792,1171,6371.3
2024,1,1,2024-01,475,13160408,1961,6711.07
2024,1,1,2024-01,476,5163506,1111,4647.62
2024,1,1,2024-01,477,8765515,1524,5751.65
2024,1,1,2024-01,478,5385323,1320,4079.79
2024,1,1,2024-01,479,4555436,917,4967.76
2024,1,1,2024-01,480,11764846,1776,6624.35
2024,1,1,2024-01,481,6163063,810,7608.72
2024,1,1,2024-01,482,9585395,2182,4392.94
2024,1,1,2024-01,483,7518937,1360,5528.63
2024,1,1,2024-01,484,12140205,1771,6855
2024,1,1,2024-01,485,6089421,1284,4742.54
2024,1,1,2024-01,486,10402796,1706,6097.77
2024,1,1,2024-01,487,11130000,1696,6562.5
2024,1,1,2024-01,488,11644770,1870,6227.15
2024,1,1,2024-01,489,8206943,1737,4724.78
2024,1,1,2024-01,490,9073025,1698,5343.36
2024,1,1,2024-01,491,5793867,848,6832.39
2024,1,1,2024-01,492,8325538,1391,5985.29
2024,1,1,2024-01,493,6756688,1634,4135.06
2024,1,1,2024-01,494,8224980,1206,6820.05
2024,1,1,2024-01,495,7347522,1762,4169.99
2024,1,1,2024-01,496,11104889,1673,6637.71
2024,1,1,2024-01,497,3726849,777,4796.46
2024,1,1,2024-01,498,8298691,1109,7483.04
2024,1,1,2024-01,499,5887104,1102,5342.2
2024,1,1,2024-01,500,5436131,1058,5138.12
2024,1,1,2024-01,501,5184005,1132,4579.51
2024,1,1,2024-01,502,10431415,2012,5184.6
2024,1,1,2024-01,503,13794472,1909,7226.02
2024,1,1,2024-01,504,5980823,786,7609.19
2024,1,1,2024-01,505,4736086,886,5345.47
2024,1,1,2024-01,506,5829315,1024,5692.69
2024,1,1,2024-01,507,12783817,1942,6582.81
2024,1,1,2024-01,508,9920697,1386,7157.79
2024,1,1,2024-01,509,10773309,1746,6170.28
2024,1,1,2024-01,510,10366476,1876,5525.84
2024,1,1,2024-01,511,7193854,1284,5602.69
2024,1,1,2024-01,512,5424120,837,6480.43
2024,1,1,2024-01,513,5516174,1361,4053.03
2024,1,1,2024-01,514,10549807,1654,6378.36
2024,1,1,2024-01,515,11176417,2110,5296.88
2024,1,1,2024-01,516,6901175,991,6963.85
2024,1,1,2024-01,517,7546469,1701,4436.49
2024,1,1,2024-01,518,8589246,1383,6210.59
2024,1,1,2024-01,519,5564969,967,5754.88
2024,1,1,2024-01,520,6362776,1005,6331.12
2024,1,1,2024-01,521,4480912,1054,4251.34
2024,1,1,2024-01,522,9337960,1515,6163.67
2024,1,1,2024-01,523,5545045,926,5988.17
2024,1,1,2024-01,524,13258880,2191,6051.52
2024,1,1,2024-01,525,8208236,1306,6285.02
2024,1,1,2024-01,526,7960356,1225,6498.25
2024,1,1,2024-01,527,6883871,987,6974.54
2024,1,1,2024-01,528,8165240,1650,4948.63
2024,1,1,2024-01,529,8834323,1270,6956.16
2024,1,1,2024-01,530,11968094,2032,5889.81
2024,1,1,2024-01,531,8774091,2021,4341.46
2024,1,1,2024-01,532,8327894,1972,4223.07
2024,1,1,2024-01,533,10312465,1953,5280.32
2024,1,1,2024-01,534,10004712,1464,6833.82
2024,1,1,2024-01,535,5806212,867,6696.9
2024,1,1,2024-01,536,5911612,857,6898.03
2024,1,1,2024-01,537,3922180,669,5862.75
2024,1,1,2024-01,538,11298955,1993,5669.32
2024,1,1,2024-01,539,8559097,1837,4659.28
2024,1,1,2024-01,540,5549370,1061,5230.32
2024,1,1,2024-01,541,6671001,1197,5573.1
2024,1,1,2024-01,542,3844692,878,4378.92
2024,1,1,2024-01,543,6415034,1331,4819.71
2024,1,1,2024-01,544,8628802,1396,6181.09
2024,1,1,2024-01,545,6063838,916,6619.91
2024,1,1,2024-01,546,10246056,1338,7657.74
2024,1,1,2024-01,547,8133639,1109,7334.21
2024,1,1,2024-01,548,9439544,1480,6378.07
2024,1,1,2024-01,549,8389272,1512,5548.46
2024,1,1,2024-01,550,5786567,913,6337.97
2024,1,1,2024-01,551,4582237,670,6839.16
2024,1,1,2024-01,552,6822892,1519,4491.7
2024,1,1,2024-01,553,9220557,1664,5541.2
2024,1,1,2024-01,554,8790050,1249,7037.67
2024,1,1,2024-01,555,9209088,1721,5351.01
2024,1,1,2024-01,556,6279068,1027,6113.99
2024,1,1,2024-01,557,12673272,2053,6173.05
2024,1,1,2024-01,558,9070763,1949,4654.06
2024,1,1,2024-01,559,6539136,1232,5307.74
2024,1,1,2024-01,560,10893896,2080,5237.45
2024,1,1,2024-01,561,5752860,1420,4051.31
2024,1,1,2024-01,562,5892799,1410,4179.29
2024,1,1,2024-01,563,9586532,1369,7002.58
2024,1,1,2024-01,564,10543559,2089,5047.18
2024,1,1,2024-01,565,6099583,1041,5859.35
2024,1,1,2024-01,566,7136022,1368,5216.39
2024,1,1,2024-01,567,7393054,1006,7348.96
2024,1,1,2024-01,568,6411783,1292,4962.68
2024,1,1,2024-01,569,10693657,1894,5646.07
2024,1,1,2024-01,570,11511520,1617,7119.06
2024,1,1,2024-01,571,10908592,1544,7065.15
2024,1,1,2024-01,572,3716478,782,4752.53
2024,1,1,2024-01,573,9669964,1411,6853.27
2024,1,1,2024-01,574,10234252,1807,5663.67
2024,1,1,2024-01,575,3416466,590,5790.62
2024,1,1,2024-01,576,7984267,1752,4557.23
2024,1,1,2024-01,577,3699198,858,4311.42
2024,1,1,2024-01,578,6380611,947,6737.71
2024,1,1,2024-01,579,7876482,1346,5851.77
2024,1,1,2024-01,580,8789933,1555,5652.69
2024,1,1,2024-01,581,12575752,1879,6692.79
2024,1,1,2024-01,582,5320989,792,6718.42
2024,1,1,2024-01,583,4294089,929,4622.27
2024,1,1,2024-01,584,7269707,1166,6234.74
2024,1,1,2024-01,585,8547465,1886,4532.06
2024,1,1,2024-01,586,8400924,1245,6747.73
2024,1,1,2024-01,587,7675789,1217,6307.14
2024,1,1,2024-01,588,12102705,1619,7475.42
2024,1,1,2024-01,589,4593820,1070,4293.29
2024,1,1,2024-01,590,4465331,1071,4169.31
2024,1,1,2024-01,591,5945160,1169,5085.68
2024,1,1,2024-01,592,8700291,1761,4940.54
2024,1,1,2024-01,593,4219954,857,4924.1
2024,1,1,2024-01,594,7679113,1055,7278.78
2024,1,1,2024-01,595,5529253,1136,4867.3
2024,1,1,2024-01,596,6512077,1315,4952.15
2024,1,1,2024-01,597,9569252,1409,6791.52
2024,1,1,2024-01,598,10066771,1786,5636.49
2024,1,1,2024-01,599,10781781,1583,6810.98
2024,1,1,2024-01,600,8006093,1863,4297.42
2024,1,1,2024-01,601,4272347,747,5719.34
2024,1,1,2024-01,602,6835088,1642,4162.66
2024,1,1,2024-01,603,7763013,1814,4279.5
2024,1,1,2024-01,604,11173344,1516,7370.28
2024,1,1,2024-01,605,4091460,906,4515.96
2024,1,1,2024-01,606,10291286,1717,5993.76
2024,1,1,2024-01,607,7377063,1335,5525.89
2024,1,1,2024-01,608,8711215,1660,5247.72
2024,1,1,2024-01,609,15027894,2076,7238.87
2024,1,1,2024-01,610,8059323,1929,4177.98
2024,1,1,2024-01,611,10751587,1664,6461.29
2024,1,1,2024-01,612,8254792,1105,7470.4
2024,1,1,2024-01,613,10790992,1777,6072.59
2024,1,1,2024-01,614,5227606,711,7352.47
2024,1,1,2024-01,615,6388911,1507,4239.49
2024,1,1,2024-01,616,10293370,1860,5534.07
2024,1,1,2024-01,617,6745378,1341,5030.11
2024,1,1,2024-01,618,7989746,1195,6685.98
2024,1,1,2024-01,619,13925283,1850,7527.18
2024,1,1,2024-01,620,5637275,1139,4949.32
2024,1,1,2024-01,621,12014629,1880,6390.76
2024,1,1,2024-01,622,9095997,1911,4759.81
2024,1,1,2024-01,623,11040596,1821,6062.93
2024,1,1,2024-01,624,9191503,1613,5698.39
2024,1,1,2024-01,625,8625919,1137,7586.56
2024,1,1,2024-01,626,8115281,1307,6209.09
2024,1,1,2024-01,627,7900245,1485,5320.03
2024,1,1,2024-01,628,6219844,1359,4576.78
2024,1,1,2024-01,629,6792878,1489,4562.04
2024,1,1,2024-01,630,8385951,1721,4872.72
2024,1,1,2024-01,631,7290734,1468,4966.44
2024,1,1,2024-01,632,7176588,1012,7091.49
2024,1,1,2024-01,633,9245663,1525,6062.73
2024,1,1,2024-01,634,11066676,1880,5886.53
2024,1,1,2024-01,635,7362035,1641,4486.31
2024,1,1,2024-01,636,12839827,1823,7043.24
2024,1,1,2024-01,637,11728807,1746,6717.53
2024,1,1,2024-01,638,4261185,973,4379.43
2024,1,1,2024-01,639,13984209,2129,6568.44
2024,1,1,2024-01,640,8699043,1439,6045.2
2024,1,1,2024-01,641,6751842,1556,4339.23
2024,1,1,2024-01,642,7459939,1310,5694.61
2024,1,1,2024-01,643,10213929,1774,5757.57
2024,1,1,2024-01,644,2860162,610,4688.79
2024,1,1,2024-01,645,12106537,1635,7404.61
2024,1,1,2024-01,646,13330950,1871,7125.04
2024,1,1,2024-01,647,4806538,746,6443.08
2024,1,1,2024-01,648,11221181,1966,5707.62
2024,1,1,2024-01,649,9251358,1694,5461.25
2024,1,1,2024-01,650,6472717,1014,6383.35
2024,1,1,2024-01,651,7191284,1208,5953.05
2024,1,1,2024-01,652,9026084,2106,4285.89
2024,1,1,2024-01,653,4253901,712,5974.58
2024,1,1,2024-01,654,13572062,1975,6871.93
2024,1,1,2024-01,655,9702984,1705,5690.9
2024,1,1,2024-01,656,6837005,1621,4217.77
2024,1,1,2024-01,657,12773072,1874,6815.94
2024,1,1,2024-01,658,9163650,1932,4743.09
2024,1,1,2024-01,659,5331628,1056,5048.89
2024,1,1,2024-01,660,7013725,1484,4726.23
2024,1,1,2024-01,661,10007689,1928,5190.71
2024,1,1,2024-01,662,6551996,967,6775.59
2024,1,1,2024-01,663,3862763,658,5870.46
2024,1,1,2024-01,664,6136555,1289,4760.71
2024,1,1,2024-01,665,5514159,777,7096.73
2024,1,1,2024-01,666,12496980,1714,7291.12
2024,1,1,2024-01,667,15362710,2130,7212.54
2024,1,1,2024-01,668,4472599,916,4882.75
2024,1,1,2024-01,669,7875003,1386,5681.82
2024,1,1,2024-01,670,10347281,1370,7552.76
2024,1,1,2024-01,671,11556670,1686,6854.49
2024,1,1,2024-01,672,6839565,1651,4142.68
2024,1,1,2024-01,673,4434768,1035,4284.8
2024,1,1,2024-01,674,6650795,1170,5684.44
2024,1,1,2024-01,675,11827344,1614,7327.97
2024,1,1,2024-01,676,10214501,1680,6080.06
2024,1,1,2024-01,677,12022760,2065,5822.16
2024,1,1,2024-01,678,6657729,1505,4423.74
2024,1,1,2024-01,679,7552260,1180,6400.22
2024,1,1,2024-01,680,7177152,1025,7002.1
2024,1,1,2024-01,681,3917334,725,5403.22
2024,1,1,2024-01,682,8352299,1227,6807.09
2024,1,1,2024-01,683,13284962,1771,7501.39
2024,1,1,2024-01,684,8159761,1733,4708.46
2024,1,1,2024-01,685,11135621,1887,5901.23
2024,1,1,2024-01,686,7081875,1418,4994.27
2024,1,1,2024-01,687,10385247,1513,6864.01
2024,1,1,2024-01,688,8525372,1403,6076.53
2024,1,1,2024-01,689,11545154,1818,6350.47
2024,1,1,2024-01,690,5723643,833,6871.12
2024,1,1,2024-01,691,2869667,526,5455.64
2024,1,1,2024-01,692,11632330,1610,7225.05
2024,1,1,2024-01,693,6823304,1136,6006.43
2024,1,1,2024-01,694,3445088,753,4575.15
2024,1,1,2024-01,695,9537312,1463,6519.01
2024,1,1,2024-01,696,11789273,1703,6922.65
2024,1,1,2024-01,697,4671195,894,5225.05
2024,1,1,2024-01,698,10343716,1464,7065.38
2024,1,1,2024-01,699,12491526,1708,7313.54
2024,1,1,2024-01,700,4546506,910,4996.16
2024,1,1,2024-01,701,7735076,1021,7575.98
2024,1,1,2024-01,702,8592834,1898,4527.31
2024,1,1,2024-01,703,9409121,1987,4735.34
2024,1,1,2024-01,704,8296389,1758,4719.22
2024,1,1,2024-01,705,14067242,1950,7213.97
2024,1,1,2024-01,706,3183310,491,6483.32
2024,1,1,2024-01,707,8414142,1839,4575.39
2024,1,1,2024-01,708,12128844,2175,5576.48
2024,1,1,2024-01,709,11059318,1780,6213.1
2024,1,1,2024-01,710,8645955,1984,4357.84
2024,1,1,2024-01,711,11767259,1632,7210.33
2024,1,1,2024-01,712,12003449,1730,6938.41
2024,1,1,2024-01,713,7383790,1251,5902.31
2024,1,1,2024-01,714,8189976,1102,7431.92
2024,1,1,2024-01,715,8987630,1607,5592.8
2024,1,1,2024-01,716,12945580,1720,7526.5
2024,1,1,2024-01,717,11762039,1821,6459.11
2024,1,1,2024-01,718,8620827,1347,6400.02
2024,1,1,2024-01,719,6135488,1329,4616.62
2024,1,1,2024-01,720,10390352,1450,7165.76
2024,1,1,2024-01,721,4868157,879,5538.29
2024,1,1,2024-01,722,7546482,1632,4624.07
2024,1,1,2024-01,723,7060618,1696,4163.1
2024,1,1,2024-01,724,6335813,1055,6005.51
2024,1,1,2024-01,725,8155211,1378,5918.15
2024,1,1,2024-01,726,10295716,1544,6668.21
2024,1,1,2024-01,727,13854579,1908,7261.31
2024,1,1,2024-01,728,8379738,1939,4321.68
2024,1,1,2024-01,729,8109529,1218,6658.07
2024,1,1,2024-01,730,3854322,808,4770.2
2024,1,1,2024-01,731,9462185,1316,7190.11
2024,1,1,2024-01,732,13371328,1895,7056.11
2024,1,1,2024-01,733,10769320,1780,6050.18
2024,1,1,2024-01,734,7900263,1204,6561.68
2024,1,1,2024-01,735,6610466,1256,5263.11
2024,1,1,2024-01,736,8052238,1411,5706.76
2024,1,1,2024-01,737,3906653,565,6914.43
2024,1,1,2024-01,738,6854597,1202,5702.66
2024,1,1,2024-01,739,7250168,1342,5402.51
2024,1,1,2024-01,740,8461963,1446,5851.98
2024,1,1,2024-01,741,13134829,1874,7008.98
2024,1,1,2024-01,742,9299256,1765,5268.7
2024,1,1,2024-01,743,7484541,1591,4704.3
2024,1,1,2024-01,744,7139778,1081,6604.79
2024,1,1,2024-01,745,7857783,1124,6990.91
2024,1,1,2024-01,746,5969999,1361,4386.48
2024,1,1,2024-01,747,7848947,1595,4920.97
2024,1,1,2024-01,748,6349705,1392,4561.57
2024,1,1,2024-01,749,11317891,2135,5301.12
2024,1,1,2024-01,750,6347043,1111,5712.91
2024,1,1,2024-01,751,10621427,1581,6718.17
2024,1,1,2024-01,752,6359166,998,6371.91
2024,1,1,2024-01,753,6514600,1037,6282.16
2024,1,1,2024-01,754,6282768,1156,5434.92
2024,1,1,2024-01,755,6491427,926,7010.18
2024,1,1,2024-01,756,8782778,1517,5789.57
2024,1,1,2024-01,757,10324786,1370,7536.34
2024,1,1,2024-01,758,10816330,1712,6317.95
2024,1,1,2024-01,759,7608605,1709,4452.08
2024,1,1,2024-01,760,8633040,1317,6555.08
2024,1,1,2024-01,761,8226161,1573,5229.6
2024,1,1,2024-01,762,10464568,1601,6536.27
2024,1,1,2024-01,763,6744669,1590,4241.93
2024,1,1,2024-01,764,4762515,1023,4655.44
2024,1,1,2024-01,765,10493579,1472,7128.79
2024,1,1,2024-01,766,3355774,690,4863.44
2024,1,1,2024-01,767,5559148,787,7063.72
2024,1,1,2024-01,768,9117146,1770,5150.93
2024,1,1,2024-01,769,5188876,814,6374.54
2024,1,1,2024-01,770,9569521,1469,6514.31
2024,1,1,2024-01,771,10738667,1833,5858.52
2024,1,1,2024-01,772,3186408,623,5114.62
2024,1,1,2024-01,773,8735363,1820,4799.65
2024,1,1,2024-01,774,6667764,1602,4162.15
2024,1,1,2024-01,775,6303049,1224,5149.55
2024,1,1,2024-01,776,9195138,1434,6412.23
2024,1,1,2024-01,777,13793829,1858,7424.02
2024,1,1,2024-01,778,5643805,787,7171.29
2024,1,1,2024-01,779,12484396,1836,6799.78
2024,1,1,2024-01,780,6775043,970,6984.58
2024,1,1,2024-01,781,6724372,1051,6398.07
2024,1,1,2024-01,782,4503252,903,4986.99
2024,1,1,2024-01,783,11295934,1566,7213.24
2024,1,1,2024-01,784,6073536,944,6433.83
2024,1,1,2024-01,785,5951456,989,6017.65
2024,1,1,2024-01,786,5896992,1333,4423.85
2024,1,1,2024-01,787,8182681,1461,5600.74
2024,1,1,2024-01,788,11523848,2043,5640.65
2024,1,1,2024-01,789,12135929,1698,7147.19
2024,1,1,2024-01,790,9212388,1525,6040.91
2024,1,1,2024-01,791,6221465,1156,5381.89
2024,1,1,2024-01,792,11160594,1498,7450.33
2024,1,1,2024-01,793,9416622,2111,4460.74
2024,1,1,2024-01,794,3710372,664,5587.91
2024,1,1,2024-01,795,6599447,1556,4241.29
2024,1,1,2024-01,796,12265477,1844,6651.56
2024,1,1,2024-01,797,13455957,1842,7305.08
2024,1,1,2024-01,798,5269542,1052,5009.07
2024,1,1,2024-01,799,4003731,565,7086.25
2024,1,1,2024-01,800,3349208,661,5066.88
2024,1,1,2024-01,801,9242609,1269,7283.38
2024,1,1,2024-01,802,9545323,1417,6736.29
2024,1,1,2024-01,803,13195935,1903,6934.28
2024,1,1,2024-01,804,4087350,1000,4087.35
2024,1,1,2024-01,805,10913786,1458,7485.45
2024,1,1,2024-01,806,7521679,1138,6609.56
2024,1,1,2024-01,807,3953102,780,5068.08
2024,1,1,2024-01,808,13968749,1984,7040.7
2024,1,1,2024-01,809,4752549,944,5034.48
2024,1,1,2024-01,810,11107434,1566,7092.87
2024,1,1,2024-01,811,4330524,965,4487.59
2024,1,1,2024-01,812,5029365,767,6557.19
2024,1,1,2024-01,813,7426049,1236,6008.13
2024,1,1,2024-01,814,4892966,1106,4424.02
2024,1,1,2024-01,815,4371852,897,4873.86
2024,1,1,2024-01,816,5511775,1329,4147.31
2024,1,1,2024-01,817,11038126,1954,5648.99
2024,1,1,2024-01,818,4400431,860,5116.78
2024,1,1,2024-01,819,8591897,1392,6172.34
2024,1,1,2024-01,820,4388657,863,5085.35
2024,1,1,2024-01,821,4479866,864,5185.03
2024,1,1,2024-01,822,11677486,1737,6722.79
2024,1,1,2024-01,823,6345842,1522,4169.41
2024,1,1,2024-01,824,6672574,924,7221.4
2024,1,1,2024-01,825,8043786,1118,7194.8
2024,1,1,2024-01,826,8325663,1297,6419.17
2024,1,1,2024-01,827,12081690,1968,6139.07
2024,1,1,2024-01,828,11529537,1581,7292.56
2024,1,1,2024-01,829,10313635,2222,4641.6
2024,1,1,2024-01,830,7915821,1797,4405.02
2024,1,1,2024-01,831,7147310,1465,4878.71
2024,1,1,2024-01,832,9847658,1424,6915.49
2024,1,1,2024-01,833,3118252,749,4163.22
2024,1,1,2024-01,834,5617986,926,6066.94
2024,1,1,2024-01,835,5955728,782,7616.02
2024,1,1,2024-01,836,15035059,2102,7152.74
2024,1,1,2024-01,837,7720288,1328,5813.47
2024,1,1,2024-01,838,6099826,1440,4235.99
2024,1,1,2024-01,839,10576220,1494,7079.13
2024,1,1,2024-01,840,11507013,1852,6213.29
2024,1,1,2024-01,841,4145774,923,4491.63
2024,1,1,2024-01,842,5804302,1308,4437.54
2024,1,1,2024-01,843,14551397,1987,7323.3
2024,1,1,2024-01,844,8949257,1387,6452.24
2024,1,1,2024-01,845,6034552,854,7066.22
2024,1,1,2024-01,846,7971969,1111,7175.49
2024,1,1,2024-01,847,13049121,2140,6097.72
2024,1,1,2024-01,848,5193369,874,5942.07
2024,1,1,2024-01,849,3458594,622,5560.44
2024,1,1,2024-01,850,8433697,1605,5254.64
2024,1,1,2024-01,851,10323498,1836,5622.82
2024,1,1,2024-01,852,11767587,1739,6766.87
2024,1,1,2024-01,853,7009011,1131,6197.18
2024,1,1,2024-01,854,8270139,1152,7178.94
2024,1,1,2024-01,855,10036579,1778,5644.87
2024,1,1,2024-01,856,4624409,745,6207.26
2024,1,1,2024-01,857,4603413,734,6271.68
2024,1,1,2024-01,858,7770011,1276,6089.35
2024,1,1,2024-01,859,11184348,1713,6529.1
2024,1,1,2024-01,860,3527345,720,4899.09
2024,1,1,2024-01,861,5435666,926,5870.05
2024,1,1,2024-01,862,8483996,1942,4368.69
2024,1,1,2024-01,863,10924194,2011,5432.22
2024,1,1,2024-01,864,8033212,1396,5754.45
2024,1,1,2024-01,865,10166881,1582,6426.6
2024,1,1,2024-01,866,4572615,610,7496.09
2024,1,1,2024-01,867,7588683,1226,6189.79
2024,1,1,2024-01,868,5845731,862,6781.59
2024,1,1,2024-01,869,11248742,1920,5858.72
2024,1,1,2024-01,870,4621378,738,6262.03
2024,1,1,2024-01,871,4878285,1117,4367.31
2024,1,1,2024-01,872,2842712,564,5040.27
2024,1,1,2024-01,873,3679581,682,5395.28
2024,1,1,2024-01,874,8748272,1532,5710.36
2024,1,1,2024-01,875,8169868,1960,4168.3
2024,1,1,2024-01,876,5262392,1158,4544.38
2024,1,1,2024-01,877,4261309,826,5158.97
2024,1,1,2024-01,878,14551268,1948,7469.85
2024,1,1,2024-01,879,7817844,1481,5278.76
2024,1,1,2024-01,880,6496414,1125,5774.59
2024,1,1,2024-01,881,6997126,1457,4802.42
2024,1,1,2024-01,882,5247457,849,6180.75
2024,1,1,2024-01,883,8903309,1763,5050.09
2024,1,1,2024-01,884,8374678,1760,4758.34
2024,1,1,2024-01,885,7734537,1319,5863.94
2024,1,1,2024-01,886,3665583,891,4114.01
2024,1,1,2024-01,887,5382907,1333,4038.19
2024,1,1,2024-01,888,3398381,700,4854.83
2024,1,1,2024-01,889,5499107,1311,4194.59
2024,1,1,2024-01,890,7740861,1758,4403.22
2024,1,1,2024-01,891,10826807,2068,5235.4
2024,1,1,2024-01,892,10688191,1541,6935.88
2024,1,1,2024-01,893,12867455,2110,6098.32
2024,1,1,2024-01,894,5671685,963,5889.6
2024,1,1,2024-01,895,7517293,1475,5096.47
2024,1,1,2024-01,896,9835880,1335,7367.7
2024,1,1,2024-01,897,11540963,2108,5474.84
2024,1,1,2024-01,898,7049312,1589,4436.32
2024,1,1,2024-01,899,7835724,1247,6283.66
2024,1,1,2024-01,900,3457244,775,4460.96
2024,1,1,2024-01,901,5195407,991,5242.59
2024,1,1,2024-01,902,6394367,1093,5850.29
2024,1,1,2024-01,903,11201463,1570,7134.69
2024,1,1,2024-01,904,6460616,1117,5783.9
2024,1,1,2024-01,905,11124821,1717,6479.22
2024,1,1,2024-01,906,12772473,1681,7598.14
2024,1,1,2024-01,907,6610575,1430,4622.78
2024,1,1,2024-01,908,3347447,663,5048.94
2024,1,1,2024-01,909,3629901,660,5499.85
2024,1,1,2024-01,910,10261560,1830,5607.41
2024,1,1,2024-01,911,4382684,795,5512.81
2024,1,1,2024-01,912,5587725,767,7285.17
2024,1,1,2024-01,913,11671802,1784,6542.49
2024,1,1,2024-01,914,5768365,925,6236.07
2024,1,1,2024-01,915,3962360,767,5166.05
2024,1,1,2024-01,916,9796695,1408,6957.88
2024,1,1,2024-01,917,5178393,689,7515.81
2024,1,1,2024-01,918,7974196,1147,6952.22
2024,1,1,2024-01,919,7173364,1710,4194.95
2024,1,1,2024-01,920,8003428,1261,6346.89
2024,1,1,2024-01,921,7704289,1816,4242.45
2024,1,1,2024-01,922,3049943,602,5066.35
2024,1,1,2024-01,923,5267455,1263,4170.59
2024,1,1,2024-01,924,12188571,1966,6199.68
2024,1,1,2024-01,925,8629106,1330,6488.05
2024,1,1,2024-01,926,4157661,932,4461.01
2024,1,1,2024-01,927,5346566,983,5439.03
2024,1,1,2024-01,928,4859803,856,5677.34
2024,1,1,2024-01,929,7141696,1313,5439.22
2024,1,1,2024-01,930,5297147,1174,4512.05
2024,1,1,2024-01,931,6272696,1125,5575.73
2024,1,1,2024-01,932,3906407,578,6758.49
2024,1,1,2024-01,933,2928307,688,4256.26
2024,1,1,2024-01,934,7527185,1728,4356.01
2024,1,1,2024-01,935,11466914,2149,5335.93
2024,1,1,2024-01,936,5325632,723,7366.02
2024,1,1,2024-01,937,7533525,1162,6483.24
2024,1,1,2024-01,938,7058364,1105,6387.66
2024,1,1,2024-01,939,8125191,1487,5464.15
2024,1,1,2024-01,940,12337190,1998,6174.77
2024,1,1,2024-01,941,5219668,1286,4058.84
2024,1,1,2024-01,942,10225919,1609,6355.45
2024,1,1,2024-01,943,12527943,1706,7343.46
2024,1,1,2024-01,944,11303281,1784,6335.92
2024,1,1,2024-01,945,9539575,1315,7254.43
2024,1,1,2024-01,946,5567450,846,6580.91
2024,1,1,2024-01,947,8576596,1915,4478.64
2024,1,1,2024-01,948,10158993,1404,7235.75
2024,1,1,2024-01,949,6068263,1401,4331.38
2024,1,1,2024-01,950,10325005,1713,6027.44
2024,1,1,2024-01,951,8281986,1837,4508.43
2024,1,1,2024-01,952,4788928,1168,4100.11
2024,1,1,2024-01,953,4794626,866,5536.52
2024,1,1,2024-01,954,6628655,1287,5150.47
2024,1,1,2024-01,955,8751803,1506,5811.29
2024,1,1,2024-01,956,11804587,1913,6170.72
2024,1,1,2024-01,957,7061271,1682,4198.14
2024,1,1,2024-01,958,2656102,591,4494.25
2024,1,1,2024-01,959,11944619,1968,6069.42
2024,1,1,2024-01,960,3231583,613,5271.75
2024,1,1,2024-01,961,10376111,1555,6672.74
2024,1,1,2024-01,962,7466869,1159,6442.51
2024,1,1,2024-01,963,6209341,866,7170.14
2024,1,1,2024-01,964,12225939,1879,6506.62
2024,1,1,2024-01,965,3652800,642,5689.72
2024,1,1,2024-01,966,13555101,2106,6436.42
2024,1,1,2024-01,967,3297913,649,5081.53
2024,1,1,2024-01,968,4335180,845,5130.39
2024,1,1,2024-01,969,4518852,662,6826.06
2024,1,1,2024-01,970,10974292,1923,5706.86
2024,1,1,2024-01,971,5081094,736,6903.66
2024,1,1,2024-01,972,6569957,932,7049.31
2024,1,1,2024-01,973,4855244,679,7150.58
2024,1,1,2024-01,974,15896116,2164,7345.71
2024,1,1,2024-01,975,4323041,769,5621.64
2024,1,1,2024-01,976,5456204,1040,5246.35
2024,1,1,2024-01,977,12150769,1967,6177.31
2024,1,1,2024-01,978,7340031,1368,5365.52
2024,1,1,2024-01,979,7298289,1173,6221.9
2024,1,1,2024-01,980,8057680,1213,6642.77
2024,1,1,2024-01,981,7037356,1080,6516.07
2024,1,1,2024-01,982,6700804,1247,5373.54
2024,1,1,2024-01,983,8246740,1782,4627.8
2024,1,1,2024-01,984,11514731,2044,5633.43
2024,1,1,2024-01,985,8724950,1914,4558.49
2024,1,1,2024-01,986,5240998,723,7248.96
2024,1,1,2024-01,987,8068818,1528,5280.64
2024,1,1,2024-01,988,9132915,1958,4664.41
2024,1,1,2024-01,989,8383879,2016,4158.67
2024,1,1,2024-01,990,13682168,2129,6426.57
2024,1,1,2024-01,991,8100108,1267,6393.14
2024,1,1,2024-01,992,3863533,733,5270.85
2024,1,1,2024-01,993,4783788,1093,4376.75
2024,1,1,2024-01,994,5070612,921,5505.55
2024,1,1,2024-01,995,10011798,1932,5182.09
2024,1,1,2024-01,996,8788880,1365,6438.74
2024,1,1,2024-01,997,12605114,2018,6246.34
2024,1,1,2024-01,998,5357728,997,5373.85
2024,1,1,2024-01,999,8034787,1653,4860.73
2024,1,1,2024-01,1000,13657065,1816,7520.41
2024,1,1,2024-01,1001,7674150,1373,5589.33
2024,1,1,2024-01,1002,8465993,1310,6462.59
2024,1,1,2024-01,1003,4020598,877,4584.49
2024,1,1,2024-01,1004,7364450,1265,5821.7
2024,1,1,2024-01,1005,7161499,1701,4210.17
2024,1,1,2024-01,1006,4295318,735,5843.97
2024,1,1,2024-01,1007,8398565,1119,7505.42
2024,1,1,2024-01,1008,8238294,1526,5398.62
2024,1,1,2024-01,1009,7581600,1779,4261.72
2024,1,1,2024-01,1010,2380282,575,4139.62
2024,1,1,2024-01,1011,9151956,1665,5496.67
2024,1,1,2024-01,1012,4601620,996,4620.1
2024,1,1,2024-01,1013,3140421,745,4215.33
2024,1,1,2024-01,1014,5086423,752,6763.86
2024,1,1,2024-01,1015,7218998,1266,5702.21
2024,1,1,2024-01,1016,4466117,883,5057.89
2024,1,1,2024-01,1017,10835018,1471,7365.75
2024,1,1,2024-01,1018,4596464,1017,4519.63
2024,1,1,2024-01,1019,11130467,1486,7490.22
2024,1,1,2024-01,1020,6483159,1249,5190.68
2024,1,1,2024-01,1021,14415371,2003,7196.89
2024,1,1,2024-01,1022,4686105,751,6239.82
2024,1,1,2024-01,1023,8831792,1261,7003.8
2024,1,1,2024-01,1024,9204962,1216,7569.87
2024,1,1,2024-01,1025,9955234,1941,5128.92
2024,1,1,2024-01,1026,11780253,1571,7498.57
2024,1,1,2024-01,1027,10425429,1913,5449.78
2024,1,1,2024-01,1028,5471923,995,5499.42
2024,1,1,2024-01,1029,10332976,1973,5237.19
2024,1,1,2024-01,1030,7193625,1216,5915.81
2024,1,1,2024-01,1031,8293822,1813,4574.64
2024,1,1,2024-01,1032,10668335,1766,6040.96
2024,1,1,2024-01,1033,8347310,1386,6022.59
2024,1,1,2024-01,1034,8994375,1334,6742.41
2024,1,1,2024-01,1035,7766070,1079,7197.47
2024,1,1,2024-01,1036,5300406,940,5638.73
2024,1,1,2024-01,1037,3509081,682,5145.28
2024,1,1,2024-01,1038,3385000,687,4927.22
2024,1,1,2024-01,1039,5186875,1106,4689.76
2024,1,1,2024-01,1040,1636882,391,4186.4
2024,1,1,2024-01,1041,4717957,883,5343.1
2024,1,1,2024-01,1042,7232055,1424,5078.69
2024,1,1,2024-01,1043,7632097,1017,7504.52
2024,1,1,2024-01,1044,3686119,615,5993.69
2024,1,1,2024-01,1045,7823428,1480,5286.1
2024,1,1,2024-01,1046,6150056,993,6193.41
2024,1,1,2024-01,1047,7014887,1547,4534.51
2024,1,1,2024-01,1048,7244395,1293,5602.78
2024,1,1,2024-01,1049,5158354,822,6275.37
2024,1,1,2024-01,1050,4666748,806,5790.01
2024,1,1,2024-01,1051,4348954,787,5525.99
2024,1,1,2024-01,1052,11794716,1572,7503
2024,1,1,2024-01,1053,5000561,694,7205.42
2024,1,1,2024-01,1054,11520740,1843,6251.08
2024,1,1,2024-01,1055,6138620,1012,6065.83
2024,1,1,2024-01,1056,12499701,1982,6306.61
2024,1,1,2024-01,1057,4304585,912,4719.94
2024,1,1,2024-01,1058,7153236,1306,5477.21
2024,1,1,2024-01,1059,5904439,1398,4223.49
2024,1,1,2024-01,1060,9771056,1690,5781.69
2024,1,1,2024-01,1061,12122006,2011,6027.85
2024,1,1,2024-01,1062,8709444,1778,4898.45
2024,1,1,2024-01,1063,7219774,959,7528.44
2024,1,1,2024-01,1064,8075333,1112,7261.99
2024,1,1,2024-01,1065,6320731,944,6695.69
2024,1,1,2024-01,1066,6339702,1073,5908.39
2024,1,1,2024-01,1067,14111181,1966,7177.61
2024,1,1,2024-01,1068,7247745,1612,4496.12
2024,1,1,2024-01,1069,8167437,1201,6800.53
2024,1,1,2024-01,1070,5703447,1273,4480.32
2024,1,1,2024-01,1071,13592332,1974,6885.68
2024,1,1,2024-01,1072,8527371,1670,5106.21
2024,1,1,2024-01,1073,11658193,1604,7268.2
2024,1,1,2024-01,1074,13087169,1764,7419.03
2024,1,1,2024-01,1075,7128489,1574,4528.9
2024,1,1,2024-01,1076,10731211,1899,5650.98
2024,1,1,2024-01,1077,6695465,882,7591.23
2024,1,1,2024-01,1078,8659265,1489,5815.49
2024,1,1,2024-01,1079,13233069,1861,7110.73
2024,1,1,2024-01,1080,8243168,1350,6106.05
2024,1,1,2024-01,1081,8709104,1600,5443.19
2024,1,1,2024-01,1082,3099950,617,5024.23
2024,1,1,2024-01,1083,7448211,1563,4765.33
2024,1,1,2024-01,1084,12349858,1817,6796.84
2024,1,1,2024-01,1085,4364327,816,5348.44
2024,1,1,2024-01,1086,10453146,1764,5925.82
2024,1,1,2024-01,1087,6194945,1046,5922.51
2024,1,1,2024-01,1088,4476067,731,6123.21
2024,1,1,2024-01,1089,8808219,1233,7143.73
2024,1,1,2024-01,1090,11993927,1587,7557.61
2024,1,1,2024-01,1091,3623468,656,5523.58
2024,1,1,2024-01,1092,8079181,1158,6976.84
2024,1,1,2024-01,1093,7185882,1067,6734.66
2024,1,1,2024-01,1094,11239999,1846,6088.84
2024,1,1,2024-01,1095,8827444,1181,7474.55
2024,1,1,2024-01,1096,6476191,1369,4730.6
2024,1,1,2024-01,1097,5755224,1311,4389.95
2024,1,1,2024-01,1098,11617908,1640,7084.09
2024,1,1,2024-01,1099,7669852,1378,5565.93
2024,1,1,2024-01,1100,6163694,867,7109.22
2024,1,1,2024-01,1101,11157220,1574,7088.45
2024,1,1,2024-01,1102,5068990,1198,4231.21
2024,1,1,2024-01,1103,6363560,875,7272.64
2024,1,1,2024-01,1104,9806004,1736,5648.62
2024,1,1,2024-01,1105,9150247,1554,5888.19
2024,1,1,2024-01,1106,7545588,1200,6287.99
2024,1,1,2024-01,1107,10230525,1395,7333.71
2024,1,1,2024-01,1108,2904155,695,4178.64
2024,1,1,2024-01,1109,9266952,1616,5734.5
2024,1,1,2024-01,1110,4849258,749,6474.31
2024,1,1,2024-01,1111,8312253,1247,6665.8
2024,1,1,2024-01,1112,6564255,1019,6441.86
2024,1,1,2024-01,1113,7352481,1624,4527.39
2024,1,1,2024-01,1114,5671244,1111,5104.63
2024,1,1,2024-01,1115,10640669,1998,5325.66
2024,1,1,2024-01,1116,10952075,1586,6905.47
2024,1,1,2024-01,1117,9955040,1963,5071.34
2024,1,1,2024-01,1118,4924669,1013,4861.47
2024,1,1,2024-01,1119,16185528,2160,7493.3
2024,1,1,2024-01,1120,6879012,1687,4077.66
2024,1,1,2024-01,1121,9235027,1208,7644.89
2024,1,1,2024-01,1122,4352808,669,6506.44
2024,1,1,2024-01,1123,6481033,922,7029.32
2024,1,1,2024-01,1124,10290529,1995,5158.16
2024,1,1,2024-01,1125,6987528,1744,4006.61
2024,1,1,2024-01,1126,10666203,1594,6691.47
2024,1,1,2024-01,1127,10760998,1527,7047.15
2024,1,1,2024-01,1128,11925954,1798,6632.9
2024,1,1,2024-01,1129,6714500,1466,4580.15
2024,1,1,2024-01,1130,6033536,889,6786.88
2024,1,1,2024-01,1131,12209930,1798,6790.84
2024,1,1,2024-01,1132,4956621,770,6437.17
2024,1,1,2024-01,1133,7630025,1116,6836.94
2024,1,1,2024-01,1134,9511848,1333,7135.67
2024,1,1,2024-01,1135,9764706,1550,6299.81
2024,1,1,2024-01,1136,8179953,1843,4438.39
2024,1,1,2024-01,1137,8329252,1442,5776.18
2024,1,1,2024-01,1138,6942802,1607,4320.35
2024,1,1,2024-01,1139,8135427,1506,5402.01
2024,1,1,2024-01,1140,5584034,1022,5463.83
2024,1,1,2024-01,1141,4473095,1028,4351.26
2024,1,1,2024-01,1142,8543253,1619,5276.87
2024,1,1,2024-01,1143,2944300,658,4474.62
2024,1,1,2024-01,1144,12269962,1765,6951.82
2024,1,1,2024-01,1145,14432828,1926,7493.68
2024,1,1,2024-01,1146,6633716,1569,4227.99
2024,1,1,2024-01,1147,5722345,765,7480.19
2024,1,1,2024-01,1148,5302920,893,5938.32
2024,1,1,2024-01,1149,8703883,1710,5089.99
2024,1,1,2024-01,1150,3200545,731,4378.31
2024,1,1,2024-01,1151,11737480,2030,5782.01
2024,1,1,2024-01,1152,5211940,751,6940
2024,1,1,2024-01,1153,7495018,1156,6483.58
2024,1,1,2024-01,1154,5946464,1416,4199.48
2024,1,1,2024-01,1155,8348944,1935,4314.7
2024,1,1,2024-01,1156,8375341,1521,5506.47
2024,1,1,2024-01,1157,9917780,1972,5029.3
2024,1,1,2024-01,1158,3608333,731,4936.16
2024,1,1,2024-01,1159,2833582,556,5096.37
2024,1,1,2024-01,1160,12358101,1763,7009.7
2024,1,1,2024-01,1161,12371549,1671,7403.68
2024,1,1,2024-01,1162,6434460,1176,5471.48
2024,1,1,2024-01,1163,14432329,1993,7241.51
2024,1,1,2024-01,1164,6339492,1222,5187.8
2024,1,1,2024-01,1165,5441079,929,5856.92
2024,1,1,2024-01,1166,6353693,1305,4868.73
2024,1,1,2024-01,1167,5839534,920,6347.32
2024,1,1,2024-01,1168,7482036,983,7611.43
2024,1,1,2024-01,1169,6824261,1108,6159.08
2024,1,1,2024-01,1170,5901789,1101,5360.39
2024,1,1,2024-01,1171,3969836,621,6392.65
2024,1,1,2024-01,1172,3220484,709,4542.29
2024,1,1,2024-01,1173,10288500,1416,7265.89
2024,1,1,2024-01,1174,9654298,1650,5851.09
2024,1,1,2024-01,1175,8831247,1577,5600.03
2024,1,1,2024-01,1176,8162306,1333,6123.26
2024,1,1,2024-01,1177,9804122,1550,6325.24
2024,1,1,2024-01,1178,6081394,1382,4400.43
2024,1,1,2024-01,1179,14473456,2248,6438.37
2024,1,1,2024-01,1180,7147052,1469,4865.25
2024,1,1,2024-01,1181,5652109,865,6534.23
2024,1,1,2024-01,1182,12015464,1727,6957.42
2024,1,1,2024-01,1183,14347915,2059,6968.39
2024,1,1,2024-01,1184,11593513,1904,6089.03
2024,1,1,2024-01,1185,9465060,1626,5821.07
2024,1,1,2024-01,1186,3567703,790,4516.08
2024,1,1,2024-01,1187,11237031,1662,6761.15
2024,1,1,2024-01,1188,8431799,1690,4989.23
2024,1,1,2024-01,1189,6775597,1164,5820.96
2024,1,1,2024-01,1190,10051785,1988,5056.23
2024,1,1,2024-01,1191,7120018,1561,4561.19
2024,1,1,2024-01,1192,4501586,724,6217.66
2024,1,1,2024-01,1193,7586900,1793,4231.4
2024,1,1,2024-01,1194,13668572,2013,6790.15
2024,1,1,2024-01,1195,9655290,1837,5256.01
2024,1,1,2024-01,1196,7801684,1886,4136.63
2024,1,1,2024-01,1197,7327912,1242,5900.09
2024,1,1,2024-01,1198,8745892,2083,4198.7
2024,1,1,2024-01,1199,7230986,1431,5053.1
2024,1,1,2024-01,1200,13367818,1997,6693.95
2024,1,1,2024-01,1201,8453288,1984,4260.73
2024,1,1,2024-01,1202,6178286,866,7134.28
2024,1,1,2024-01,1203,7759896,1957,3965.2
2024,1,1,2024-01,1204,7524111,1515,4966.41
2024,1,1,2024-01,1205,9301150,1382,6730.21
2024,1,1,2024-01,1206,8957667,1721,5204.92
2024,1,1,2024-01,1207,5577270,1255,4444.04
2024,1,1,2024-01,1208,6635219,1236,5368.3
2024,1,1,2024-01,1209,7156275,1417,5050.3
2024,1,1,2024-01,1210,8169721,1159,7048.94
2024,1,1,2024-01,1211,9721471,1882,5165.5
2024,1,1,2024-01,1212,10761333,1580,6810.97
2024,1,1,2024-01,1213,13649431,1877,7271.94
2024,1,1,2024-01,1214,9421793,1663,5665.54
2024,1,1,2024-01,1215,6104806,827,7381.87
2024,1,1,2024-01,1216,10238073,1907,5368.68
2024,1,1,2024-01,1217,8353422,1126,7418.67
2024,1,1,2024-01,1218,2949924,671,4396.31
2024,1,1,2024-01,1219,9459637,1465,6457.09
2024,1,1,2024-01,1220,5279326,903,5846.43
2024,1,1,2024-01,1221,3622683,678,5343.19
2024,1,1,2024-01,1222,6892775,1083,6364.52
2024,1,1,2024-01,1223,4458514,678,6575.98
2024,1,1,2024-01,1224,4377392,1097,3990.33
2024,1,1,2024-01,1225,7639760,1636,4669.78
2024,1,1,2024-01,1226,7590409,1149,6606.1
2024,1,1,2024-01,1227,7201896,1115,6459.1
2024,1,1,2024-01,1228,7946485,1054,7539.36
2024,1,1,2024-01,1229,9169788,1376,6664.09
2024,1,1,2024-01,1230,10368985,1396,7427.64
2024,1,1,2024-01,1231,10601590,1616,6560.39
2024,1,1,2024-01,1232,8620418,1687,5109.91
2024,1,1,2024-01,1233,6790441,1536,4420.86
2024,1,1,2024-01,1234,13878286,2013,6894.33
2024,1,1,2024-01,1235,11414204,1818,6278.44
2024,1,1,2024-01,1236,5076431,1203,4219.81
2024,1,1,2024-01,1237,1941776,364,5334.55
2024,1,1,2024-01,1238,12228325,1638,7465.4
2024,1,1,2024-01,1239,7279238,1255,5800.19
2024,1,1,2024-01,1240,9848615,1728,5699.43
2024,1,1,2024-01,1241,4112755,717,5736.06
2024,1,1,2024-01,1242,4684285,955,4905.01
2024,1,1,2024-01,1243,3928534,727,5403.76
2024,1,1,2024-01,1244,8666517,1601,5413.19
2024,1,1,2024-01,1245,5806456,1367,4247.59
2024,1,1,2024-01,1246,8377032,1220,6866.42
2024,1,1,2024-01,1247,5141756,923,5570.7
2024,1,1,2024-01,1248,13384667,1917,6982.09
2024,1,1,2024-01,1249,11665135,1626,7174.13
2024,1,1,2024-01,1250,7612720,1600,4757.95
2024,1,1,2024-01,1251,7771949,1220,6370.45
2024,1,1,2024-01,1252,9604073,1636,5870.46
2024,1,1,2024-01,1253,14780074,2045,7227.42
2024,1,1,2024-01,1254,5875153,1247,4711.43
2024,1,1,2024-01,1255,3685009,565,6522.14
2024,1,1,2024-01,1256,5327694,862,6180.62
2024,1,1,2024-01,1257,4751781,934,5087.56
2024,1,1,2024-01,1258,8094517,1736,4662.74
2024,1,1,2024-01,1259,12734249,1972,6457.53
2024,1,1,2024-01,1260,6708169,989,6782.78
2024,1,1,2024-01,1261,3910135,758,5158.49
2024,1,1,2024-01,1262,10552866,1663,6345.68
2024,1,1,2024-01,1263,8700541,1588,5478.93
2024,1,1,2024-01,1264,5094015,767,6641.48
2024,1,1,2024-01,1265,5226470,1099,4755.66
2024,1,1,2024-01,1266,11605714,1586,7317.6
2024,1,1,2024-01,1267,7119702,1394,5107.39
2024,1,1,2024-01,1268,9512374,1749,5438.75
2024,1,1,2024-01,1269,2713430,641,4233.12
2024,1,1,2024-01,1270,6255551,1409,4439.71
2024,1,1,2024-01,1271,4929199,834,5910.31
2024,1,1,2024-01,1272,9029170,1808,4994.01
2024,1,1,2024-01,1273,7028528,992,7085.21
2024,1,1,2024-01,1274,8356573,2008,4161.64
2024,1,1,2024-01,1275,5023116,930,5401.2
2024,1,1,2024-01,1276,8907799,1683,5292.81
2024,1,1,2024-01,1277,7502476,1777,4221.99
2024,1,1,2024-01,1278,8087784,1777,4551.37
2024,1,1,2024-01,1279,4011925,721,5564.39
2024,1,1,2024-01,1280,8178849,1392,5875.61
2024,1,1,2024-01,1281,6653790,1193,5577.36
2024,1,1,2024-01,1282,11621070,1930,6021.28
2024,1,1,2024-01,1283,10423062,1687,6178.46
2024,1,1,2024-01,1284,5701062,1378,4137.2
2024,1,1,2024-01,1285,5832532,1023,5701.4
2024,1,1,2024-01,1286,8413224,1123,7491.74
2024,1,1,2024-01,1287,8239715,1389,5932.12
2024,1,1,2024-01,1288,10256224,1600,6410.14
2024,1,1,2024-01,1289,4088932,788,5189
2024,1,1,2024-01,1290,12632207,1861,6787.86
2024,1,1,2024-01,1291,9824881,1453,6761.79
2024,1,1,2024-01,1292,7764525,1304,5954.39
2024,1,1,2024-01,1293,13533618,1798,7527.04
2024,1,1,2024-01,1294,5833358,1291,4518.48
2024,1,1,2024-01,1295,2626923,639,4110.99
2024,1,1,2024-01,1296,9136164,1348,6777.57
2024,1,1,2024-01,1297,10871845,1566,6942.43
2024,1,1,2024-01,1298,8843195,1997,4428.24
2024,1,1,2024-01,1299,4142633,828,5003.18
2024,1,1,2024-01,1300,9137802,2169,4212.91
2024,1,1,2024-01,1301,3021287,598,5052.32
2024,1,1,2024-01,1302,4272555,621,6880.12
2024,1,1,2024-01,1303,12025283,2004,6000.64
2024,1,1,2024-01,1304,8341597,1584,5266.16
2024,1,1,2024-01,1305,10563358,1956,5400.49
2024,1,1,2024-01,1306,8363819,2087,4007.58
2024,1,1,2024-01,1307,8735762,1725,5064.21
2024,1,1,2024-01,1308,10048802,1577,6372.1
2024,1,1,2024-01,1309,6531364,865,7550.71
2024,1,1,2024-01,1310,8669132,1229,7053.81
2024,1,1,2024-01,1311,5466051,1335,4094.42
2024,1,1,2024-01,1312,7090217,981,7227.54
2024,1,1,2024-01,1313,10158631,1474,6891.88
2024,1,1,2024-01,1314,11520686,1674,6882.13
2024,1,1,2024-01,1315,10488408,1833,5721.99
2024,1,1,2024-01,1316,8083730,1480,5461.98
2024,1,1,2024-01,1317,6966034,1368,5092.13
2024,1,1,2024-01,1318,6039539,1387,4354.39
2024,1,1,2024-01,1319,8090470,1635,4948.3
2024,1,1,2024-01,1320,9675219,1968,4916.27
2024,1,1,2024-01,1321,12106712,2095,5778.86
2024,1,1,2024-01,1322,6132359,921,6658.37
2024,1,1,2024-01,1323,10519226,1822,5773.45
2024,1,1,2024-01,1324,8342115,1913,4360.75
2024,1,1,2024-01,1325,14123146,1879,7516.31
2024,1,1,2024-01,1326,12640633,1681,7519.71
2024,1,1,2024-01,1327,9406788,1375,6841.3
2024,1,1,2024-01,1328,9606488,1275,7534.5
2024,1,1,2024-01,1329,6044654,996,6068.93
2024,1,1,2024-01,1330,6764387,902,7499.32
2024,1,1,2024-01,1331,3059077,713,4290.43
2024,1,1,2024-01,1332,5383039,988,5448.42
2024,1,1,2024-01,1333,7981050,1650,4837
2024,1,1,2024-01,1334,6563788,1394,4708.6
2024,1,1,2024-01,1335,5351928,1166,4589.99
2024,1,1,2024-01,1336,8944820,1438,6220.32
2024,1,1,2024-01,1337,2356756,342,6891.1
2024,1,1,2024-01,1338,5535712,912,6069.86
2024,1,1,2024-01,1339,6191068,1347,4596.19
2024,1,1,2024-01,1340,5084837,730,6965.53
2024,1,1,2024-01,1341,11676567,1842,6339.07
2024,1,1,2024-01,1342,4486813,833,5386.33
2024,1,1,2024-01,1343,14677328,2274,6454.41
2024,1,1,2024-01,1344,7962415,1577,5049.09
2024,1,1,2024-01,1345,10315883,1953,5282.07
2024,1,1,2024-01,1346,9760401,1341,7278.45
2024,1,1,2024-01,1347,3497557,689,5076.28
2024,1,1,2024-01,1348,5985866,1054,5679.19
2024,1,1,2024-01,1349,9917150,1390,7134.64
2024,1,1,2024-01,1350,8507934,1294,6574.91
2024,1,1,2024-01,1351,5749363,1341,4287.37
2024,1,1,2024-01,1352,7812861,1692,4617.53
2024,1,1,2024-01,1353,8298514,2019,4110.21
2024,1,1,2024-01,1354,7940098,1253,6336.87
2024,1,1,2024-01,1355,5665759,1002,5654.45
2024,1,1,2024-01,1356,8139762,1756,4635.4
2024,1,1,2024-01,1357,6752333,908,7436.49
2024,1,1,2024-01,1358,4984686,840,5934.15
2024,1,1,2024-01,1359,6716976,1344,4997.75
2024,1,1,2024-01,1360,10617432,1822,5827.35
2024,1,1,2024-01,1361,11057553,1707,6477.77
2024,1,1,2024-01,1362,6126307,1408,4351.07
2024,1,1,2024-01,1363,8983258,1764,5092.55
2024,1,1,2024-01,1364,11191874,1612,6942.85
2024,1,1,2024-01,1365,9371735,1656,5659.26
2024,1,1,2024-01,1366,8530102,1424,5990.24
2024,1,1,2024-01,1367,10146689,1803,5627.67
2024,1,1,2024-01,1368,8635797,2054,4204.38
2024,1,1,2024-01,1369,5732906,1238,4630.78
2024,1,1,2024-01,1370,7692488,1372,5606.77
2024,1,1,2024-01,1371,8962356,1844,4860.28
2024,1,1,2024-01,1372,4640300,1096,4233.85
2024,1,1,2024-01,1373,4936324,699,7061.98
2024,1,1,2024-01,1374,6555885,864,7587.83
2024,1,1,2024-01,1375,8641589,1266,6825.9
2024,1,1,2024-01,1376,9698557,1365,7105.17
2024,1,1,2024-01,1377,8939150,1791,4991.15
2024,1,1,2024-01,1378,12268971,1640,7481.08
2024,1,1,2024-01,1379,4863453,1019,4772.77
2024,1,1,2024-01,1380,6445492,864,7460.06
2024,1,1,2024-01,1381,9145980,1195,7653.54
2024,1,1,2024-01,1382,7233745,1095,6606.16
2024,1,1,2024-01,1383,13802652,1800,7668.14
2024,1,1,2024-01,1384,11799179,1934,6100.92
2024,1,1,2024-01,1385,9580147,1929,4966.38
2024,1,1,2024-01,1386,10872206,1912,5686.3
2024,1,1,2024-01,1387,10625086,1723,6166.62
2024,1,1,2024-01,1388,5565866,1296,4294.65
2024,1,1,2024-01,1389,4177089,671,6225.17
2024,1,1,2024-01,1390,9458243,1248,7578.72
2024,1,1,2024-01,1391,4930320,1045,4718.01
2024,1,1,2024-01,1392,5082908,742,6850.28
2024,1,1,2024-01,1393,11967441,1646,7270.62
2024,1,1,2024-01,1394,10459108,1412,7407.3
2024,1,1,2024-01,1395,11723181,1559,7519.68
2024,1,1,2024-01,1396,4253727,716,5940.96
2024,1,1,2024-01,1397,10905880,1447,7536.89
2024,1,1,2024-01,1398,11215241,1653,6784.78
2024,1,1,2024-01,1399,3191786,689,4632.49
2024,1,1,2024-01,1400,3156042,547,5769.73
2024,1,1,2024-01,1401,12719935,1930,6590.64
2024,1,1,2024-01,1402,3389915,690,4912.92
2024,1,1,2024-01,1403,8509750,1340,6350.56
2024,1,1,2024-01,1404,4883984,758,6443.25
2024,1,1,2024-01,1405,7160880,1528,4686.44
2024,1,1,2024-01,1406,11041866,1811,6097.11
2024,1,1,2024-01,1407,11458836,1688,6788.41
2024,1,1,2024-01,1408,12325518,2132,5781.2
2024,1,1,2024-01,1409,5528203,1334,4144.08
2024,1,1,2024-01,1410,4794468,1167,4108.37
2024,1,1,2024-01,1411,4124121,767,5376.95
2024,1,1,2024-01,1412,14092085,1909,7381.92
2024,1,1,2024-01,1413,5948688,1200,4957.24
2024,1,1,2024-01,1414,8356744,1324,6311.74
2024,1,1,2024-01,1415,4849506,999,4854.36
2024,1,1,2024-01,1416,6286261,1199,5242.92
2024,1,1,2024-01,1417,6388120,897,7121.65
2024,1,1,2024-01,1418,10683297,1601,6672.89
2024,1,1,2024-01,1419,4537368,1048,4329.55
2024,1,1,2024-01,1420,7762392,1409,5509.15
2024,1,1,2024-01,1421,8847279,2133,4147.81
2024,1,1,2024-01,1422,8201395,1420,5775.63
2024,1,1,2024-01,1423,10291986,1624,6337.43
2024,1,1,2024-01,1424,9394524,2096,4482.12
2024,1,1,2024-01,1425,6901544,1348,5119.84
2024,1,1,2024-01,1426,5229647,955,5476.07
2024,1,1,2024-01,1427,6329047,861,7350.81
2024,1,1,2024-01,1428,12240789,1605,7626.66
2024,1,1,2024-01,1429,8443622,2035,4149.2
2024,1,1,2024-01,1430,10080683,1482,6802.08
2024,1,1,2024-01,1431,7172605,1340,5352.69
2024,1,1,2024-01,1432,10058596,1846,5448.86
2024,1,1,2024-01,1433,12913803,1922,6718.94
2024,1,1,2024-01,1434,10268251,1391,7381.92
2024,1,1,2024-01,1435,5118475,692,7396.64
2024,1,1,2024-01,1436,4535892,734,6179.69
2024,1,1,2024-01,1437,10942454,2011,5441.3
2024,1,1,2024-01,1438,4180450,615,6797.48
2024,1,1,2024-01,1439,5757294,1168,4929.19
2024,1,1,2024-01,1440,10946987,1795,6098.6
2024,1,1,2024-01,1441,5542975,1047,5294.15
2024,1,1,2024-01,1442,8113497,1270,6388.58
2024,1,1,2024-01,1443,6575810,1335,4925.7
2024,1,1,2024-01,1444,9235148,1960,4711.81
2024,1,1,2024-01,1445,14519171,1979,7336.62
2024,1,1,2024-01,1446,3622461,811,4466.66
2024,1,1,2024-01,1447,4096455,699,5860.45
2024,1,1,2024-01,1448,4398082,916,4801.4
2024,1,1,2024-01,1449,5549343,1305,4252.37
2024,1,1,2024-01,1450,5986929,1408,4252.08
2024,1,1,2024-01,1451,5473291,1164,4702.14
2024,1,1,2024-01,1452,4398218,619,7105.36
2024,1,1,2024-01,1453,10634685,2115,5028.22
2024,1,1,2024-01,1454,13610492,1854,7341.15
2024,1,1,2024-01,1455,7932889,1299,6106.92
2024,1,1,2024-01,1456,9460300,1670,5664.85
2024,1,1,2024-01,1457,13322644,2185,6097.32
2024,1,1,2024-01,1458,10060281,1717,5859.22
2024,1,1,2024-01,1459,11094777,1629,6810.79
2024,1,1,2024-01,1460,4571785,893,5119.58
2024,1,1,2024-01,1461,5803353,1096,5295.03
2024,1,1,2024-01,1462,4732653,651,7269.82
2024,1,1,2024-01,1463,6536667,884,7394.42
2024,1,1,2024-01,1464,14639896,2026,7226.01
2024,1,1,2024-01,1465,4269587,780,5473.83
2024,1,1,2024-01,1466,8908399,1299,6857.89
2024,1,1,2024-01,1467,5684745,988,5753.79
2024,1,1,2024-01,1468,9442685,1627,5803.74
2024,1,1,2024-01,1469,9146772,1911,4786.38
2024,1,1,2024-01,1470,4710686,765,6157.76
2024,1,1,2024-01,1471,7307376,1559,4687.22
2024,1,1,2024-01,1472,3024810,575,5260.54
2024,1,1,2024-01,1473,4363001,615,7094.31
2024,1,1,2024-01,1474,7481889,1561,4793.01
2024,1,1,2024-01,1475,3989858,939,4249.05
2024,1,1,2024-01,1476,8288913,1927,4301.46
2024,1,1,2024-01,1477,5561298,751,7405.19
2024,1,1,2024-01,1478,4308555,739,5830.25
2024,1,1,2024-01,1479,10727446,1935,5543.9
2024,1,1,2024-01,1480,5175940,755,6855.55
2024,1,1,2024-01,1481,11838674,1687,7017.59
2024,1,1,2024-01,1482,6005538,1142,5258.79
2024,1,1,2024-01,1483,6951765,1049,6627.04
2024,1,1,2024-01,1484,11409684,1691,6747.3
2024,1,1,2024-01,1485,9513454,1487,6397.75
2024,1,1,2024-01,1486,6920541,1496,4626.03
2024,1,1,2024-01,1487,11560440,1609,7184.86
2024,1,1,2024-01,1488,5079079,857,5926.58
2024,1,1,2024-01,1489,3486738,691,5045.93
2024,1,1,2024-01,1490,10326143,1889,5466.46
2024,1,1,2024-01,1491,3742190,892,4195.28
2024,1,1,2024-01,1492,3771793,847,4453.12
2024,1,1,2024-01,1493,9029251,1326,6809.39
2024,1,1,2024-01,1494,6906610,1713,4031.88
2024,1,1,2024-01,1495,5594507,1015,5511.83
2024,1,1,2024-01,1496,9589521,1617,5930.44
2024,1,1,2024-01,1497,5500962,1289,4267.62
2024,1,1,2024-01,1498,17125320,2263,7567.53
2024,1,1,2024-01,1499,5544593,1142,4855.16
2024,1,1,2024-01,1500,8805402,1713,5140.34
2024,1,1,2024-01,1501,9960328,1960,5081.8
2024,1,1,2024-01,1502,5170023,1045,4947.39
2024,1,1,2024-01,1503,2503202,622,4024.44
2024,1,1,2024-01,1504,13291325,1986,6692.51
2024,1,1,2024-01,1505,11225660,1489,7539.06
2024,1,1,2024-01,1506,8654264,1774,4878.39
2024,1,1,2024-01,1507,7362124,1148,6413
2024,1,1,2024-01,1508,6748485,1009,6688.29
2024,1,1,2024-01,1509,11436300,1615,7081.3
2024,1,1,2024-01,1510,9778800,1784,5481.39
2024,1,1,2024-01,1511,4851603,944,5139.41
2024,1,1,2024-01,1512,4827150,913,5287.13
2024,1,1,2024-01,1513,6741723,1023,6590.15
2024,1,1,2024-01,1514,8921536,1280,6969.95
2024,1,1,2024-01,1515,3785747,812,4662.25
2024,1,1,2024-01,1516,7283592,1351,5391.26
2024,1,1,2024-01,1517,8579222,1185,7239.85
2024,1,1,2024-01,1518,11485733,1647,6973.73
2024,1,1,2024-01,1519,11066636,1452,7621.65
2024,1,1,2024-01,1520,14041828,2062,6809.81
2024,1,1,2024-01,1521,6487482,1202,5397.24
2024,1,1,2024-01,1522,12985250,2095,6198.21
2024,1,1,2024-01,1523,10241979,1589,6445.55
2024,1,1,2024-01,1524,4248624,983,4322.1
2024,1,1,2024-01,1525,8700963,1437,6054.95
2024,1,1,2024-01,1526,10313839,1561,6607.2
2024,1,1,2024-01,1527,3883902,823,4719.2
2024,1,1,2024-01,1528,14249739,2100,6785.59
2024,1,1,2024-01,1529,8424435,1379,6109.09
2024,1,1,2024-01,1530,15125290,2028,7458.23
2024,1,1,2024-01,1531,7178264,1683,4265.16
2024,1,1,2024-01,1532,7465184,1485,5027.06
2024,1,1,2024-01,1533,10037735,1629,6161.9
2024,1,1,2024-01,1534,7230168,1391,5197.82
2024,1,1,2024-01,1535,4153886,630,6593.47
2024,1,1,2024-01,1536,11196026,1665,6724.34
2024,1,1,2024-01,1537,3561612,811,4391.63
2024,1,1,2024-01,1538,7622620,1307,5832.15
2024,1,1,2024-01,1539,9069839,1571,5773.29
2024,1,1,2024-01,1540,7751421,1443,5371.74
2024,1,1,2024-01,1541,11060734,1512,7315.3
2024,1,1,2024-01,1542,4151042,591,7023.76
2024,1,1,2024-01,1543,11242011,1706,6589.69
2024,1,1,2024-01,1544,7789048,1176,6623.34
2024,1,1,2024-01,1545,3904491,684,5708.32
2024,1,1,2024-01,1546,8749912,1203,7273.41
2024,1,1,2024-01,1547,11636263,1770,6574.16
2024,1,1,2024-01,1548,10517326,1559,6746.2
2024,1,1,2024-01,1549,10425294,1449,7194.82
2024,1,1,2024-01,1550,10169809,2043,4977.88
2024,1,1,2024-01,1551,6974930,1006,6933.33
2024,1,1,2024-01,1552,8221629,1733,4744.16
2024,1,1,2024-01,1553,3870955,734,5273.78
2024,1,1,2024-01,1554,5994394,1140,5258.24
2024,1,1,2024-01,1555,16169513,2115,7645.16
2024,1,1,2024-01,1556,11723198,1647,7117.91
2024,1,1,2024-01,1557,7546595,1154,6539.51
2024,1,1,2024-01,1558,14503366,2176,6665.15
2024,1,1,2024-01,1559,6184954,1030,6004.81
2024,1,1,2024-01,1560,11356969,1534,7403.5
2024,1,1,2024-01,1561,10496463,1787,5873.79
2024,1,1,2024-01,1562,6575706,1212,5425.5
2024,1,1,2024-01,1563,6233510,1316,4736.71
2024,1,1,2024-01,1564,4537196,660,6874.54
2024,1,1,2024-01,1565,9389996,1418,6622
2024,1,1,2024-01,1566,10161366,1896,5359.37
2024,1,1,2024-01,1567,7980944,1902,4196.08
2024,1,1,2024-01,1568,14140511,2019,7003.72
2024,1,1,2024-01,1569,5975254,1475,4051.02
2024,1,1,2024-01,1570,10426743,1593,6545.35
2024,1,1,2024-01,1571,6042917,799,7563.1
2024,1,1,2024-01,1572,9566165,1707,5604.08
2024,1,1,2024-01,1573,5317475,1094,4860.58
2024,1,1,2024-01,1574,6010925,907,6627.26
2024,1,1,2024-01,1575,6142115,875,7019.56
2024,1,1,2024-01,1576,9477610,1558,6083.19
2024,1,1,2024-01,1577,9641122,1274,7567.6
2024,1,1,2024-01,1578,4636429,1080,4292.99
2024,1,1,2024-01,1579,11751082,2017,5826.02
2024,1,1,2024-01,1580,11572305,1740,6650.75
2024,1,1,2024-01,1581,5406496,752,7189.49
2024,1,1,2024-01,1582,4616020,965,4783.44
2024,1,1,2024-01,1583,11174750,1615,6919.35
2024,1,1,2024-01,1584,8291592,1380,6008.4
2024,1,1,2024-01,1585,11602401,2135,5434.38
2024,1,1,2024-01,1586,3664271,801,4574.62
2024,1,1,2024-01,1587,7811490,1098,7114.29
2024,1,1,2024-01,1588,5935710,1283,4626.43
2024,1,1,2024-01,1589,3972185,775,5125.4
2024,1,1,2024-01,1590,9091398,1787,5087.52
2024,1,1,2024-01,1591,13502193,1879,7185.84
2024,1,1,2024-01,1592,6360207,983,6470.2
2024,1,1,2024-01,1593,6309048,910,6933.02
2024,1,1,2024-01,1594,4309693,881,4891.82
2024,1,1,2024-01,1595,6514870,1037,6282.42
2024,1,1,2024-01,1596,4952926,815,6077.21
2024,1,1,2024-01,1597,8087947,1158,6984.41
2024,1,1,2024-01,1598,12255215,1689,7255.9
2024,1,1,2024-01,1599,5104786,1256,4064.32
2024,1,1,2024-01,1600,6763575,1044,6478.52
2024,1,1,2024-01,1601,5547386,1301,4263.94
2024,1,1,2024-01,1602,12088235,1996,6056.23
2024,1,1,2024-01,1603,8702033,1706,5100.84
2024,1,1,2024-01,1604,10462219,2027,5161.43
2024,1,1,2024-01,1605,4146134,779,5322.38
2024,1,1,2024-01,1606,5088385,807,6305.31
2024,1,1,2024-01,1607,9065391,1758,5156.65
2024,1,1,2024-01,1608,12024550,1803,6669.19
2024,1,1,2024-01,1609,8462848,1534,5516.85
2024,1,1,2024-01,1610,6288549,1434,4385.32
2024,1,1,2024-01,1611,13900082,2043,6803.76
2024,1,1,2024-01,1612,9321523,1854,5027.79
2024,1,1,2024-01,1613,10231860,1860,5501
2024,1,1,2024-01,1614,11941410,1854,6440.89
2024,1,1,2024-01,1615,2829044,540,5238.97
2024,1,1,2024-01,1616,7314137,1729,4230.27
2024,1,1,2024-01,1617,5317100,992,5359.98
2024,1,1,2024-01,1618,12151128,1636,7427.34
2024,1,1,2024-01,1619,6985838,1096,6373.94
2024,1,1,2024-01,1620,9087626,1408,6454.28
2024,1,1,2024-01,1621,11222217,1777,6315.26
2024,1,1,2024-01,1622,7249653,1514,4788.41
2024,1,1,2024-01,1623,9926761,1815,5469.29
2024,1,1,2024-01,1624,11914245,1767,6742.64
2024,1,1,2024-01,1625,8776253,1986,4419.06
2024,1,1,2024-01,1626,8339052,1651,5050.91
2024,1,1,2024-01,1627,4924110,981,5019.48
2024,1,1,2024-01,1628,7850157,1404,5591.28
2024,1,1,2024-01,1629,5792894,765,7572.41
2024,1,1,2024-01,1630,6692465,1530,4374.16
2024,1,1,2024-01,1631,8796556,1508,5833.26
2024,1,1,2024-01,1632,6356537,1345,4726.05
2024,1,1,2024-01,1633,7279162,961,7574.57
2024,1,1,2024-01,1634,2750448,624,4407.77
2024,1,1,2024-01,1635,9142848,1665,5491.2
2024,1,1,2024-01,1636,8861022,1322,6702.74
2024,1,1,2024-01,1637,8527322,1280,6661.97
2024,1,1,2024-01,1638,9517570,1680,5665.22
2024,1,1,2024-01,1639,7957631,1519,5238.73
2024,1,1,2024-01,1640,6333158,1159,5464.33
2024,1,1,2024-01,1641,7026586,1402,5011.83
2024,1,1,2024-01,1642,7005198,1454,4817.88
2024,1,1,2024-01,1643,4940022,853,5791.35
2024,1,1,2024-01,1644,9080032,1825,4975.36
2024,1,1,2024-01,1645,3604179,715,5040.81
2024,1,1,2024-01,1646,3824474,604,6331.91
2024,1,1,2024-01,1647,7220837,973,7421.21
2024,1,1,2024-01,1648,8242054,1342,6141.62
2024,1,1,2024-01,1649,7226690,1647,4387.79
2024,1,1,2024-01,1650,6888403,1579,4362.51
2024,1,1,2024-01,1651,12462592,1667,7476.06
2024,1,1,2024-01,1652,5228011,1023,5110.47
2024,1,1,2024-01,1653,5221018,1190,4387.41
2024,1,1,2024-01,1654,11501403,1860,6183.55
2024,1,1,2024-01,1655,11100647,1787,6211.89
2024,1,1,2024-01,1656,8615759,1346,6401.01
2024,1,1,2024-01,1657,9048795,1791,5052.37
2024,1,1,2024-01,1658,5371709,1322,4063.32
2024,1,1,2024-01,1659,12862333,1727,7447.79
2024,1,1,2024-01,1660,8589888,1728,4971
2024,1,1,2024-01,1661,8774692,1353,6485.36
2024,1,1,2024-01,1662,9792268,1481,6611.93
2024,1,1,2024-01,1663,13050098,2072,6298.31
2024,1,1,2024-01,1664,4574640,892,5128.52
2024,1,1,2024-01,1665,964,5023.47,4842625
2024,1,1,2024-01,1666,2118,6145.71,13016614
2024,1,1,2024-01,1667,748,7105.36,5314809
2024,1,1,2024-01,1668,1972,7415.11,14622597
2024,1,1,2024-01,1669,2010,4503.4,9051834
2024,1,1,2024-01,1670,1461,4662.61,6812073
2024,1,1,2024-01,1671,1782,7423.97,13229515
2024,1,1,2024-01,1672,1720,6588.49,11332203
2024,1,1,2024-01,1673,1780,7225.02,12860536
2024,1,1,2024-01,1674,1413,4799.86,6782202
2024,1,1,2024-01,1675,884,6112.8,5403715
2024,1,1,2024-01,1676,1094,6596.78,7216877
2024,1,1,2024-01,1677,2054,6441.6,13231046
2024,1,1,2024-01,1678,1920,5552.73,10661242
2024,1,1,2024-01,1679,1400,4126.94,5777716
2024,1,1,2024-01,1680,1114,6072.52,6764787
2024,1,1,2024-01,1681,751,4946.78,3715032
2024,1,1,2024-01,1682,1755,5672.01,9954378
2024,1,1,2024-01,1683,1427,7486.61,10683392
2024,1,1,2024-01,1684,1489,5529.5,8233426
2024,1,1,2024-01,1685,1667,7105.55,11844952
2024,1,1,2024-01,1686,1491,4722.27,7040905
2024,1,1,2024-01,1687,1693,6482.39,10974686
2024,1,1,2024-01,1688,1452,7614.67,11056501
2024,1,1,2024-01,1689,1884,4378.45,8249000
2024,1,1,2024-01,1690,957,4063.53,3888798
2024,1,1,2024-01,1691,902,5531.62,4989521
2024,1,1,2024-01,1692,987,4362.85,4306133
2024,1,1,2024-01,1693,676,6737,4554212
2024,1,1,2024-01,1694,1450,7224.55,10475598
2024,1,1,2024-01,1695,2012,5627.33,11322188
2024,1,1,2024-01,1696,1556,4961.78,7720530
2024,1,1,2024-01,1697,619,5606.2,3470238
2024,1,1,2024-01,1698,1809,6586.29,11914599
2024,1,1,2024-01,1699,1642,4088.9,6713974
2024,1,1,2024-01,1700,757,6237.03,4721432
2024,1,1,2024-01,1701,1543,6228.41,9610437
2024,1,1,2024-01,1702,1075,6233.74,6701270
2024,1,1,2024-01,1703,1897,4978.19,9443626
2024,1,1,2024-01,1704,695,6629.82,4607725
2024,1,1,2024-01,1705,1003,4391.1,4404273
2024,1,1,2024-01,1706,1314,4796.8,6302995
2024,1,1,2024-01,1707,1513,7191.38,10880558
2024,1,1,2024-01,1708,1626,6767.26,11003565
2024,1,1,2024-01,1709,1019,4144.06,4222797
2024,1,1,2024-01,1710,1347,4925.67,6634877
2024,1,1,2024-01,1711,1955,4892.31,9564466
2024,1,1,2024-01,1712,1763,5108.02,9005439
2024,1,1,2024-01,1713,1063,4984.26,5298268
2024,1,1,2024-01,1714,891,4302.33,3833376
2024,1,1,2024-01,1715,971,5658.01,5493928
2024,1,1,2024-01,1716,1210,6702.83,8110424
2024,1,1,2024-01,1717,659,6240.49,4112483
2024,1,1,2024-01,1718,543,6457.48,3506412
2024,1,1,2024-01,1719,1136,4381.84,4977770
2024,1,1,2024-01,1720,1310,7455.32,9766469
2024,1,1,2024-01,1721,1297,7073.48,9174304
2024,1,1,2024-01,1722,1552,6976.39,10827357
2024,1,1,2024-01,1723,1244,6933.63,8625436
2024,1,1,2024-01,1724,1102,7338.38,8086895
2024,1,1,2024-01,1725,1997,5959.37,11900862
2024,1,1,2024-01,1726,1236,4862.15,6009617
2024,1,1,2024-01,1727,1112,6287.35,6991533
2024,1,1,2024-01,1728,2140,6740.83,14425376
2024,1,1,2024-01,1729,708,6741.27,4772819
2024,1,1,2024-01,1730,1144,5872.06,6717637
2024,1,1,2024-01,1731,1839,4213.44,7748516
2024,1,1,2024-01,1732,1228,5380.69,6607487
2024,1,1,2024-01,1733,855,7382.32,6311884
2024,1,1,2024-01,1734,1782,6134.74,10932107
2024,1,1,2024-01,1735,1585,5917.67,9379507
2024,1,1,2024-01,1736,1806,4978.43,8991045
2024,1,1,2024-01,1737,1883,5320.96,10019368
2024,1,1,2024-01,1738,533,7223.8,3850285
2024,1,1,2024-01,1739,1053,6383.68,6722015
2024,1,1,2024-01,1740,2043,6873.31,14042172
2024,1,1,2024-01,1741,1387,5655.43,7844081
2024,1,1,2024-01,1742,1222,6335.32,7741761
2024,1,1,2024-01,1743,1070,4902.29,5245450
2024,1,1,2024-01,1744,1622,6586.29,10682962
2024,1,1,2024-01,1745,938,5583.09,5236938
2024,1,1,2024-01,1746,1506,5655.85,8517710
2024,1,1,2024-01,1747,1474,6398.93,9432023
2024,1,1,2024-01,1748,1949,7426.17,14473605
2024,1,1,2024-01,1749,883,4326.68,3820458
2024,1,1,2024-01,1750,924,7024.2,6490361
2024,1,1,2024-01,1751,2023,5116.41,10350497
2024,1,1,2024-01,1752,1233,5612.92,6920730
2024,1,1,2024-01,1753,1987,4177.6,8300891
2024,1,1,2024-01,1754,1745,5102.51,8903880
2024,1,1,2024-01,1755,1638,5838.98,9564249
2024,1,1,2024-01,1756,1847,4222.62,7799179
2024,1,1,2024-01,1757,1308,5771.3,7548860
2024,1,1,2024-01,1758,1119,7350.27,8224952
2024,1,1,2024-01,1759,1952,4426.27,8640079
2024,1,1,2024-01,1760,803,6748.33,5418909
2024,1,1,2024-01,1761,1572,5521.89,8680411
2024,1,1,2024-01,1762,941,6402.68,6024922
2024,1,1,2024-01,1763,1791,4963.94,8890417
2024,1,1,2024-01,1764,1508,4732.55,7136685
2024,1,1,2024-01,1765,1014,4647.94,4713011
2024,1,1,2024-01,1766,1880,4317.73,8117332
2024,1,1,2024-01,1767,1974,4692.28,9262561
2024,1,1,2024-01,1768,1456,6434.06,9367991
2024,1,1,2024-01,1769,873,7213.54,6297420
2024,1,1,2024-01,1770,1738,6961.81,12099626
2024,1,1,2024-01,1771,1052,6566.21,6907653
2024,1,1,2024-01,1772,1686,4378.14,7381544
2024,1,1,2024-01,1773,995,5074.5,5049128
2024,1,1,2024-01,1774,1239,5197.21,6439343
2024,1,1,2024-01,1775,1266,4911.49,6217946
2024,1,1,2024-01,1776,734,5826.61,4276732
2024,1,1,2024-01,1777,1104,5946.07,6564461
2024,1,1,2024-01,1778,1497,5379.8,8053561
2024,1,1,2024-01,1779,869,5282.51,4590501
2024,1,1,2024-01,1780,949,6997.35,6640485
2024,1,1,2024-01,1781,1756,6892.46,12103160
2024,1,1,2024-01,1782,1380,5131.85,7081953
2024,1,1,2024-01,1783,1280,7297.27,9340506
2024,1,1,2024-01,1784,680,7426.78,5050210
2024,1,1,2024-01,1785,1407,5199.88,7316231
2024,1,1,2024-01,1786,1389,5271.73,7322433
2024,1,1,2024-01,1787,2014,5851.24,11784397
2024,1,1,2024-01,1788,1440,7462.35,10745784
2024,1,1,2024-01,1789,977,7254.79,7087930
2024,1,1,2024-01,1790,1208,4482.93,5415379
2024,1,1,2024-01,1791,1513,5466.74,8271178
2024,1,1,2024-01,1792,795,6107.55,4855502
2024,1,1,2024-01,1793,1632,5957.53,9722689
2024,1,1,2024-01,1794,1685,4760.13,8020819
2024,1,1,2024-01,1795,1459,7076.63,10324803
2024,1,1,2024-01,1796,641,6532.22,4187153
2024,1,1,2024-01,1797,1457,6992.55,10188145
2024,1,1,2024-01,1798,1117,7081.13,7909622
2024,1,1,2024-01,1799,840,6633.92,5572493
2024,1,1,2024-01,1800,1958,5658.88,11080087
2024,1,1,2024-01,1801,1261,6132.42,7732982
2024,1,1,2024-01,1802,1768,4677.3,8269466
2024,1,1,2024-01,1803,1156,6542.86,7563546
2024,1,1,2024-01,1804,1534,4777.67,7328946
2024,1,1,2024-01,1805,1165,6476.82,7545495
2024,1,1,2024-01,1806,790,4795.43,3788390
2024,1,1,2024-01,1807,2037,4451.16,9067013
2024,1,1,2024-01,1808,1423,4689.71,6673457
2024,1,1,2024-01,1809,1426,4122.51,5878699
2024,1,1,2024-01,1810,891,6652.01,5926941
2024,1,1,2024-01,1811,1672,6694.55,11193288
2024,1,1,2024-01,1812,1415,6002.19,8493099
2024,1,1,2024-01,1813,1754,4614.67,8094131
2024,1,1,2024-01,1814,1544,4323.94,6676163
2024,1,1,2024-01,1815,1568,4075.89,6390996
2024,1,1,2024-01,1816,1352,4671.29,6315584
2024,1,1,2024-01,1817,1941,7227.28,14028150
2024,1,1,2024-01,1818,1167,4958.96,5787106
2024,1,1,2024-01,1819,1875,5303.24,9943575
2024,1,1,2024-01,1820,1524,4464.88,6804477
2024,1,1,2024-01,1821,1812,4836.24,8763267
2024,1,1,2024-01,1822,1637,5903.92,9664717
2024,1,1,2024-01,1823,810,6223.6,5041116
2024,1,1,2024-01,1824,743,4858.92,3610178
2024,1,1,2024-01,1825,1684,4260.64,7174918
2024,1,1,2024-01,1826,714,5479.79,3912570
2024,1,1,2024-01,1827,2210,4851.24,10721240
2024,1,1,2024-01,1828,2016,4929.47,9937812
2024,1,1,2024-01,1829,1805,7481.45,13504017
2024,1,1,2024-01,1830,836,6228.91,5207369
2024,1,1,2024-01,1831,1397,6015.82,8404101
2024,1,1,2024-01,1832,1852,5604.32,10379201
2024,1,1,2024-01,1833,1956,5552.45,10860592
2024,1,1,2024-01,1834,1433,6001.9,8600723
2024,1,1,2024-01,1835,1390,6582.36,9149480
2024,1,1,2024-01,1836,1342,6587.93,8841002
2024,1,1,2024-01,1837,1924,4647.67,8942117
2024,1,1,2024-01,1838,1121,5880.91,6592500
2024,1,1,2024-01,1839,796,5536.06,4406704
2024,1,1,2024-01,1840,1750,7085.53,12399678
2024,1,1,2024-01,1841,969,6366.03,6168683
2024,1,1,2024-01,1842,1581,5930.94,9376816
2024,1,1,2024-01,1843,2002,4464.49,8937909
2024,1,1,2024-01,1844,1050,6233.06,6544713
2024,1,1,2024-01,1845,1162,4454.9,5176594
2024,1,1,2024-01,1846,1575,5296.77,8342413
2024,1,1,2024-01,1847,887,4520.51,4009692
2024,1,1,2024-01,1848,1053,6501.25,6845816
2024,1,1,2024-01,1849,913,4851.28,4429219
2024,1,1,2024-01,1850,1596,5458.57,8711878
2024,1,1,2024-01,1851,964,7204.97,6945591
2024,1,1,2024-01,1852,1103,4792.76,5286414
2024,1,1,2024-01,1853,1605,5888.63,9451251
2024,1,1,2024-01,1854,1453,5483.74,7967874
2024,1,1,2024-01,1855,1059,4200.26,4448075
2024,1,1,2024-01,1856,1755,6966.36,12225962
2024,1,1,2024-01,1857,1232,4312.65,5313185
2024,1,1,2024-01,1858,749,5742.01,4300765
2024,1,1,2024-01,1859,1113,6059.97,6744747
2024,1,1,2024-01,1860,1973,6340.51,12509826
2024,1,1,2024-01,1861,1879,6535.2,12279641
2024,1,1,2024-01,1862,1485,4974.42,7387014
2024,1,1,2024-01,1863,1759,4159,7315681
2024,1,1,2024-01,1864,1640,6689.76,10971206
2024,1,1,2024-01,1865,1417,5926.59,8397978
2024,1,1,2024-01,1866,1617,7080.26,11448780
2024,1,1,2024-01,1867,1180,7039.67,8306811
2024,1,1,2024-01,1868,778,7078.53,5507096
2024,1,1,2024-01,1869,1136,5816.59,6607646
2024,1,1,2024-01,1870,1910,5236.12,10000989
2024,1,1,2024-01,1871,1158,6827.36,7906083
2024,1,1,2024-01,1872,1160,5754.13,6674791
2024,1,1,2024-01,1873,1622,4654.57,7549713
2024,1,1,2024-01,1874,1215,7183.17,8727552
2024,1,1,2024-01,1875,622,7202.87,4480185
2024,1,1,2024-01,1876,994,5778.84,5744167
2024,1,1,2024-01,1877,2241,4331.99,9707990
2024,1,1,2024-01,1878,858,5485.25,4706344
2024,1,1,2024-01,1879,2041,6944.44,14173602
2024,1,1,2024-01,1880,1239,7244.14,8975489
2024,1,1,2024-01,1881,937,4792.25,4490338
2024,1,1,2024-01,1882,730,4293.44,3134211
2024,1,1,2024-01,1883,2045,7216.18,14757088
2024,1,1,2024-01,1884,1371,5455.06,7478887
2024,1,1,2024-01,1885,1304,6004.41,7829751
2024,1,1,2024-01,1886,659,7464.3,4918974
2024,1,1,2024-01,1887,2045,4240.9,8672640
2024,1,1,2024-01,1888,2045,6374.38,13035607
2024,1,1,2024-01,1889,1337,4333.45,5793823
2024,1,1,2024-01,1890,1089,5351.72,5828023
2024,1,1,2024-01,1891,1813,6950.95,12602072
2024,1,1,2024-01,1892,774,5633.38,4360236
2024,1,1,2024-01,1893,1187,7621.23,9046400
2024,1,1,2024-01,1894,1364,6053.88,8257492
2024,1,1,2024-01,1895,1889,5148.5,9725516
2024,1,1,2024-01,1896,1790,4787.71,8570001
2024,1,1,2024-01,1897,1256,5327.91,6691855
2024,1,1,2024-01,1898,1926,5351.32,10306642
2024,1,1,2024-01,1899,1796,4271.97,7672458
2024,1,1,2024-01,1900,770,5390.58,4150747
2024,1,1,2024-01,1901,1531,5807.02,8890548
2024,1,1,2024-01,1902,1432,6618.47,9477649
2024,1,1,2024-01,1903,1312,6493.45,8519406
2024,1,1,2024-01,1904,1042,6583.14,6859632
2024,1,1,2024-01,1905,670,4116.41,2757995
2024,1,1,2024-01,1906,1026,4879.98,5006859
2024,1,1,2024-01,1907,1366,6465.29,8831586
2024,1,1,2024-01,1908,1076,5800.95,6241822
2024,1,1,2024-01,1909,604,4069.84,2458183
2024,1,1,2024-01,1910,1643,6964.92,11443364
2024,1,1,2024-01,1911,1810,6833.84,12369250
2024,1,1,2024-01,1912,757,5995.64,4538699
2024,1,1,2024-01,1913,1454,4361.46,6341563
2024,1,1,2024-01,1914,1603,6812.92,10921111
2024,1,1,2024-01,1915,484,6107.3,2955933
2024,1,1,2024-01,1916,1020,6808.39,6944558
2024,1,1,2024-01,1917,606,6827.87,4137689
2024,1,1,2024-01,1918,1589,6900.17,10964370
2024,1,1,2024-01,1919,772,5940.79,4586290
2024,1,1,2024-01,1920,1530,4578.18,7004615
2024,1,1,2024-01,1921,1089,6484.93,7062089
2024,1,1,2024-01,1922,1922,6358.02,12220114
2024,1,1,2024-01,1923,893,6750.77,6028438
2024,1,1,2024-01,1924,1220,4704.14,5739051
2024,1,1,2024-01,1925,574,4747.08,2724824
2024,1,1,2024-01,1926,1393,7203.86,10034977
2024,1,1,2024-01,1927,1475,6842.29,10092378
2024,1,1,2024-01,1928,1995,7295.38,14554283
2024,1,1,2024-01,1929,843,6759.74,5698461
2024,1,1,2024-01,1930,2112,6201.9,13098413
2024,1,1,2024-01,1931,1132,6400.53,7245400
2024,1,1,2024-01,1932,2040,7300.88,14893795
2024,1,1,2024-01,1933,1390,6147.81,8545456
2024,1,1,2024-01,1934,1850,6255.51,11572694
2024,1,1,2024-01,1935,1961,4589.08,8999186
2024,1,1,2024-01,1936,1535,5750.3,8826710
2024,1,1,2024-01,1937,2079,6659.92,13845974
2024,1,1,2024-01,1938,683,4958.19,3386444
2024,1,1,2024-01,1939,861,4804.1,4136330
2024,1,1,2024-01,1940,881,5212.32,4592054
2024,1,1,2024-01,1941,558,4961.41,2768467
2024,1,1,2024-01,1942,1277,4823.37,6159443
2024,1,1,2024-01,1943,1713,5622.2,9630829
2024,1,1,2024-01,1944,805,7259.19,5843648
2024,1,1,2024-01,1945,1462,5910.44,8641063
2024,1,1,2024-01,1946,1987,4728.03,9394596
2024,1,1,2024-01,1947,2001,4337.42,8679177
2024,1,1,2024-01,1948,688,6543.08,4501639
2024,1,1,2024-01,1949,1059,5454.41,5776220
2024,1,1,2024-01,1950,1383,6939.71,9597619
2024,1,1,2024-01,1951,1097,6450.92,7076659
2024,1,1,2024-01,1952,1756,6937.44,12182145
2024,1,1,2024-01,1953,1408,5016.62,7063401
2024,1,1,2024-01,1954,1424,6528.23,9296200
2024,1,1,2024-01,1955,596,4963.42,2958198
2024,1,1,2024-01,1956,1618,7354.93,11900277
2024,1,1,2024-01,1957,1628,6337.53,10317499
2024,1,1,2024-01,1958,1726,5226.65,9021198
2024,1,1,2024-01,1959,1651,5006.34,8265467
2024,1,1,2024-01,1960,477,4685.27,2234874
2024,1,1,2024-01,1961,1790,6556.81,11736690
2024,1,1,2024-01,1962,1901,4824.27,9170937
2024,1,1,2024-01,1963,1798,6148.59,11055165
2024,1,1,2024-01,1964,752,5061.55,3806286
2024,1,1,2024-01,1965,1708,6375.95,10890123
2024,1,1,2024-01,1966,1258,6990.16,8793621
2024,1,1,2024-01,1967,2028,6765.87,13721184
2024,1,1,2024-01,1968,1276,6707.52,8558796
2024,1,1,2024-01,1969,926,4751.82,4400185
2024,1,1,2024-01,1970,1003,4361.03,4374113
2024,1,1,2024-01,1971,890,6499,5784110
2024,1,1,2024-01,1972,806,5416.41,4365626
2024,1,1,2024-01,1973,1449,5618.4,8141062
2024,1,1,2024-01,1974,1301,4076.47,5303487
2024,1,1,2024-01,1975,1091,5029.29,5486955
2024,1,1,2024-01,1976,1894,4133.36,7828584
2024,1,1,2024-01,1977,951,7116.93,6768200
2024,1,1,2024-01,1978,1412,4891.54,6906854
2024,1,1,2024-01,1979,1546,6045.15,9345802
2024,1,1,2024-01,1980,1315,4203.61,5527747
2024,1,1,2024-01,1981,1401,6363.65,8915474
2024,1,1,2024-01,1982,615,5148.6,3166389
2024,1,1,2024-01,1983,866,7226.29,6257967
2024,1,1,2024-01,1984,881,7194.24,6338125
2024,1,1,2024-01,1985,1853,5254.53,9736644
2024,1,1,2024-01,1986,836,7252.77,6063316
2024,1,1,2024-01,1987,1417,7643.97,10831505
2024,1,1,2024-01,1988,2057,7051.51,14504956
2024,1,1,2024-01,1989,1441,7096.52,10226085
2024,1,1,2024-01,1990,744,4810.12,3578729
2024,1,1,2024-01,1991,1643,6102.35,10026161
2024,1,1,2024-01,1992,646,4293.39,2773530
2024,1,1,2024-01,1993,1175,4396.98,5166451
2024,1,1,2024-01,1994,1359,7526.6,10228649
2024,1,1,2024-01,1995,1065,5190.67,5528064
2024,1,1,2024-01,1996,1341,6665.72,8938731
2024,1,1,2024-01,1997,2078,6893.69,14325088
2024,1,1,2024-01,1998,2009,7106.74,14277441
2024,1,1,2024-01,1999,1161,7582.42,8803190
2024,1,1,2024-01,2000,1455,4883.31,7105216
2024,1,1,2024-01,2001,673,4196.1,2823975
2024,1,1,2024-01,2002,1659,5504.17,9131418
2024,1,1,2024-01,2003,1350,4533.7,6120495
2024,1,1,2024-01,2004,1167,4122.25,4810666
2024,1,1,2024-01,2005,1949,5274.9,10280780
2024,1,1,2024-01,2006,1781,6807.3,12123801
2024,1,1,2024-01,2007,1518,6063.78,9204818
2024,1,1,2024-01,2008,1209,5155.51,6233012
2024,1,1,2024-01,2009,1029,6329.06,6512603
2024,1,1,2024-01,2010,2008,4918.37,9876087
2024,1,1,2024-01,2011,1596,4126.53,6585942
2024,1,1,2024-01,2012,1034,6757.6,6987358
2024,1,1,2024-01,2013,1210,6276.27,7594287
2024,1,1,2024-01,2014,2100,6729.09,14131089
2024,1,1,2024-01,2015,813,4238.37,3445795
2024,1,1,2024-01,2016,2025,7137,14452425
2024,1,1,2024-01,2017,1401,6239.61,8741694
2024,1,1,2024-01,2018,1747,6123.7,10698104
2024,1,1,2024-01,2019,1842,6248.01,11508834
2024,1,1,2024-01,2020,923,7117.28,6569249
2024,1,1,2024-01,2021,617,6217.01,3835895
2024,1,1,2024-01,2022,1552,6125.77,9507195
2024,1,1,2024-01,2023,1569,7621.95,11958840
2024,1,1,2024-01,2024,1406,6745.35,9483962
2024,1,1,2024-01,2025,792,5556.01,4400360
2024,1,1,2024-01,2026,1274,6686.88,8519085
2024,1,1,2024-01,2027,1095,5438.31,5954949
2024,1,1,2024-01,2028,1829,4883.75,8932379
2024,1,1,2024-01,2029,1570,6154.86,9663130
2024,1,1,2024-01,2030,1310,7403.46,9698533
2024,1,1,2024-01,2031,954,7403.56,7062996
2024,1,1,2024-01,2032,481,5209.37,2505707
2024,1,1,2024-01,2033,1023,5949.06,6085888
2024,1,1,2024-01,2034,1006,4854.77,4883899
2024,1,1,2024-01,2035,1328,7662.69,10176052
2024,1,1,2024-01,2036,1747,7586.05,13252829
2024,1,1,2024-01,2037,1097,6408.49,7030114
2024,1,1,2024-01,2038,854,6903.06,5895213
2024,1,1,2024-01,2039,792,6553.84,5190641
2024,1,1,2024-01,2040,689,6160.67,4244702
2024,1,1,2024-01,2041,1340,4194.99,5621287
2024,1,1,2024-01,2042,907,5648.31,5123017
2024,1,1,2024-01,2043,1608,6431.58,10341981
2024,1,1,2024-01,2044,829,6432.95,5332916
2024,1,1,2024-01,2045,1536,5414.63,8316872
2024,1,1,2024-01,2046,1893,7370.92,13953152
2024,1,1,2024-01,2047,1342,4740.14,6361268
2024,1,1,2024-01,2048,856,5888.53,5040582
2024,1,1,2024-01,2049,732,6576.39,4813917
2024,1,1,2024-01,2050,1982,6514.12,12910986
2024,1,1,2024-01,2051,1852,6381.36,11818279
2024,1,1,2024-01,2052,961,4995.16,4800349
2024,1,1,2024-01,2053,1929,4627.59,8926621
2024,1,1,2024-01,2054,2137,6247.55,13351014
2024,1,1,2024-01,2055,951,6244.36,5938386
2024,1,1,2024-01,2056,962,4671.27,4493762
2024,1,1,2024-01,2057,1465,6587.28,9650365
2024,1,1,2024-01,2058,1894,5705,10805270
2024,1,1,2024-01,2059,1046,6415.54,6710655
2024,1,1,2024-01,2060,1949,7008.86,13660268
2024,1,1,2024-01,2061,1758,4660.57,8193282
2024,1,1,2024-01,2062,1193,4165.59,4969549
2024,1,1,2024-01,2063,916,6830.57,6256802
2024,1,1,2024-01,2064,1464,6260.73,9165709
2024,1,1,2024-01,2065,1460,6589.79,9621093
2024,1,1,2024-01,2066,1453,7038.93,10227565
2024,1,1,2024-01,2067,1976,6916.59,13667182
2024,1,1,2024-01,2068,1821,7491.25,13641566
2024,1,1,2024-01,2069,650,6022.19,3914423
2024,1,1,2024-01,2070,2126,5786.3,12301674
2024,1,1,2024-01,2071,1518,5544.36,8416338
2024,1,1,2024-01,2072,948,4620.32,4380063
2024,1,1,2024-01,2073,922,6068.29,5594963
2024,1,1,2024-01,2074,1234,5046.35,6227196
2024,1,1,2024-01,2075,1460,7293.43,10648408
2024,1,1,2024-01,2076,1880,6078.58,11427730
2024,1,1,2024-01,2077,1712,6200.84,10615838
2024,1,1,2024-01,2078,1769,5361.74,9484918
2024,1,1,2024-01,2079,1394,4244.99,5917516
2024,1,1,2024-01,2080,1787,4176.49,7463388
2024,1,1,2024-01,2081,1111,5543.63,6158973
2024,1,1,2024-01,2082,1058,4370.19,4623661
2024,1,1,2024-01,2083,791,6312.6,4993267
2024,1,1,2024-01,2084,1807,7245.58,13092763
2024,2,1,2024-02,1,1595,7125.29,11364838
2024,2,1,2024-02,2,1771,4814.68,8526798
2024,2,1,2024-02,3,1343,4488.59,6028176
2024,2,1,2024-02,4,1872,4984.01,9330067
2024,2,1,2024-02,5,1532,4219.87,6464841
2024,2,1,2024-02,6,1579,5874.06,9275141
2024,2,1,2024-02,7,1432,7376.67,10563391
2024,2,1,2024-02,8,830,4253.76,3530621
2024,2,1,2024-02,9,894,4523.3,4043830
2024,2,1,2024-02,10,1812,5717.7,10360472
2024,2,1,2024-02,11,1047,7350.52,7695994
2024,2,1,2024-02,12,1922,5176,9948272
2024,2,1,2024-02,13,623,5777.07,3599115
2024,2,1,2024-02,14,1940,4252.29,8249443
2024,2,1,2024-02,15,1830,4647.04,8504083
2024,2,1,2024-02,16,1572,7519.57,11820764
2024,2,1,2024-02,17,735,7564.23,5559709
2024,2,1,2024-02,18,1720,4066.12,6993726
2024,2,1,2024-02,19,1291,7395,9546945
2024,2,1,2024-02,20,733,6317.6,4630801
2024,2,1,2024-02,21,1854,7173.7,13300040
2024,2,1,2024-02,22,1406,5673.74,7977278
2024,2,1,2024-02,23,929,5866.55,5450025
2024,2,1,2024-02,24,1648,5824.1,9598117
2024,2,1,2024-02,25,1480,6461.27,9562680
2024,2,1,2024-02,26,843,4547.88,3833863
2024,2,1,2024-02,27,1783,4149.64,7398808
2024,2,1,2024-02,28,881,5129.55,4519134
2024,2,1,2024-02,29,1893,6586.48,12468207
2024,2,1,2024-02,30,640,4704.7,3011008
2024,2,1,2024-02,31,906,6419.51,5816076
2024,2,1,2024-02,32,1133,7500.82,8498429
2024,2,1,2024-02,33,1503,4357.54,6549383
2024,2,1,2024-02,34,1119,6462.31,7231325
2024,2,1,2024-02,35,1802,5644.43,10171263
2024,2,1,2024-02,36,986,7257.85,7156240
2024,2,1,2024-02,37,1906,4654.79,8872030
2024,2,1,2024-02,38,1042,6521.58,6795486
2024,2,1,2024-02,39,1406,6996.38,9836910
2024,2,1,2024-02,40,969,7505.44,7272771
2024,2,1,2024-02,41,1524,6565.29,10005502
2024,2,1,2024-02,42,1157,5756.5,6660270
2024,2,1,2024-02,43,1504,6248.77,9398150
2024,2,1,2024-02,44,1125,7150.55,8044369
2024,2,1,2024-02,45,1538,6072.88,9340089
2024,2,1,2024-02,46,1167,4145.39,4837670
2024,2,1,2024-02,47,1798,7404.25,13312842
2024,2,1,2024-02,48,1297,6591.52,8549201
2024,2,1,2024-02,49,467,6501.1,3036014
2024,2,1,2024-02,50,1368,4864.93,6655224
2024,2,1,2024-02,51,690,6386.13,4406430
2024,2,1,2024-02,52,1925,5505.47,10598030
2024,2,1,2024-02,53,1029,6420.52,6606715
2024,2,1,2024-02,54,1034,4416.79,4566961
2024,2,1,2024-02,55,925,6387.91,5908817
2024,2,1,2024-02,56,634,7542.13,4781710
2024,2,1,2024-02,57,839,4169.68,3498362
2024,2,1,2024-02,58,1264,7514.42,9498227
2024,2,1,2024-02,59,1862,5457.93,10162666
2024,2,1,2024-02,60,1032,7191.7,7421834
2024,2,1,2024-02,61,1292,6834.11,8829670
2024,2,1,2024-02,62,1704,6099.38,10393344
2024,2,1,2024-02,63,583,6630.09,3865342
2024,2,1,2024-02,64,1929,7241.55,13968950
2024,2,1,2024-02,65,1540,5518.26,8498120
2024,2,1,2024-02,66,2132,5240.24,11172192
2024,2,1,2024-02,67,1905,6475.68,12336170
2024,2,1,2024-02,68,1168,6946.15,8113103
2024,2,1,2024-02,69,1330,6724.19,8943173
2024,2,1,2024-02,70,694,6924.34,4805492
2024,2,1,2024-02,71,908,5572.6,5059921
2024,2,1,2024-02,72,1690,6976.81,11790809
2024,2,1,2024-02,73,1910,4451.79,8502919
2024,2,1,2024-02,74,1476,6070.11,8959482
2024,2,1,2024-02,75,1579,4109.72,6489248
2024,2,1,2024-02,76,2062,5258.67,10843378
2024,2,1,2024-02,77,1156,5328.08,6159260
2024,2,1,2024-02,78,1596,5481.35,8748235
2024,2,1,2024-02,79,2076,6540.74,13578576
2024,2,1,2024-02,80,1093,5445.78,5952238
2024,2,1,2024-02,81,945,5567.47,5261259
2024,2,1,2024-02,82,1165,4992.2,5815913
2024,2,1,2024-02,83,757,5384.66,4076188
2024,2,1,2024-02,84,957,4889.86,4679596
2024,2,1,2024-02,85,1599,4260.23,6812108
2024,2,1,2024-02,86,645,6270.84,4044692
2024,2,1,2024-02,87,1286,6497.34,8355579
2024,2,1,2024-02,88,1612,6300.46,10156342
2024,2,1,2024-02,89,1163,5719.57,6651860
2024,2,1,2024-02,90,1894,5514.72,10444880
2024,2,1,2024-02,91,1784,7173.36,12797274
2024,2,1,2024-02,92,1556,5843.48,9092455
2024,2,1,2024-02,93,917,5773.18,5294006
2024,2,1,2024-02,94,927,4176.56,3871671
2024,2,1,2024-02,95,974,5277.31,5140100
2024,2,1,2024-02,96,1351,5436.87,7345211
2024,2,1,2024-02,97,1697,5542.17,9405062
2024,2,1,2024-02,98,1363,6113.71,8332987
2024,2,1,2024-02,99,897,5939.5,5327732
2024,2,1,2024-02,100,1226,6171.97,7566835
2024,2,1,2024-02,101,660,6695.06,4418740
2024,2,1,2024-02,102,1075,6936.03,7456232
2024,2,1,2024-02,103,1137,6582.27,7484041
2024,2,1,2024-02,104,1611,7447.65,11998164
2024,2,1,2024-02,105,1715,4097.6,7027384
2024,2,1,2024-02,106,690,4706.94,3247789
2024,2,1,2024-02,107,529,4061.23,2148391
2024,2,1,2024-02,108,1224,6384.61,7814763
2024,2,1,2024-02,109,1839,7228.41,13293046
2024,2,1,2024-02,110,1649,4916.44,8107210
2024,2,1,2024-02,111,1159,7449.9,8634434
2024,2,1,2024-02,112,1676,4321.8,7243337
2024,2,1,2024-02,113,1673,7392.21,12367167
2024,2,1,2024-02,114,1553,5321.22,8263855
2024,2,1,2024-02,115,1173,4387.79,5146878
2024,2,1,2024-02,116,880,5767.97,5075814
2024,2,1,2024-02,117,962,4959.72,4771251
2024,2,1,2024-02,118,838,5076.84,4254392
2024,2,1,2024-02,119,866,5149.84,4459761
2024,2,1,2024-02,120,807,6863.88,5539151
2024,2,1,2024-02,121,1485,6003.18,8914722
2024,2,1,2024-02,122,538,5140.31,2765487
2024,2,1,2024-02,123,1714,6315.96,10825555
2024,2,1,2024-02,124,651,6661.97,4336942
2024,2,1,2024-02,125,874,4953.79,4329612
2024,2,1,2024-02,126,1408,5518.29,7769752
2024,2,1,2024-02,127,1574,4564.9,7185153
2024,2,1,2024-02,128,1512,4733.09,7156432
2024,2,1,2024-02,129,1567,6485.17,10162261
2024,2,1,2024-02,130,1059,4599.66,4871040
2024,2,1,2024-02,131,1056,5916.79,6248130
2024,2,1,2024-02,132,1321,6589.94,8705311
2024,2,1,2024-02,133,770,4346.64,3346913
2024,2,1,2024-02,134,1211,6104.07,7392029
2024,2,1,2024-02,135,1414,4939.86,6984962
2024,2,1,2024-02,136,1490,7496.83,11170277
2024,2,1,2024-02,137,1162,5784.52,6721612
2024,2,1,2024-02,138,2004,6913.72,13855095
2024,2,1,2024-02,139,1401,6051.33,8477913
2024,2,1,2024-02,140,1480,4226.14,6254687
2024,2,1,2024-02,141,1869,6432.81,12022922
2024,2,1,2024-02,142,981,7522.3,7379376
2024,2,1,2024-02,143,1322,6152.88,8134107
2024,2,1,2024-02,144,889,7025.55,6245714
2024,2,1,2024-02,145,1365,7170.19,9787309
2024,2,1,2024-02,146,1260,4817.31,6069811
2024,2,1,2024-02,147,1064,4746.71,5050499
2024,2,1,2024-02,148,753,6215.64,4680377
2024,2,1,2024-02,149,1625,5565.99,9044734
2024,2,1,2024-02,150,1366,7052.78,9634097
2024,2,1,2024-02,151,1962,7282.47,14288206
2024,2,1,2024-02,152,1579,5170.65,8164456
2024,2,1,2024-02,153,1205,4891.11,5893788
2024,2,1,2024-02,154,1677,6787.29,11382285
2024,2,1,2024-02,155,1104,4965.22,5481603
2024,2,1,2024-02,156,1543,6930.15,10693221
2024,2,1,2024-02,157,787,5569.11,4382890
2024,2,1,2024-02,158,1068,6462.51,6901961
2024,2,1,2024-02,159,1943,4357.86,8467322
2024,2,1,2024-02,160,695,6304.06,4381322
2024,2,1,2024-02,161,1336,5702.33,7618313
2024,2,1,2024-02,162,1741,6159.92,10724421
2024,2,1,2024-02,163,1194,4617.94,5513820
2024,2,1,2024-02,164,1541,6657.05,10258514
2024,2,1,2024-02,165,1098,7141.96,7841872
2024,2,1,2024-02,166,1776,4797.63,8520591
2024,2,1,2024-02,167,1639,4428.56,7258410
2024,2,1,2024-02,168,1410,4093.3,5771553
2024,2,1,2024-02,169,1013,6359.1,6441768
2024,2,1,2024-02,170,1163,6258.74,7278915
2024,2,1,2024-02,171,1256,6011.78,7550796
2024,2,1,2024-02,172,1781,4839.34,8618865
2024,2,1,2024-02,173,1098,5375.8,5902628
2024,2,1,2024-02,174,1332,6123.23,8156142
2024,2,1,2024-02,175,1510,5847.54,8829785
2024,2,1,2024-02,176,1911,7562.4,14451746
2024,2,1,2024-02,177,1879,4517.26,8487932
2024,2,1,2024-02,178,1756,6548.94,11499939
2024,2,1,2024-02,179,1899,5407.49,10268824
2024,2,1,2024-02,180,1738,5569.99,9680643
2024,2,1,2024-02,181,945,6561.08,6200221
2024,2,1,2024-02,182,1672,6460.63,10802173
2024,2,1,2024-02,183,1708,7560.85,12913932
2024,2,1,2024-02,184,2043,4626.92,9452798
2024,2,1,2024-02,185,1862,4457.76,8300349
2024,2,1,2024-02,186,1056,6583.98,6952683
2024,2,1,2024-02,187,1228,6170.34,7577178
2024,2,1,2024-02,188,1599,4975.22,7955377
2024,2,1,2024-02,189,1792,4409.8,7902362
2024,2,1,2024-02,190,2034,4324.04,8795097
2024,2,1,2024-02,191,1332,7243.78,9648715
2024,2,1,2024-02,192,1995,4835.24,9646304
2024,2,1,2024-02,193,1942,5193.25,10085292
2024,2,1,2024-02,194,1226,4947.79,6065991
2024,2,1,2024-02,195,1018,5318.23,5413958
2024,2,1,2024-02,196,1732,4302.06,7451168
2024,2,1,2024-02,197,1872,5865.01,10979299
2024,2,1,2024-02,198,1279,4363.09,5580392
2024,2,1,2024-02,199,1236,6882.87,8507227
2024,2,1,2024-02,200,1847,4975.92,9190524
2024,2,1,2024-02,201,1937,5951.14,11527358
2024,2,1,2024-02,202,1796,7168.18,12874051
2024,2,1,2024-02,203,1771,6418.8,11367695
2024,2,1,2024-02,204,1084,5949.42,6449171
2024,2,1,2024-02,205,1048,5225.41,5476230
2024,2,1,2024-02,206,1597,5184.35,8279407
2024,2,1,2024-02,207,1984,6444.76,12786404
2024,2,1,2024-02,208,2218,7610.96,16881109
2024,2,1,2024-02,209,1616,6490.2,10488163
2024,2,1,2024-02,210,1427,6021.05,8592038
2024,2,1,2024-02,211,1719,6672.48,11469993
2024,2,1,2024-02,212,1152,5767.84,6644552
2024,2,1,2024-02,213,907,4274.89,3877325
2024,2,1,2024-02,214,677,6107.51,4134784
2024,2,1,2024-02,215,1201,7576.84,9099785
2024,2,1,2024-02,216,731,4683.81,3423865
2024,2,1,2024-02,217,1501,6572.33,9865067
2024,2,1,2024-02,218,1697,4796.79,8140153
2024,2,1,2024-02,219,1058,6003.09,6351269
2024,2,1,2024-02,220,1958,4434.61,8682966
2024,2,1,2024-02,221,1820,5708.62,10389688
2024,2,1,2024-02,222,1614,6793.03,10963950
2024,2,1,2024-02,223,1657,5291.91,8768695
2024,2,1,2024-02,224,1989,6398.51,12726636
2024,2,1,2024-02,225,866,6906.87,5981349
2024,2,1,2024-02,226,1332,7290.76,9711292
2024,2,1,2024-02,227,2048,4921.33,10078884
2024,2,1,2024-02,228,765,5512.64,4217170
2024,2,1,2024-02,229,1620,4593.05,7440741
2024,2,1,2024-02,230,681,7590.36,5169035
2024,2,1,2024-02,231,964,7396.55,7130274
2024,2,1,2024-02,232,1586,6012.81,9536317
2024,2,1,2024-02,233,926,7095.08,6570044
2024,2,1,2024-02,234,799,5946.6,4751333
2024,2,1,2024-02,235,1552,6281.36,9748671
2024,2,1,2024-02,236,827,4375.36,3618423
2024,2,1,2024-02,237,1665,6763.85,11261810
2024,2,1,2024-02,238,1532,4578.66,7014507
2024,2,1,2024-02,239,577,7008.49,4043899
2024,2,1,2024-02,240,889,6898.73,6132971
2024,2,1,2024-02,241,1968,6487.93,12768246
2024,2,1,2024-02,242,1577,4202.16,6626806
2024,2,1,2024-02,243,591,5140.75,3038183
2024,2,1,2024-02,244,1778,4919.77,8747351
2024,2,1,2024-02,245,928,5271.57,4892017
2024,2,1,2024-02,246,1769,4391.52,7768599
2024,2,1,2024-02,247,1323,7395.75,9784577
2024,2,1,2024-02,248,1271,6064,7707344
2024,2,1,2024-02,249,1291,5028.69,6492039
2024,2,1,2024-02,250,993,5518.89,5480258
2024,2,1,2024-02,251,1757,5697.81,10011052
2024,2,1,2024-02,252,728,6132.57,4464511
2024,2,1,2024-02,253,1658,5956.22,9875413
2024,2,1,2024-02,254,1505,7409.03,11150590
2024,2,1,2024-02,255,1006,5766.29,5800888
2024,2,1,2024-02,256,1546,7592.06,11737325
2024,2,1,2024-02,257,931,7095.69,6606087
2024,2,1,2024-02,258,1038,4719.67,4899017
2024,2,1,2024-02,259,1567,7353.45,11522856
2024,2,1,2024-02,260,1175,4536.09,5329906
2024,2,1,2024-02,261,954,6927.26,6608606
2024,2,1,2024-02,262,633,5494.89,3478265
2024,2,1,2024-02,263,1918,7197.77,13805323
2024,2,1,2024-02,264,1962,7110.3,13950409
2024,2,1,2024-02,265,812,6927.01,5624732
2024,2,1,2024-02,266,889,6802.6,6047511
2024,2,1,2024-02,267,799,5161.81,4124286
2024,2,1,2024-02,268,1145,4338.2,4967239
2024,2,1,2024-02,269,1536,5472.92,8406405
2024,2,1,2024-02,270,1445,4611.08,6663011
2024,2,1,2024-02,271,588,6526.71,3837705
2024,2,1,2024-02,272,1583,5299.07,8388428
2024,2,1,2024-02,273,1973,7466.71,14731819
2024,2,1,2024-02,274,834,6387.05,5326800
2024,2,1,2024-02,275,971,6996.35,6793456
2024,2,1,2024-02,276,1509,4492.19,6778715
2024,2,1,2024-02,277,1816,7120.13,12930156
2024,2,1,2024-02,278,1460,7378.09,10772011
2024,2,1,2024-02,279,459,5852.73,2686403
2024,2,1,2024-02,280,1600,6286.35,10058160
2024,2,1,2024-02,281,1717,6859.78,11778242
2024,2,1,2024-02,282,1197,4620.96,5531289
2024,2,1,2024-02,283,765,5814.28,4447924
2024,2,1,2024-02,284,1678,5413.7,9084189
2024,2,1,2024-02,285,788,4628.7,3647416
2024,2,1,2024-02,286,785,5358.28,4206250
2024,2,1,2024-02,287,636,4358.35,2771911
2024,2,1,2024-02,288,1427,4087.12,5832320
2024,2,1,2024-02,289,1215,4508.74,5478119
2024,2,1,2024-02,290,1202,7448.02,8952520
2024,2,1,2024-02,291,1948,6068.96,11822334
2024,2,1,2024-02,292,1988,7525.1,14959899
2024,2,1,2024-02,293,751,5505.76,4134826
2024,2,1,2024-02,294,942,5146.95,4848427
2024,2,1,2024-02,295,1638,5902.12,9667673
2024,2,1,2024-02,296,1481,5672.12,8400410
2024,2,1,2024-02,297,946,4453.46,4212973
2024,2,1,2024-02,298,1876,6346.02,11905134
2024,2,1,2024-02,299,958,4785.46,4584471
2024,2,1,2024-02,300,667,6310.52,4209117
2024,2,1,2024-02,301,1386,6317.36,8755861
2024,2,1,2024-02,302,1388,4527.19,6283740
2024,2,1,2024-02,303,887,4286.61,3802223
2024,2,1,2024-02,304,1584,6815.55,10795831
2024,2,1,2024-02,305,1487,5726.71,8515618
2024,2,1,2024-02,306,1750,4287.74,7503545
2024,2,1,2024-02,307,788,7673.7,6046876
2024,2,1,2024-02,308,1462,4282.78,6261424
2024,2,1,2024-02,309,987,6578.34,6492822
2024,2,1,2024-02,310,1895,7518.76,14248050
2024,2,1,2024-02,311,1247,4941.65,6162238
2024,2,1,2024-02,312,1738,4552.5,7912245
2024,2,1,2024-02,313,1980,4468.52,8847670
2024,2,1,2024-02,314,1953,5096.94,9954324
2024,2,1,2024-02,315,861,4487.83,3864022
2024,2,1,2024-02,316,1288,6520.12,8397915
2024,2,1,2024-02,317,1716,4245.14,7284660
2024,2,1,2024-02,318,1324,5901.12,7813083
2024,2,1,2024-02,319,1015,7583.56,7697313
2024,2,1,2024-02,320,1728,6917.65,11953699
2024,2,1,2024-02,321,1132,6377.42,7219239
2024,2,1,2024-02,322,1774,5093.75,9036312
2024,2,1,2024-02,323,1521,6361.61,9676009
2024,2,1,2024-02,324,1173,5896.8,6916946
2024,2,1,2024-02,325,647,5602.43,3624772
2024,2,1,2024-02,326,816,4519.34,3687781
2024,2,1,2024-02,327,1967,7245.01,14250935
2024,2,1,2024-02,328,1222,5596.35,6838740
2024,2,1,2024-02,329,1067,4683.5,4997294
2024,2,1,2024-02,330,1846,5401.37,9970929
2024,2,1,2024-02,331,776,5451.64,4230473
2024,2,1,2024-02,332,802,6949.24,5573290
2024,2,1,2024-02,333,1510,6663.8,10062338
2024,2,1,2024-02,334,1598,6736.52,10764959
2024,2,1,2024-02,335,772,4045.83,3123381
2024,2,1,2024-02,336,1501,5520.45,8286195
2024,2,1,2024-02,337,1449,5672.46,8219395
2024,2,1,2024-02,338,1202,4064.31,4885301
2024,2,1,2024-02,339,1429,5043.31,7206890
2024,2,1,2024-02,340,1275,6805.76,8677344
2024,2,1,2024-02,341,1159,4648.6,5387727
2024,2,1,2024-02,342,1185,5989.43,7097475
2024,2,1,2024-02,343,1747,4882.93,8530479
2024,2,1,2024-02,344,1660,4083.24,6778178
2024,2,1,2024-02,345,657,4908.4,3224819
2024,2,1,2024-02,346,1814,7547.89,13691872
2024,2,1,2024-02,347,1860,6824.15,12692919
2024,2,1,2024-02,348,950,7495.92,7121124
2024,2,1,2024-02,349,1097,5765.84,6325126
2024,2,1,2024-02,350,1630,4428.8,7218944
2024,2,1,2024-02,351,2095,6052.52,12680029
2024,2,1,2024-02,352,1236,5605.03,6927817
2024,2,1,2024-02,353,777,7064.12,5488821
2024,2,1,2024-02,354,1414,4428.04,6261249
2024,2,1,2024-02,355,676,5771.42,3901480
2024,2,1,2024-02,356,1935,4594.36,8890087
2024,2,1,2024-02,357,1152,5217.5,6010560
2024,2,1,2024-02,358,811,6721.53,5451161
2024,2,1,2024-02,359,831,5743.62,4772948
2024,2,1,2024-02,360,1063,5339.41,5675793
2024,2,1,2024-02,361,1705,5435.86,9268141
2024,2,1,2024-02,362,1328,5677.2,7539322
2024,2,1,2024-02,363,1591,6814.58,10841997
2024,2,1,2024-02,364,1692,7239.88,12249877
2024,2,1,2024-02,365,763,7462.65,5694002
2024,2,1,2024-02,366,828,6861.38,5681223
2024,2,1,2024-02,367,1648,5140.3,8471214
2024,2,1,2024-02,368,1511,6511.95,9839556
2024,2,1,2024-02,369,1751,5673.19,9933756
2024,2,1,2024-02,370,1788,4977.97,8900610
2024,2,1,2024-02,371,1917,7097.5,13605908
2024,2,1,2024-02,372,856,4200.65,3595756
2024,2,1,2024-02,373,567,7237.09,4103430
2024,2,1,2024-02,374,1207,5738.83,6926768
2024,2,1,2024-02,375,1112,6261.67,6962977
2024,2,1,2024-02,376,1876,6378.64,11966329
2024,2,1,2024-02,377,1344,7235.79,9724902
2024,2,1,2024-02,378,1015,6352.48,6447767
2024,2,1,2024-02,379,1677,6299.61,10564446
2024,2,1,2024-02,380,1316,4334.21,5703820
2024,2,1,2024-02,381,1404,5936.14,8334341
2024,2,1,2024-02,382,746,4632.01,3455479
2024,2,1,2024-02,383,1270,6726.6,8542782
2024,2,1,2024-02,384,2036,5829.37,11868597
2024,2,1,2024-02,385,1263,6577.21,8307016
2024,2,1,2024-02,386,1746,4257.23,7433124
2024,2,1,2024-02,387,1896,4352.48,8252302
2024,2,1,2024-02,388,889,6623.06,5887900
2024,2,1,2024-02,389,1588,4256.33,6759052
2024,2,1,2024-02,390,1424,4300.8,6124339
2024,2,1,2024-02,391,2065,4086.77,8439180
2024,2,1,2024-02,392,1313,7441.33,9770466
2024,2,1,2024-02,393,1173,6718.33,7880601
2024,2,1,2024-02,394,1646,5319.96,8756654
2024,2,1,2024-02,395,965,5059.84,4882746
2024,2,1,2024-02,396,1071,5249.75,5622482
2024,2,1,2024-02,397,1583,6725.35,10646229
2024,2,1,2024-02,398,1441,6450.53,9295214
2024,2,1,2024-02,399,562,4707.55,2645643
2024,2,1,2024-02,400,1331,4712.2,6271938
2024,2,1,2024-02,401,616,4550.3,2802985
2024,2,1,2024-02,402,816,6366.69,5195219
2024,2,1,2024-02,403,1098,6791.93,7457539
2024,2,1,2024-02,404,1085,5066.55,5497207
2024,2,1,2024-02,405,1076,4111.58,4424060
2024,2,1,2024-02,406,1359,4336.04,5892678
2024,2,1,2024-02,407,1040,7524.68,7825667
2024,2,1,2024-02,408,1544,5224.14,8066072
2024,2,1,2024-02,409,1477,6823.1,10077719
2024,2,1,2024-02,410,1867,6242.48,11654710
2024,2,1,2024-02,411,1509,5384.8,8125663
2024,2,1,2024-02,412,1375,4768.55,6556756
2024,2,1,2024-02,413,1382,4408.87,6093058
2024,2,1,2024-02,414,826,6238.92,5153348
2024,2,1,2024-02,415,1352,6814.04,9212582
2024,2,1,2024-02,416,1778,6350.9,11291900
2024,2,1,2024-02,417,1616,5879.61,9501450
2024,2,1,2024-02,418,949,4223.82,4008405
2024,2,1,2024-02,419,1091,7458.77,8137518
2024,2,1,2024-02,420,1169,6888.58,8052750
2024,2,1,2024-02,421,2002,5066.96,10144054
2024,2,1,2024-02,422,807,7595.84,6129843
2024,2,1,2024-02,423,992,6168.56,6119212
2024,2,1,2024-02,424,1264,6190.75,7825108
2024,2,1,2024-02,425,1621,6725.39,10901857
2024,2,1,2024-02,426,1520,6964.65,10586268
2024,2,1,2024-02,427,1141,6397.29,7299308
2024,2,1,2024-02,428,999,4476.26,4471784
2024,2,1,2024-02,429,1344,5280.25,7096656
2024,2,1,2024-02,430,955,7340.02,7009719
2024,2,1,2024-02,431,1423,4872.13,6933041
2024,2,1,2024-02,432,1497,5409.71,8098336
2024,2,1,2024-02,433,634,5681.39,3602001
2024,2,1,2024-02,434,1562,5642.82,8814085
2024,2,1,2024-02,435,1793,6281.77,11263214
2024,2,1,2024-02,436,1075,7442.41,8000591
2024,2,1,2024-02,437,1635,4904.88,8019479
2024,2,1,2024-02,438,1479,4521.72,6687624
2024,2,1,2024-02,439,1401,4755.72,6662764
2024,2,1,2024-02,440,2186,7194.43,15727024
2024,2,1,2024-02,441,505,6306.56,3184813
2024,2,1,2024-02,442,1281,5105.16,6539710
2024,2,1,2024-02,443,1535,6935.04,10645286
2024,2,1,2024-02,444,1282,7150.42,9166838
2024,2,1,2024-02,445,1276,7069.52,9020708
2024,2,1,2024-02,446,795,7314.02,5814646
2024,2,1,2024-02,447,765,4917.21,3761666
2024,2,1,2024-02,448,1262,6802.57,8584843
2024,2,1,2024-02,449,1710,5679.11,9711278
2024,2,1,2024-02,450,1218,7124.65,8677824
2024,2,1,2024-02,451,982,6612.8,6493770
2024,2,1,2024-02,452,1281,6888,8823528
2024,2,1,2024-02,453,1704,6396.19,10899108
2024,2,1,2024-02,454,1898,4728.77,8975205
2024,2,1,2024-02,455,1410,5938.7,8373567
2024,2,1,2024-02,456,1914,7501.85,14358541
2024,2,1,2024-02,457,565,7404.07,4183300
2024,2,1,2024-02,458,1256,4167.01,5233765
2024,2,1,2024-02,459,1654,4704.99,7782053
2024,2,1,2024-02,460,1983,4543.91,9010574
2024,2,1,2024-02,461,1540,6611.7,10182018
2024,2,1,2024-02,462,1626,6925.75,11261270
2024,2,1,2024-02,463,1404,4805.37,6746739
2024,2,1,2024-02,464,1085,5832.36,6328111
2024,2,1,2024-02,465,1284,7070.93,9079074
2024,2,1,2024-02,466,1687,6661.49,11237934
2024,2,1,2024-02,467,1448,6039.88,8745746
2024,2,1,2024-02,468,924,6186.83,5716631
2024,2,1,2024-02,469,1049,5827.82,6113383
2024,2,1,2024-02,470,1649,5098.04,8406668
2024,2,1,2024-02,471,1360,6029.42,8200011
2024,2,1,2024-02,472,1905,6469.92,12325198
2024,2,1,2024-02,473,1781,7083.85,12616337
2024,2,1,2024-02,474,1250,6364.11,7955138
2024,2,1,2024-02,475,1960,6823.81,13374668
2024,2,1,2024-02,476,1098,4583.88,5033100
2024,2,1,2024-02,477,1439,5651.43,8132408
2024,2,1,2024-02,478,1496,4117.53,6159825
2024,2,1,2024-02,479,967,4899.42,4737739
2024,2,1,2024-02,480,1729,6699.74,11583850
2024,2,1,2024-02,481,771,7553.73,5823926
2024,2,1,2024-02,482,1855,4315.55,8005345
2024,2,1,2024-02,483,1503,5480.96,8237883
2024,2,1,2024-02,484,1639,6877.5,11272222
2024,2,1,2024-02,485,1172,4791.28,5615380
2024,2,1,2024-02,486,2000,6017.29,12034580
2024,2,1,2024-02,487,1942,6691.85,12995573
2024,2,1,2024-02,488,1595,6268.59,9998401
2024,2,1,2024-02,489,1714,4742.38,8128439
2024,2,1,2024-02,490,1601,5331.44,8535635
2024,2,1,2024-02,491,651,6846.24,4456902
2024,2,1,2024-02,492,1538,5967.05,9177323
2024,2,1,2024-02,493,1444,4095.22,5913498
2024,2,1,2024-02,494,928,6798.13,6308665
2024,2,1,2024-02,495,1788,4200.38,7510279
2024,2,1,2024-02,496,1506,6701.87,10093016
2024,2,1,2024-02,497,1146,4805.69,5507321
2024,2,1,2024-02,498,1034,7476.66,7730866
2024,2,1,2024-02,499,951,5399.46,5134886
2024,2,1,2024-02,500,1044,5217.73,5447310
2024,2,1,2024-02,501,1119,4524.32,5062714
2024,2,1,2024-02,502,1730,5137.79,8888377
2024,2,1,2024-02,503,1706,7133.78,12170229
2024,2,1,2024-02,504,926,7581.21,7020200
2024,2,1,2024-02,505,773,5372.71,4153105
2024,2,1,2024-02,506,1148,5698.92,6542360
2024,2,1,2024-02,507,1538,6656.76,10238097
2024,2,1,2024-02,508,1568,7219.81,11320662
2024,2,1,2024-02,509,1601,6224.14,9964848
2024,2,1,2024-02,510,1660,5453.5,9052810
2024,2,1,2024-02,511,1452,5535.49,8037531
2024,2,1,2024-02,512,1204,6515.66,7844855
2024,2,1,2024-02,513,1361,4022.42,5474514
2024,2,1,2024-02,514,1386,6287.43,8714378
2024,2,1,2024-02,515,1852,5252.67,9727945
2024,2,1,2024-02,516,926,6841.36,6335099
2024,2,1,2024-02,517,1860,4397.77,8179852
2024,2,1,2024-02,518,1373,6112.55,8392531
2024,2,1,2024-02,519,1025,5770.24,5914496
2024,2,1,2024-02,520,814,6349.85,5168778
2024,2,1,2024-02,521,1290,4264.51,5501218
2024,2,1,2024-02,522,1372,6124.01,8402142
2024,2,1,2024-02,523,667,6057.62,4040433
2024,2,1,2024-02,524,2012,6001.49,12074998
2024,2,1,2024-02,525,1498,6229.7,9332091
2024,2,1,2024-02,526,1503,6373.24,9578980
2024,2,1,2024-02,527,1162,7006.17,8141170
2024,2,1,2024-02,528,1631,5042.62,8224513
2024,2,1,2024-02,529,1166,7038.93,8207392
2024,2,1,2024-02,530,1847,5860.68,10824676
2024,2,1,2024-02,531,1684,4331.2,7293741
2024,2,1,2024-02,532,1905,4232.57,8063046
2024,2,1,2024-02,533,1469,5246.55,7707182
2024,2,1,2024-02,534,1750,6887.82,12053685
2024,2,1,2024-02,535,760,6538.6,4969336
2024,2,1,2024-02,536,846,6870.49,5812435
2024,2,1,2024-02,537,588,5817.05,3420425
2024,2,1,2024-02,538,1658,5588.07,9265020
2024,2,1,2024-02,539,1853,4544.81,8421533
2024,2,1,2024-02,540,959,5301.77,5084397
2024,2,1,2024-02,541,1365,5542.29,7565226
2024,2,1,2024-02,542,769,4392.1,3377525
2024,2,1,2024-02,543,1214,4915.35,5967235
2024,2,1,2024-02,544,1304,6231.64,8126059
2024,2,1,2024-02,545,611,6743.59,4120333
2024,2,1,2024-02,546,1195,7684.38,9182834
2024,2,1,2024-02,547,1120,7379.78,8265354
2024,2,1,2024-02,548,1507,6365.45,9592733
2024,2,1,2024-02,549,1380,5565.83,7680845
2024,2,1,2024-02,550,925,6342.99,5867266
2024,2,1,2024-02,551,748,6871.86,5140151
2024,2,1,2024-02,552,1186,4557.19,5404827
2024,2,1,2024-02,553,1404,5529.86,7763923
2024,2,1,2024-02,554,1445,7002.52,10118641
2024,2,1,2024-02,555,1764,5450.83,9615264
2024,2,1,2024-02,556,929,6125.57,5690655
2024,2,1,2024-02,557,1678,6112.22,10256305
2024,2,1,2024-02,558,1834,4676.27,8576279
2024,2,1,2024-02,559,1187,5390,6397930
2024,2,1,2024-02,560,1941,5224.64,10141026
2024,2,1,2024-02,561,1414,4133.65,5844981
2024,2,1,2024-02,562,1268,4124.36,5229688
2024,2,1,2024-02,563,1436,7027.65,10091705
2024,2,1,2024-02,564,1922,5079.79,9763356
2024,2,1,2024-02,565,1061,5931.48,6293300
2024,2,1,2024-02,566,1442,5100.57,7355022
2024,2,1,2024-02,567,916,7464.37,6837363
2024,2,1,2024-02,568,1340,5020.29,6727189
2024,2,1,2024-02,569,1859,5631.62,10469182
2024,2,1,2024-02,570,1742,7205.73,12552382
2024,2,1,2024-02,571,1572,7029.86,11050940
2024,2,1,2024-02,572,708,4679.49,3313079
2024,2,1,2024-02,573,1242,6898.07,8567403
2024,2,1,2024-02,574,1651,5732.99,9465166
2024,2,1,2024-02,575,675,5723.45,3863329
2024,2,1,2024-02,576,1707,4474.58,7638108
2024,2,1,2024-02,577,792,4264.1,3377167
2024,2,1,2024-02,578,916,6591.13,6037475
2024,2,1,2024-02,579,1471,5789.01,8515634
2024,2,1,2024-02,580,1396,5618.15,7842937
2024,2,1,2024-02,581,1844,6601.42,12173018
2024,2,1,2024-02,582,863,6811.06,5877945
2024,2,1,2024-02,583,1116,4626.21,5162850
2024,2,1,2024-02,584,1110,6137.14,6812225
2024,2,1,2024-02,585,1931,4539.59,8765948
2024,2,1,2024-02,586,1048,6737.36,7060753
2024,2,1,2024-02,587,1346,6481.48,8724072
2024,2,1,2024-02,588,1421,7471.72,10617314
2024,2,1,2024-02,589,605,4224.7,2555944
2024,2,1,2024-02,590,1014,4272.32,4332132
2024,2,1,2024-02,591,1050,5070.41,5323930
2024,2,1,2024-02,592,1714,5016.95,8599052
2024,2,1,2024-02,593,868,5056.02,4388625
2024,2,1,2024-02,594,863,7257.6,6263309
2024,2,1,2024-02,595,1183,4917.12,5816953
2024,2,1,2024-02,596,1378,5047.27,6955138
2024,2,1,2024-02,597,1157,6841.67,7915812
2024,2,1,2024-02,598,1787,5688.58,10165492
2024,2,1,2024-02,599,1238,6805.67,8425419
2024,2,1,2024-02,600,1930,4335.87,8368229
2024,2,1,2024-02,601,767,5873.63,4505074
2024,2,1,2024-02,602,1585,4144.04,6568303
2024,2,1,2024-02,603,1681,4236.87,7122178
2024,2,1,2024-02,604,1481,7284.91,10788952
2024,2,1,2024-02,605,927,4567.81,4234360
2024,2,1,2024-02,606,1317,6014.67,7921320
2024,2,1,2024-02,607,1514,5499.87,8326803
2024,2,1,2024-02,608,1763,5312.34,9365655
2024,2,1,2024-02,609,1985,7328.97,14548005
2024,2,1,2024-02,610,1708,4146.79,7082717
2024,2,1,2024-02,611,1675,6401.76,10722948
2024,2,1,2024-02,612,1181,7510.59,8870007
2024,2,1,2024-02,613,1564,6036.2,9440617
2024,2,1,2024-02,614,798,7405.64,5909701
2024,2,1,2024-02,615,1493,4236.54,6325154
2024,2,1,2024-02,616,1627,5541.84,9016574
2024,2,1,2024-02,617,1312,4966.1,6515523
2024,2,1,2024-02,618,980,6632.09,6499448
2024,2,1,2024-02,619,1616,7593.33,12270821
2024,2,1,2024-02,620,1371,4979.87,6827402
2024,2,1,2024-02,621,1616,6442.67,10411355
2024,2,1,2024-02,622,1458,4662.27,6797590
2024,2,1,2024-02,623,1605,6046.03,9703878
2024,2,1,2024-02,624,1302,5675.52,7389527
2024,2,1,2024-02,625,916,7504.13,6873783
2024,2,1,2024-02,626,1261,6176.59,7788680
2024,2,1,2024-02,627,1203,5229.62,6291233
2024,2,1,2024-02,628,1087,4495.08,4886152
2024,2,1,2024-02,629,1473,4570.24,6731964
2024,2,1,2024-02,630,1682,4885.34,8217142
2024,2,1,2024-02,631,1499,4898.52,7342881
2024,2,1,2024-02,632,1015,7010.27,7115424
2024,2,1,2024-02,633,1369,6065.67,8303902
2024,2,1,2024-02,634,1713,5948.75,10190209
2024,2,1,2024-02,635,1756,4439.52,7795797
2024,2,1,2024-02,636,1865,7071.99,13189261
2024,2,1,2024-02,637,1721,6685.65,11506004
2024,2,1,2024-02,638,739,4297.16,3175601
2024,2,1,2024-02,639,1852,6531.25,12095875
2024,2,1,2024-02,640,1682,5924.56,9965110
2024,2,1,2024-02,641,1441,4318.74,6223304
2024,2,1,2024-02,642,1314,5671.08,7451799
2024,2,1,2024-02,643,1812,5817.01,10540422
2024,2,1,2024-02,644,646,4647.85,3002511
2024,2,1,2024-02,645,1840,7415.91,13645274
2024,2,1,2024-02,646,1751,7040.43,12327793
2024,2,1,2024-02,647,1117,6500.28,7260813
2024,2,1,2024-02,648,1965,5746.97,11292796
2024,2,1,2024-02,649,1914,5563.69,10648903
2024,2,1,2024-02,650,985,6371.23,6275662
2024,2,1,2024-02,651,1198,6016.71,7208019
2024,2,1,2024-02,652,1979,4164.67,8241882
2024,2,1,2024-02,653,737,5890.67,4341424
2024,2,1,2024-02,654,1738,7013.21,12188959
2024,2,1,2024-02,655,1542,5666.05,8737049
2024,2,1,2024-02,656,1676,4199.51,7038379
2024,2,1,2024-02,657,1763,6848.7,12074258
2024,2,1,2024-02,658,2176,4736.39,10306385
2024,2,1,2024-02,659,842,4937.17,4157097
2024,2,1,2024-02,660,1310,4656.73,6100316
2024,2,1,2024-02,661,1713,5270.45,9028281
2024,2,1,2024-02,662,856,6762.45,5788657
2024,2,1,2024-02,663,782,5854.46,4578188
2024,2,1,2024-02,664,1279,4757.55,6084906
2024,2,1,2024-02,665,703,7195.12,5058169
2024,2,1,2024-02,666,1675,7216.48,12087604
2024,2,1,2024-02,667,2079,7145.52,14855536
2024,2,1,2024-02,668,715,4868.06,3480663
2024,2,1,2024-02,669,1161,5698.56,6616028
2024,2,1,2024-02,670,1387,7643.29,10601243
2024,2,1,2024-02,671,1934,6854.95,13257473
2024,2,1,2024-02,672,1524,4245.01,6469395
2024,2,1,2024-02,673,1083,4263.01,4616840
2024,2,1,2024-02,674,991,5755.26,5703463
2024,2,1,2024-02,675,1439,7350.27,10577039
2024,2,1,2024-02,676,1235,5952.81,7351720
2024,2,1,2024-02,677,1831,5792.17,10605463
2024,2,1,2024-02,678,1480,4390.92,6498562
2024,2,1,2024-02,679,933,6390.52,5962355
2024,2,1,2024-02,680,635,6914.75,4390866
2024,2,1,2024-02,681,1040,5487.9,5707416
2024,2,1,2024-02,682,781,6759.41,5279099
2024,2,1,2024-02,683,1777,7507.77,13341307
2024,2,1,2024-02,684,1724,4681.86,8071527
2024,2,1,2024-02,685,1766,6012.1,10617369
2024,2,1,2024-02,686,1384,5136.39,7108764
2024,2,1,2024-02,687,1545,6806.77,10516460
2024,2,1,2024-02,688,1338,6126.75,8197592
2024,2,1,2024-02,689,1520,6304.81,9583311
2024,2,1,2024-02,690,591,6903.46,4079945
2024,2,1,2024-02,691,704,5495.76,3869015
2024,2,1,2024-02,692,1117,7277.14,8128565
2024,2,1,2024-02,693,1386,5952.14,8249666
2024,2,1,2024-02,694,643,4539.36,2918808
2024,2,1,2024-02,695,1425,6537.46,9315880
2024,2,1,2024-02,696,1867,6787.28,12671852
2024,2,1,2024-02,697,706,5244.27,3702455
2024,2,1,2024-02,698,1209,7041.32,8512956
2024,2,1,2024-02,699,1787,7294.59,13035432
2024,2,1,2024-02,700,779,5081.06,3958146
2024,2,1,2024-02,701,1309,7640.39,10001271
2024,2,1,2024-02,702,1944,4639.28,9018760
2024,2,1,2024-02,703,1758,4840.2,8509072
2024,2,1,2024-02,704,2006,4713.49,9455261
2024,2,1,2024-02,705,1830,7288.34,13337662
2024,2,1,2024-02,706,635,6398.19,4062851
2024,2,1,2024-02,707,1892,4616.24,8733926
2024,2,1,2024-02,708,1839,5596.98,10292846
2024,2,1,2024-02,709,1711,6325.47,10822879
2024,2,1,2024-02,710,2041,4319.77,8816651
2024,2,1,2024-02,711,2079,7148.81,14862376
2024,2,1,2024-02,712,1642,6935.06,11387369
2024,2,1,2024-02,713,1157,5774.98,6681652
2024,2,1,2024-02,714,1225,7503.5,9191788
2024,2,1,2024-02,715,1739,5618.22,9770085
2024,2,1,2024-02,716,1527,7577.28,11570507
2024,2,1,2024-02,717,1877,6435.65,12079715
2024,2,1,2024-02,718,1331,6278.2,8356284
2024,2,1,2024-02,719,1360,4581.64,6231030
2024,2,1,2024-02,720,1527,7234.1,11046471
2024,2,1,2024-02,721,1112,5580.52,6205538
2024,2,1,2024-02,722,1285,4664.11,5993381
2024,2,1,2024-02,723,1836,4005.29,7353712
2024,2,1,2024-02,724,1304,6082.54,7931632
2024,2,1,2024-02,725,902,6023.9,5433558
2024,2,1,2024-02,726,1589,6677.48,10610516
2024,2,1,2024-02,727,1788,7238.21,12941919
2024,2,1,2024-02,728,2053,4294.47,8816547
2024,2,1,2024-02,729,1268,6665.79,8452222
2024,2,1,2024-02,730,886,4732.48,4192977
2024,2,1,2024-02,731,1271,7088.48,9009458
2024,2,1,2024-02,732,1796,6952.83,12487283
2024,2,1,2024-02,733,1523,6076.6,9254662
2024,2,1,2024-02,734,992,6541.27,6488940
2024,2,1,2024-02,735,1285,5157.63,6627555
2024,2,1,2024-02,736,1411,5759.83,8127120
2024,2,1,2024-02,737,690,7078.99,4884503
2024,2,1,2024-02,738,1512,5678.7,8586194
2024,2,1,2024-02,739,1168,5250.49,6132572
2024,2,1,2024-02,740,1586,5720.38,9072523
2024,2,1,2024-02,741,1898,7117.76,13509508
2024,2,1,2024-02,742,1686,5165.18,8708493
2024,2,1,2024-02,743,1401,4680.42,6557268
2024,2,1,2024-02,744,1188,6522.96,7749276
2024,2,1,2024-02,745,1343,6960.79,9348341
2024,2,1,2024-02,746,1298,4387.8,5695364
2024,2,1,2024-02,747,1451,4824.11,6999784
2024,2,1,2024-02,748,1424,4618.81,6577185
2024,2,1,2024-02,749,1763,5315.77,9371703
2024,2,1,2024-02,750,977,5641.34,5511589
2024,2,1,2024-02,751,1385,6696.06,9274043
2024,2,1,2024-02,752,923,6423.57,5928955
2024,2,1,2024-02,753,1354,6271.18,8491178
2024,2,1,2024-02,754,963,5406,5205978
2024,2,1,2024-02,755,743,7031.15,5224144
2024,2,1,2024-02,756,1215,5754.15,6991292
2024,2,1,2024-02,757,1405,7485.39,10516973
2024,2,1,2024-02,758,1832,6294.62,11531744
2024,2,1,2024-02,759,1764,4554.79,8034650
2024,2,1,2024-02,760,1422,6516.64,9266662
2024,2,1,2024-02,761,1524,5298.03,8074198
2024,2,1,2024-02,762,1594,6519.71,10392418
2024,2,1,2024-02,763,1541,4362.36,6722397
2024,2,1,2024-02,764,897,4709.06,4224027
2024,2,1,2024-02,765,1743,7083.52,12346575
2024,2,1,2024-02,766,505,4798.82,2423404
2024,2,1,2024-02,767,812,7025.21,5704471
2024,2,1,2024-02,768,1535,5000.67,7676028
2024,2,1,2024-02,769,658,6392.65,4206364
2024,2,1,2024-02,770,1325,6577.51,8715201
2024,2,1,2024-02,771,1962,5836.41,11451036
2024,2,1,2024-02,772,821,5194.84,4264964
2024,2,1,2024-02,773,1752,4762.15,8343287
2024,2,1,2024-02,774,1378,4242.13,5845655
2024,2,1,2024-02,775,1466,5132.66,7524480
2024,2,1,2024-02,776,1382,6402.4,8848117
2024,2,1,2024-02,777,1894,7460.94,14131020
2024,2,1,2024-02,778,801,7183.97,5754360
2024,2,1,2024-02,779,1522,6777.22,10314929
2024,2,1,2024-02,780,1039,6902.18,7171365
2024,2,1,2024-02,781,1044,6380.25,6660981
2024,2,1,2024-02,782,912,4897.88,4466867
2024,2,1,2024-02,783,1324,7336.66,9713738
2024,2,1,2024-02,784,893,6385.16,5701948
2024,2,1,2024-02,785,1109,6093.51,6757703
2024,2,1,2024-02,786,1158,4460.14,5164842
2024,2,1,2024-02,787,1221,5648.18,6896428
2024,2,1,2024-02,788,2104,5653.61,11895195
2024,2,1,2024-02,789,1486,7113.23,10570260
2024,2,1,2024-02,790,1614,6003.6,9689810
2024,2,1,2024-02,791,1367,5420.74,7410152
2024,2,1,2024-02,792,1379,7491.97,10331427
2024,2,1,2024-02,793,1930,4486.29,8658540
2024,2,1,2024-02,794,649,5598.01,3633108
2024,2,1,2024-02,795,1569,4230.32,6637372
2024,2,1,2024-02,796,1413,6670.46,9425360
2024,2,1,2024-02,797,1711,7362.46,12597169
2024,2,1,2024-02,798,1119,5082.86,5687720
2024,2,1,2024-02,799,684,7023.43,4804026
2024,2,1,2024-02,800,331,5107.74,1690662
2024,2,1,2024-02,801,1221,7384.8,9016841
2024,2,1,2024-02,802,1347,6783.93,9137954
2024,2,1,2024-02,803,2103,6973.26,14664766
2024,2,1,2024-02,804,1066,4091.59,4361635
2024,2,1,2024-02,805,1442,7488.51,10798431
2024,2,1,2024-02,806,984,6634.91,6528751
2024,2,1,2024-02,807,702,5142.7,3610175
2024,2,1,2024-02,808,1832,6985.29,12797051
2024,2,1,2024-02,809,624,5004.61,3122877
2024,2,1,2024-02,810,1474,7165.51,10561962
2024,2,1,2024-02,811,651,4424.31,2880226
2024,2,1,2024-02,812,890,6587.78,5863124
2024,2,1,2024-02,813,1066,5980.45,6375160
2024,2,1,2024-02,814,985,4315.66,4250925
2024,2,1,2024-02,815,889,4981.46,4428518
2024,2,1,2024-02,816,1148,4122.8,4732974
2024,2,1,2024-02,817,1877,5705.43,10709092
2024,2,1,2024-02,818,933,5115.27,4772547
2024,2,1,2024-02,819,1561,6131.6,9571428
2024,2,1,2024-02,820,913,5113.27,4668416
2024,2,1,2024-02,821,954,5156.27,4919082
2024,2,1,2024-02,822,1612,6780.42,10930037
2024,2,1,2024-02,823,1185,4226.31,5008177
2024,2,1,2024-02,824,1214,7272,8828208
2024,2,1,2024-02,825,1360,7143.42,9715051
2024,2,1,2024-02,826,1049,6381.67,6694372
2024,2,1,2024-02,827,1961,6175.15,12109469
2024,2,1,2024-02,828,1384,7198.1,9962170
2024,2,1,2024-02,829,1906,4724.04,9004020
2024,2,1,2024-02,830,1875,4382.07,8216381
2024,2,1,2024-02,831,1263,4836.45,6108436
2024,2,1,2024-02,832,1215,6934.63,8425575
2024,2,1,2024-02,833,609,4198.58,2556935
2024,2,1,2024-02,834,1082,6137.86,6641165
2024,2,1,2024-02,835,724,7659.45,5545442
2024,2,1,2024-02,836,1840,7066.38,13002139
2024,2,1,2024-02,837,1153,5853.07,6748590
2024,2,1,2024-02,838,1318,4239.31,5587411
2024,2,1,2024-02,839,1407,7039.44,9904492
2024,2,1,2024-02,840,1804,6166.8,11124907
2024,2,1,2024-02,841,621,4428.5,2750098
2024,2,1,2024-02,842,1286,4348.88,5592660
2024,2,1,2024-02,843,1718,7301.6,12544149
2024,2,1,2024-02,844,1487,6437.54,9572622
2024,2,1,2024-02,845,758,6944.2,5263704
2024,2,1,2024-02,846,1143,7122.41,8140915
2024,2,1,2024-02,847,1816,6068.62,11020614
2024,2,1,2024-02,848,913,5940.46,5423640
2024,2,1,2024-02,849,850,5570.54,4734959
2024,2,1,2024-02,850,1526,5119.72,7812693
2024,2,1,2024-02,851,1802,5600.63,10092335
2024,2,1,2024-02,852,1677,6812.73,11424948
2024,2,1,2024-02,853,908,6132.72,5568510
2024,2,1,2024-02,854,1465,7178.12,10515946
2024,2,1,2024-02,855,1508,5669.24,8549214
2024,2,1,2024-02,856,660,6162.55,4067283
2024,2,1,2024-02,857,918,6339.41,5819578
2024,2,1,2024-02,858,1611,6093.58,9816757
2024,2,1,2024-02,859,1458,6489.75,9462056
2024,2,1,2024-02,860,588,4904.46,2883822
2024,2,1,2024-02,861,894,5847.11,5227316
2024,2,1,2024-02,862,1904,4405.66,8388377
2024,2,1,2024-02,863,1717,5433.25,9328890
2024,2,1,2024-02,864,1359,5767.86,7838522
2024,2,1,2024-02,865,1354,6335.75,8578606
2024,2,1,2024-02,866,712,7461.27,5312424
2024,2,1,2024-02,867,1007,6203.15,6246572
2024,2,1,2024-02,868,438,6705.27,2936908
2024,2,1,2024-02,869,1753,5858.57,10270073
2024,2,1,2024-02,870,738,6277.89,4633083
2024,2,1,2024-02,871,800,4265.87,3412696
2024,2,1,2024-02,872,815,4948.21,4032791
2024,2,1,2024-02,873,897,5310.51,4763527
2024,2,1,2024-02,874,1130,5738.73,6484765
2024,2,1,2024-02,875,1685,4203.81,7083420
2024,2,1,2024-02,876,1316,4557.84,5998117
2024,2,1,2024-02,877,699,5039.28,3522457
2024,2,1,2024-02,878,2054,7593.31,15596659
2024,2,1,2024-02,879,1455,5175,7529625
2024,2,1,2024-02,880,1054,5764.81,6076110
2024,2,1,2024-02,881,1701,4706.58,8005893
2024,2,1,2024-02,882,691,6209.3,4290626
2024,2,1,2024-02,883,1666,5020.45,8364070
2024,2,1,2024-02,884,1792,4823.92,8644465
2024,2,1,2024-02,885,1258,5829.71,7333775
2024,2,1,2024-02,886,836,4113.82,3439154
2024,2,1,2024-02,887,1185,4110.19,4870575
2024,2,1,2024-02,888,706,4930.61,3481011
2024,2,1,2024-02,889,1106,4270.82,4723527
2024,2,1,2024-02,890,1721,4407.34,7585032
2024,2,1,2024-02,891,1915,5319.75,10187321
2024,2,1,2024-02,892,1721,6898.5,11872318
2024,2,1,2024-02,893,2136,6107.01,13044573
2024,2,1,2024-02,894,1016,5959.55,6054903
2024,2,1,2024-02,895,1428,5068.63,7238004
2024,2,1,2024-02,896,1218,7374.94,8982677
2024,2,1,2024-02,897,1893,5383.26,10190511
2024,2,1,2024-02,898,1481,4408.76,6529374
2024,2,1,2024-02,899,1146,6348.01,7274819
2024,2,1,2024-02,900,999,4489.71,4485220
2024,2,1,2024-02,901,1110,5348.28,5936591
2024,2,1,2024-02,902,1044,5914.85,6175103
2024,2,1,2024-02,903,1513,7136.04,10796829
2024,2,1,2024-02,904,1151,5828.75,6708891
2024,2,1,2024-02,905,1724,6578.56,11341437
2024,2,1,2024-02,906,1650,7537.07,12436166
2024,2,1,2024-02,907,1408,4591.69,6465100
2024,2,1,2024-02,908,759,5013.34,3805125
2024,2,1,2024-02,909,705,5452.46,3843984
2024,2,1,2024-02,910,1566,5547.26,8687009
2024,2,1,2024-02,911,816,5522.38,4506262
2024,2,1,2024-02,912,782,7418.4,5801189
2024,2,1,2024-02,913,1574,6570.91,10342612
2024,2,1,2024-02,914,731,6151.25,4496564
2024,2,1,2024-02,915,726,5166.6,3750952
2024,2,1,2024-02,916,1361,6949.67,9458501
2024,2,1,2024-02,917,487,7436.91,3621775
2024,2,1,2024-02,918,970,7007.18,6796965
2024,2,1,2024-02,919,1670,4015.73,6706269
2024,2,1,2024-02,920,1387,6305.76,8746089
2024,2,1,2024-02,921,1873,4254.13,7967985
2024,2,1,2024-02,922,570,4940.13,2815874
2024,2,1,2024-02,923,1163,4268.99,4964835
2024,2,1,2024-02,924,1784,6219.36,11095338
2024,2,1,2024-02,925,1291,6495.38,8385536
2024,2,1,2024-02,926,617,4473.28,2760014
2024,2,1,2024-02,927,1091,5440.09,5935138
2024,2,1,2024-02,928,797,5651.19,4503998
2024,2,1,2024-02,929,1186,5305.39,6292193
2024,2,1,2024-02,930,1070,4442.87,4753871
2024,2,1,2024-02,931,1046,5494.97,5747739
2024,2,1,2024-02,932,490,6785.75,3325018
2024,2,1,2024-02,933,886,4233.49,3750872
2024,2,1,2024-02,934,1738,4372.49,7599388
2024,2,1,2024-02,935,1792,5289.87,9479447
2024,2,1,2024-02,936,1032,7454.47,7693013
2024,2,1,2024-02,937,1190,6417.56,7636896
2024,2,1,2024-02,938,1107,6473.85,7166552
2024,2,1,2024-02,939,1424,5369.37,7645983
2024,2,1,2024-02,940,1764,6226.6,10983722
2024,2,1,2024-02,941,1558,4069.48,6340250
2024,2,1,2024-02,942,1513,6293.32,9521793
2024,2,1,2024-02,943,1559,7329.76,11427096
2024,2,1,2024-02,944,1490,6166,9187340
2024,2,1,2024-02,945,1260,7088.69,8931749
2024,2,1,2024-02,946,831,6650.07,5526208
2024,2,1,2024-02,947,1849,4517.92,8353634
2024,2,1,2024-02,948,1486,7283.25,10822910
2024,2,1,2024-02,949,1366,4290.98,5861479
2024,2,1,2024-02,950,1633,5933.66,9689667
2024,2,1,2024-02,951,1666,4635.98,7723543
2024,2,1,2024-02,952,1145,4178.03,4783844
2024,2,1,2024-02,953,694,5564.7,3861902
2024,2,1,2024-02,954,1372,5077.5,6966330
2024,2,1,2024-02,955,1595,5741.91,9158346
2024,2,1,2024-02,956,1865,6131.03,11434371
2024,2,1,2024-02,957,1698,4159.36,7062593
2024,2,1,2024-02,958,787,4442.26,3496059
2024,2,1,2024-02,959,1823,6023.85,10981479
2024,2,1,2024-02,960,699,5302.23,3706259
2024,2,1,2024-02,961,1273,6718.14,8552192
2024,2,1,2024-02,962,1530,6389.94,9776608
2024,2,1,2024-02,963,835,7088.42,5918831
2024,2,1,2024-02,964,1608,6565.83,10557855
2024,2,1,2024-02,965,484,5627.96,2723933
2024,2,1,2024-02,966,1693,6427.34,10881487
2024,2,1,2024-02,967,550,5077.56,2792658
2024,2,1,2024-02,968,734,5194.79,3812976
2024,2,1,2024-02,969,607,6878.72,4175383
2024,2,1,2024-02,970,1623,5652.71,9174348
2024,2,1,2024-02,971,826,6925.12,5720149
2024,2,1,2024-02,972,807,7005.91,5653769
2024,2,1,2024-02,973,812,7024.76,5704105
2024,2,1,2024-02,974,1843,7337.96,13523860
2024,2,1,2024-02,975,611,5644.75,3448942
2024,2,1,2024-02,976,1074,5237.49,5625064
2024,2,1,2024-02,977,1933,6146.37,11880933
2024,2,1,2024-02,978,1278,5385.66,6882873
2024,2,1,2024-02,979,1374,6178.66,8489479
2024,2,1,2024-02,980,928,6563.01,6090473
2024,2,1,2024-02,981,1053,6539.8,6886409
2024,2,1,2024-02,982,1284,5408.32,6944283
2024,2,1,2024-02,983,1780,4693.13,8353771
2024,2,1,2024-02,984,1896,5566.7,10554463
2024,2,1,2024-02,985,1939,4614.93,8948349
2024,2,1,2024-02,986,893,7196.46,6426439
2024,2,1,2024-02,987,1335,5298.17,7073057
2024,2,1,2024-02,988,1855,4583.08,8501613
2024,2,1,2024-02,989,1624,4145.17,6731756
2024,2,1,2024-02,990,2085,6447.17,13442349
2024,2,1,2024-02,991,1374,6346.85,8720572
2024,2,1,2024-02,992,988,5280.43,5217065
2024,2,1,2024-02,993,1133,4377.65,4959877
2024,2,1,2024-02,994,1015,5400.33,5481335
2024,2,1,2024-02,995,1923,5158.65,9920084
2024,2,1,2024-02,996,1271,6444.46,8190909
2024,2,1,2024-02,997,2085,6174.67,12874187
2024,2,1,2024-02,998,655,5286.81,3462861
2024,2,1,2024-02,999,1313,4824.07,6334004
2024,2,1,2024-02,1000,1543,7603.77,11732617
2024,2,1,2024-02,1001,1459,5666.92,8268036
2024,2,1,2024-02,1002,1564,6542.56,10232564
2024,2,1,2024-02,1003,912,4562.13,4160663
2024,2,1,2024-02,1004,1345,5838.34,7852567
2024,2,1,2024-02,1005,1585,4134.4,6553024
2024,2,1,2024-02,1006,908,5772.23,5241185
2024,2,1,2024-02,1007,928,7416.03,6882076
2024,2,1,2024-02,1008,1416,5402.94,7650563
2024,2,1,2024-02,1009,1762,4158.17,7326696
2024,2,1,2024-02,1010,521,4142.61,2158300
2024,2,1,2024-02,1011,1868,5490.03,10255376
2024,2,1,2024-02,1012,811,4560.6,3698647
2024,2,1,2024-02,1013,754,4210.01,3174348
2024,2,1,2024-02,1014,578,6711.94,3879501
2024,2,1,2024-02,1015,1113,5633.63,6270230
2024,2,1,2024-02,1016,821,5081.43,4171854
2024,2,1,2024-02,1017,1595,7327.26,11686980
2024,2,1,2024-02,1018,1187,4440.04,5270327
2024,2,1,2024-02,1019,1381,7431.31,10262639
2024,2,1,2024-02,1020,1223,5151.53,6300321
2024,2,1,2024-02,1021,1914,7270.02,13914818
2024,2,1,2024-02,1022,936,6183.09,5787372
2024,2,1,2024-02,1023,1415,7018.96,9931828
2024,2,1,2024-02,1024,1093,7563.68,8267102
2024,2,1,2024-02,1025,1871,5079.72,9504156
2024,2,1,2024-02,1026,1472,7454.46,10972965
2024,2,1,2024-02,1027,1846,5532.71,10213383
2024,2,1,2024-02,1028,743,5555.63,4127833
2024,2,1,2024-02,1029,1851,5229.77,9680304
2024,2,1,2024-02,1030,1028,5936.14,6102352
2024,2,1,2024-02,1031,1854,4609.08,8545234
2024,2,1,2024-02,1032,1799,5925.82,10660550
2024,2,1,2024-02,1033,1174,5987.58,7029419
2024,2,1,2024-02,1034,1177,6858.75,8072749
2024,2,1,2024-02,1035,1074,6996.61,7514359
2024,2,1,2024-02,1036,968,5673.93,5492364
2024,2,1,2024-02,1037,878,5200.32,4565881
2024,2,1,2024-02,1038,749,4942.53,3701955
2024,2,1,2024-02,1039,1121,4759.21,5335074
2024,2,1,2024-02,1040,739,4280.03,3162942
2024,2,1,2024-02,1041,802,5309.65,4258339
2024,2,1,2024-02,1042,1375,5056.19,6952261
2024,2,1,2024-02,1043,884,7546.2,6670841
2024,2,1,2024-02,1044,768,6007.12,4613468
2024,2,1,2024-02,1045,1357,5301.85,7194610
2024,2,1,2024-02,1046,726,6189.96,4493911
2024,2,1,2024-02,1047,1458,4625.66,6744212
2024,2,1,2024-02,1048,1227,5648.25,6930403
2024,2,1,2024-02,1049,410,6262.07,2567449
2024,2,1,2024-02,1050,994,5844.21,5809145
2024,2,1,2024-02,1051,799,5511.96,4404056
2024,2,1,2024-02,1052,1350,7616.39,10282126
2024,2,1,2024-02,1053,678,7224.41,4898150
2024,2,1,2024-02,1054,1636,6233.15,10197433
2024,2,1,2024-02,1055,939,6121.93,5748492
2024,2,1,2024-02,1056,2001,6273.13,12552533
2024,2,1,2024-02,1057,970,4826.34,4681550
2024,2,1,2024-02,1058,1274,5465.14,6962588
2024,2,1,2024-02,1059,1202,4225.68,5079267
2024,2,1,2024-02,1060,1360,5770.73,7848193
2024,2,1,2024-02,1061,2022,5965.53,12062302
2024,2,1,2024-02,1062,1626,4828.4,7850978
2024,2,1,2024-02,1063,979,7523.49,7365497
2024,2,1,2024-02,1064,805,7254.57,5839929
2024,2,1,2024-02,1065,815,6611.92,5388715
2024,2,1,2024-02,1066,1036,5939.34,6153156
2024,2,1,2024-02,1067,1864,7169.23,13363445
2024,2,1,2024-02,1068,1622,4554.11,7386766
2024,2,1,2024-02,1069,1008,6800.11,6854511
2024,2,1,2024-02,1070,976,4470.34,4363052
2024,2,1,2024-02,1071,1922,6848.57,13162952
2024,2,1,2024-02,1072,1961,5029.47,9862791
2024,2,1,2024-02,1073,1583,7088.39,11220921
2024,2,1,2024-02,1074,1993,7467.14,14882010
2024,2,1,2024-02,1075,1369,4590.94,6284997
2024,2,1,2024-02,1076,1834,5698.34,10450756
2024,2,1,2024-02,1077,995,7581.47,7543563
2024,2,1,2024-02,1078,1240,5801.39,7193724
2024,2,1,2024-02,1079,1833,7152.68,13110862
2024,2,1,2024-02,1080,1263,6151.93,7769888
2024,2,1,2024-02,1081,1472,5398.49,7946577
2024,2,1,2024-02,1082,670,5113.34,3425938
2024,2,1,2024-02,1083,1306,4805.71,6276257
2024,2,1,2024-02,1084,2015,6845.83,13794347
2024,2,1,2024-02,1085,605,5439.95,3291170
2024,2,1,2024-02,1086,1956,5906.48,11553075
2024,2,1,2024-02,1087,1156,5804.28,6709748
2024,2,1,2024-02,1088,538,6126.48,3296046
2024,2,1,2024-02,1089,1129,7154.01,8076877
2024,2,1,2024-02,1090,1628,7526.64,12253370
2024,2,1,2024-02,1091,829,5479.38,4542406
2024,2,1,2024-02,1092,990,7030.61,6960304
2024,2,1,2024-02,1093,1001,6798.21,6805008
2024,2,1,2024-02,1094,1878,6164.61,11577138
2024,2,1,2024-02,1095,1249,7459.01,9316303
2024,2,1,2024-02,1096,1420,4727.24,6712681
2024,2,1,2024-02,1097,973,4448.17,4328069
2024,2,1,2024-02,1098,1450,7130.42,10339109
2024,2,1,2024-02,1099,1332,5525.25,7359633
2024,2,1,2024-02,1100,847,7070.65,5988841
2024,2,1,2024-02,1101,1512,7264.92,10984559
2024,2,1,2024-02,1102,1299,4291.77,5575009
2024,2,1,2024-02,1103,804,7184.58,5776402
2024,2,1,2024-02,1104,1648,5599.21,9227498
2024,2,1,2024-02,1105,1492,5873.67,8763516
2024,2,1,2024-02,1106,1238,6232.17,7715426
2024,2,1,2024-02,1107,1364,7383.61,10071244
2024,2,1,2024-02,1108,765,4129.84,3159328
2024,2,1,2024-02,1109,1734,5822.03,10095400
2024,2,1,2024-02,1110,803,6416.74,5152642
2024,2,1,2024-02,1111,1035,6613.75,6845231
2024,2,1,2024-02,1112,992,6554.75,6502312
2024,2,1,2024-02,1113,1642,4588.58,7534448
2024,2,1,2024-02,1114,958,5158.58,4941920
2024,2,1,2024-02,1115,2047,5291.81,10832335
2024,2,1,2024-02,1116,1530,6898.03,10553986
2024,2,1,2024-02,1117,1450,4949.77,7177167
2024,2,1,2024-02,1118,1087,4810.42,5228927
2024,2,1,2024-02,1119,1787,7516.14,13431342
2024,2,1,2024-02,1120,1691,4090.94,6917780
2024,2,1,2024-02,1121,1004,7633.31,7663843
2024,2,1,2024-02,1122,895,6490.63,5809114
2024,2,1,2024-02,1123,1199,6990.88,8382065
2024,2,1,2024-02,1124,1874,4997.34,9365015
2024,2,1,2024-02,1125,1677,4170.35,6993677
2024,2,1,2024-02,1126,1525,6702.41,10221175
2024,2,1,2024-02,1127,1441,6969.04,10042387
2024,2,1,2024-02,1128,1856,6708.93,12451774
2024,2,1,2024-02,1129,1404,4576.08,6424816
2024,2,1,2024-02,1130,885,6797.29,6015602
2024,2,1,2024-02,1131,1776,6814.64,12102801
2024,2,1,2024-02,1132,736,6422.28,4726798
2024,2,1,2024-02,1133,1139,6792.38,7736521
2024,2,1,2024-02,1134,866,7032.56,6090197
2024,2,1,2024-02,1135,1284,6271.35,8052413
2024,2,1,2024-02,1136,1619,4373.04,7079952
2024,2,1,2024-02,1137,1552,5750.23,8924357
2024,2,1,2024-02,1138,1767,4305.57,7607942
2024,2,1,2024-02,1139,1242,5457.2,6777842
2024,2,1,2024-02,1140,1025,5554.46,5693322
2024,2,1,2024-02,1141,820,4382.88,3593962
2024,2,1,2024-02,1142,1343,5351.49,7187051
2024,2,1,2024-02,1143,630,4470.74,2816566
2024,2,1,2024-02,1144,1807,6930.24,12522944
2024,2,1,2024-02,1145,1647,7415.99,12214136
2024,2,1,2024-02,1146,1565,4271.88,6685492
2024,2,1,2024-02,1147,885,7543.1,6675644
2024,2,1,2024-02,1148,953,5870.86,5594930
2024,2,1,2024-02,1149,1329,5086.13,6759467
2024,2,1,2024-02,1150,730,4323.63,3156250
2024,2,1,2024-02,1151,1952,5834.24,11388436
2024,2,1,2024-02,1152,688,6911.49,4755105
2024,2,1,2024-02,1153,1352,6543.2,8846406
2024,2,1,2024-02,1154,1317,4148.22,5463206
2024,2,1,2024-02,1155,1890,4307.93,8141988
2024,2,1,2024-02,1156,1351,5484.34,7409343
2024,2,1,2024-02,1157,1798,5098.12,9166420
2024,2,1,2024-02,1158,795,4873.83,3874695
2024,2,1,2024-02,1159,746,5042.58,3761765
2024,2,1,2024-02,1160,1580,6856.69,10833570
2024,2,1,2024-02,1161,1409,7429.24,10467799
2024,2,1,2024-02,1162,1367,5562.9,7604484
2024,2,1,2024-02,1163,1615,7344.03,11860608
2024,2,1,2024-02,1164,1321,5148.99,6801816
2024,2,1,2024-02,1165,796,5771.49,4594106
2024,2,1,2024-02,1166,1227,4843.84,5943392
2024,2,1,2024-02,1167,893,6315.16,5639438
2024,2,1,2024-02,1168,709,7498.57,5316486
2024,2,1,2024-02,1169,965,6320.58,6099360
2024,2,1,2024-02,1170,1029,5320.3,5474589
2024,2,1,2024-02,1171,899,6321.25,5682804
2024,2,1,2024-02,1172,942,4502.43,4241289
2024,2,1,2024-02,1173,1496,7253.52,10851266
2024,2,1,2024-02,1174,1598,5841.71,9335053
2024,2,1,2024-02,1175,1407,5667.98,7974848
2024,2,1,2024-02,1176,1428,6187.52,8835779
2024,2,1,2024-02,1177,1396,6237.88,8708080
2024,2,1,2024-02,1178,1523,4322.34,6582924
2024,2,1,2024-02,1179,1953,6457.74,12611966
2024,2,1,2024-02,1180,1695,4884.57,8279346
2024,2,1,2024-02,1181,933,6676.76,6229417
2024,2,1,2024-02,1182,1394,6980.02,9730148
2024,2,1,2024-02,1183,1741,6870.19,11961001
2024,2,1,2024-02,1184,1580,6018.78,9509672
2024,2,1,2024-02,1185,1411,5854.4,8260558
2024,2,1,2024-02,1186,789,4557.39,3595781
2024,2,1,2024-02,1187,1564,6785.7,10612835
2024,2,1,2024-02,1188,1629,5047.23,8221938
2024,2,1,2024-02,1189,1295,5912.52,7656713
2024,2,1,2024-02,1190,1856,5062.11,9395276
2024,2,1,2024-02,1191,1649,4506.16,7430658
2024,2,1,2024-02,1192,439,6301.91,2766538
2024,2,1,2024-02,1193,1291,4319.42,5576371
2024,2,1,2024-02,1194,2063,6744.52,13913945
2024,2,1,2024-02,1195,1763,5182.1,9136042
2024,2,1,2024-02,1196,2079,3966.6,8246561
2024,2,1,2024-02,1197,1316,5874.32,7730605
2024,2,1,2024-02,1198,1794,4260.65,7643606
2024,2,1,2024-02,1199,1561,5084.25,7936514
2024,2,1,2024-02,1200,1991,6632.1,13204511
2024,2,1,2024-02,1201,2045,4251.68,8694686
2024,2,1,2024-02,1202,934,7025.65,6561957
2024,2,1,2024-02,1203,1755,4067.28,7138076
2024,2,1,2024-02,1204,1406,4968.74,6986048
2024,2,1,2024-02,1205,1159,6681.92,7744345
2024,2,1,2024-02,1206,1638,5207.38,8529688
2024,2,1,2024-02,1207,1082,4404.14,4765279
2024,2,1,2024-02,1208,840,5308.33,4458997
2024,2,1,2024-02,1209,1302,5070.56,6601869
2024,2,1,2024-02,1210,1243,7069.84,8787811
2024,2,1,2024-02,1211,1943,5206.97,10117143
2024,2,1,2024-02,1212,1440,6855.26,9871574
2024,2,1,2024-02,1213,1745,7266.79,12680549
2024,2,1,2024-02,1214,1763,5553.94,9791596
2024,2,1,2024-02,1215,510,7254.21,3699647
2024,2,1,2024-02,1216,2016,5443.24,10973572
2024,2,1,2024-02,1217,964,7484.21,7214778
2024,2,1,2024-02,1218,584,4365.52,2549464
2024,2,1,2024-02,1219,1237,6460.77,7991972
2024,2,1,2024-02,1220,1214,5851.31,7103490
2024,2,1,2024-02,1221,705,5521.53,3892679
2024,2,1,2024-02,1222,1298,6336.37,8224608
2024,2,1,2024-02,1223,948,6541.81,6201636
2024,2,1,2024-02,1224,1025,4137.03,4240456
2024,2,1,2024-02,1225,1724,4668.96,8049287
2024,2,1,2024-02,1226,1027,6575.21,6752741
2024,2,1,2024-02,1227,798,6486.18,5175972
2024,2,1,2024-02,1228,904,7486.25,6767570
2024,2,1,2024-02,1229,1147,6700.43,7685393
2024,2,1,2024-02,1230,1395,7425.76,10358935
2024,2,1,2024-02,1231,1533,6581.28,10089102
2024,2,1,2024-02,1232,1430,5086.68,7273952
2024,2,1,2024-02,1233,1407,4349.53,6119789
2024,2,1,2024-02,1234,1656,6905.41,11435359
2024,2,1,2024-02,1235,1784,6484.42,11568205
2024,2,1,2024-02,1236,1225,4209.06,5156099
2024,2,1,2024-02,1237,720,5311.1,3823992
2024,2,1,2024-02,1238,1700,7400.87,12581479
2024,2,1,2024-02,1239,1478,5801.58,8574735
2024,2,1,2024-02,1240,1400,5529.14,7740796
2024,2,1,2024-02,1241,860,5627.96,4840046
2024,2,1,2024-02,1242,985,4801.99,4729960
2024,2,1,2024-02,1243,531,5299.17,2813859
2024,2,1,2024-02,1244,1748,5308.08,9278524
2024,2,1,2024-02,1245,1225,4254.59,5211873
2024,2,1,2024-02,1246,1210,6760.79,8180556
2024,2,1,2024-02,1247,811,5556.24,4506111
2024,2,1,2024-02,1248,2076,6967.39,14464302
2024,2,1,2024-02,1249,1608,7074.59,11375941
2024,2,1,2024-02,1250,1508,4848.06,7310874
2024,2,1,2024-02,1251,1491,6371.96,9500592
2024,2,1,2024-02,1252,1740,5770.47,10040618
2024,2,1,2024-02,1253,1913,7170.05,13716306
2024,2,1,2024-02,1254,1060,4789.34,5076700
2024,2,1,2024-02,1255,637,6421.08,4090228
2024,2,1,2024-02,1256,1064,6145.72,6539046
2024,2,1,2024-02,1257,1021,5053.38,5159501
2024,2,1,2024-02,1258,1533,4465.05,6844922
2024,2,1,2024-02,1259,1924,6331.58,12181960
2024,2,1,2024-02,1260,1169,6722.5,7858602
2024,2,1,2024-02,1261,894,5181.1,4631903
2024,2,1,2024-02,1262,1764,6334.67,11174358
2024,2,1,2024-02,1263,1365,5433.08,7416154
2024,2,1,2024-02,1264,612,6591.61,4034065
2024,2,1,2024-02,1265,1198,4768.87,5713106
2024,2,1,2024-02,1266,1348,7174.53,9671266
2024,2,1,2024-02,1267,1100,5101.99,5612189
2024,2,1,2024-02,1268,1795,5352.3,9607378
2024,2,1,2024-02,1269,651,4279.04,2785655
2024,2,1,2024-02,1270,1172,4454.2,5220322
2024,2,1,2024-02,1271,855,5829.68,4984376
2024,2,1,2024-02,1272,1652,5069.2,8374318
2024,2,1,2024-02,1273,1098,7029.56,7718457
2024,2,1,2024-02,1274,1793,4094.81,7341994
2024,2,1,2024-02,1275,886,5433.38,4813975
2024,2,1,2024-02,1276,1705,5206.63,8877304
2024,2,1,2024-02,1277,2007,4056.99,8142379
2024,2,1,2024-02,1278,1592,4526.4,7206029
2024,2,1,2024-02,1279,512,5581.61,2857784
2024,2,1,2024-02,1280,1269,5824.62,7391443
2024,2,1,2024-02,1281,1073,5533.02,5936930
2024,2,1,2024-02,1282,1693,5890.14,9972007
2024,2,1,2024-02,1283,1757,6159.23,10821767
2024,2,1,2024-02,1284,1444,4064.78,5869542
2024,2,1,2024-02,1285,819,5755.67,4713894
2024,2,1,2024-02,1286,1065,7507.54,7995530
2024,2,1,2024-02,1287,1379,5951.19,8206691
2024,2,1,2024-02,1288,1505,6440.64,9693163
2024,2,1,2024-02,1289,688,5117.18,3520620
2024,2,1,2024-02,1290,1590,6871.23,10925256
2024,2,1,2024-02,1291,1597,6808.79,10873638
2024,2,1,2024-02,1292,1535,5960.75,9149751
2024,2,1,2024-02,1293,1879,7526.89,14143026
2024,2,1,2024-02,1294,1500,4604.73,6907095
2024,2,1,2024-02,1295,683,4172.38,2849736
2024,2,1,2024-02,1296,1220,6790.58,8284508
2024,2,1,2024-02,1297,1426,6930.27,9882565
2024,2,1,2024-02,1298,2124,4487.64,9531747
2024,2,1,2024-02,1299,731,4952.39,3620197
2024,2,1,2024-02,1300,1885,4099.83,7728180
2024,2,1,2024-02,1301,607,5077,3081739
2024,2,1,2024-02,1302,636,6818.86,4336795
2024,2,1,2024-02,1303,1825,5864.29,10702329
2024,2,1,2024-02,1304,1673,5290.18,8850471
2024,2,1,2024-02,1305,1951,5364.53,10466198
2024,2,1,2024-02,1306,1901,4067.33,7731994
2024,2,1,2024-02,1307,1585,5191.26,8228147
2024,2,1,2024-02,1308,1083,6407.21,6939008
2024,2,1,2024-02,1309,914,7464.37,6822434
2024,2,1,2024-02,1310,1383,7068.92,9776316
2024,2,1,2024-02,1311,1024,4129.38,4228485
2024,2,1,2024-02,1312,1058,7225.29,7644357
2024,2,1,2024-02,1313,1584,6941.04,10994607
2024,2,1,2024-02,1314,1359,6810.42,9255361
2024,2,1,2024-02,1315,1642,5667.15,9305460
2024,2,1,2024-02,1316,1824,5553.36,10129329
2024,2,1,2024-02,1317,1242,5179.88,6433411
2024,2,1,2024-02,1318,1508,4272.77,6443337
2024,2,1,2024-02,1319,1361,4904.94,6675623
2024,2,1,2024-02,1320,1731,4925.25,8525608
2024,2,1,2024-02,1321,1804,5772.71,10413969
2024,2,1,2024-02,1322,784,6680.77,5237724
2024,2,1,2024-02,1323,1568,5634.48,8834865
2024,2,1,2024-02,1324,1704,4200.68,7157959
2024,2,1,2024-02,1325,1619,7415.3,12005371
2024,2,1,2024-02,1326,1556,7430.29,11561531
2024,2,1,2024-02,1327,1267,6858.14,8689263
2024,2,1,2024-02,1328,1101,7633.15,8404098
2024,2,1,2024-02,1329,784,5941.13,4657846
2024,2,1,2024-02,1330,742,7563.11,5611828
2024,2,1,2024-02,1331,746,4404.2,3285533
2024,2,1,2024-02,1332,1092,5361.06,5854278
2024,2,1,2024-02,1333,1451,4829.68,7007866
2024,2,1,2024-02,1334,1173,4726.93,5544689
2024,2,1,2024-02,1335,1096,4568.72,5007317
2024,2,1,2024-02,1336,1383,6357.12,8791897
2024,2,1,2024-02,1337,480,6833.21,3279941
2024,2,1,2024-02,1338,778,6044.34,4702497
2024,2,1,2024-02,1339,1235,4667,5763745
2024,2,1,2024-02,1340,860,6925.44,5955878
2024,2,1,2024-02,1341,1472,6385.98,9400163
2024,2,1,2024-02,1342,536,5467.58,2930623
2024,2,1,2024-02,1343,1821,6449.63,11744776
2024,2,1,2024-02,1344,1416,5026.79,7117935
2024,2,1,2024-02,1345,1763,5253.54,9261991
2024,2,1,2024-02,1346,1177,7308.59,8602210
2024,2,1,2024-02,1347,670,5068.26,3395734
2024,2,1,2024-02,1348,1115,5721.35,6379305
2024,2,1,2024-02,1349,1255,7249.09,9097608
2024,2,1,2024-02,1350,1384,6600.07,9134497
2024,2,1,2024-02,1351,1275,4210.31,5368145
2024,2,1,2024-02,1352,1664,4558.81,7585860
2024,2,1,2024-02,1353,1927,4070.66,7844162
2024,2,1,2024-02,1354,1111,6329.04,7031563
2024,2,1,2024-02,1355,815,5588.02,4554236
2024,2,1,2024-02,1356,1783,4568.38,8145422
2024,2,1,2024-02,1357,873,7414.82,6473138
2024,2,1,2024-02,1358,849,5953.75,5054734
2024,2,1,2024-02,1359,1278,4969.43,6350932
2024,2,1,2024-02,1360,1628,5784.04,9416417
2024,2,1,2024-02,1361,1769,6486.71,11474990
2024,2,1,2024-02,1362,1275,4321.86,5510372
2024,2,1,2024-02,1363,1719,4991.97,8581196
2024,2,1,2024-02,1364,1730,6873.55,11891242
2024,2,1,2024-02,1365,1368,5661.83,7745383
2024,2,1,2024-02,1366,1207,5966.26,7201276
2024,2,1,2024-02,1367,1963,5588.95,10971109
2024,2,1,2024-02,1368,1682,4196.01,7057689
2024,2,1,2024-02,1369,956,4667.57,4462197
2024,2,1,2024-02,1370,1155,5679.83,6560204
2024,2,1,2024-02,1371,1717,4734.16,8128553
2024,2,1,2024-02,1372,1241,4225.55,5243908
2024,2,1,2024-02,1373,720,7016.38,5051794
2024,2,1,2024-02,1374,612,7499.39,4589627
2024,2,1,2024-02,1375,1390,6808.92,9464399
2024,2,1,2024-02,1376,1357,7021.24,9527823
2024,2,1,2024-02,1377,1703,4896.21,8338246
2024,2,1,2024-02,1378,1603,7492.77,12010910
2024,2,1,2024-02,1379,1021,4776.89,4877205
2024,2,1,2024-02,1380,1129,7395.02,8348978
2024,2,1,2024-02,1381,1188,7544.76,8963175
2024,2,1,2024-02,1382,714,6600.76,4712943
2024,2,1,2024-02,1383,2007,7528.62,15109940
2024,2,1,2024-02,1384,1850,6124.42,11330177
2024,2,1,2024-02,1385,1839,4932.05,9070040
2024,2,1,2024-02,1386,1645,5529.46,9095962
2024,2,1,2024-02,1387,1780,6197.37,11031319
2024,2,1,2024-02,1388,915,4233.93,3874046
2024,2,1,2024-02,1389,644,6207.1,3997372
2024,2,1,2024-02,1390,1277,7518.06,9600563
2024,2,1,2024-02,1391,1082,4722.3,5109529
2024,2,1,2024-02,1392,560,6904.64,3866598
2024,2,1,2024-02,1393,1424,7241.95,10312537
2024,2,1,2024-02,1394,1210,7474.2,9043782
2024,2,1,2024-02,1395,1299,7405.12,9619251
2024,2,1,2024-02,1396,642,5896.68,3785669
2024,2,1,2024-02,1397,1266,7571.77,9585861
2024,2,1,2024-02,1398,1669,6791.84,11335581
2024,2,1,2024-02,1399,737,4501.03,3317259
2024,2,1,2024-02,1400,787,5876.82,4625057
2024,2,1,2024-02,1401,1622,6598.99,10703562
2024,2,1,2024-02,1402,501,4951.18,2480541
2024,2,1,2024-02,1403,1518,6322.12,9596978
2024,2,1,2024-02,1404,389,6525.62,2538466
2024,2,1,2024-02,1405,1473,4695.69,6916751
2024,2,1,2024-02,1406,1967,6163.39,12123388
2024,2,1,2024-02,1407,1487,6824.31,10147749
2024,2,1,2024-02,1408,1968,5874.22,11560465
2024,2,1,2024-02,1409,950,4055.14,3852383
2024,2,1,2024-02,1410,1014,4079.34,4136451
2024,2,1,2024-02,1411,601,5369.78,3227238
2024,2,1,2024-02,1412,1837,7366.97,13533124
2024,2,1,2024-02,1413,1271,4877.04,6198718
2024,2,1,2024-02,1414,1219,6280,7655320
2024,2,1,2024-02,1415,832,4901.25,4077840
2024,2,1,2024-02,1416,1037,5254.77,5449196
2024,2,1,2024-02,1417,870,7121.64,6195827
2024,2,1,2024-02,1418,1424,6664.08,9489650
2024,2,1,2024-02,1419,967,4398.8,4253640
2024,2,1,2024-02,1420,1322,5634.15,7448346
2024,2,1,2024-02,1421,1850,4204.99,7779232
2024,2,1,2024-02,1422,1583,5728.98,9068975
2024,2,1,2024-02,1423,1618,6428.96,10402057
2024,2,1,2024-02,1424,2064,4510.11,9308867
2024,2,1,2024-02,1425,1439,5056.09,7275714
2024,2,1,2024-02,1426,1197,5514.47,6600821
2024,2,1,2024-02,1427,764,7361.25,5623995
2024,2,1,2024-02,1428,1305,7572.39,9881969
2024,2,1,2024-02,1429,1765,4157.75,7338429
2024,2,1,2024-02,1430,1425,6791.63,9678073
2024,2,1,2024-02,1431,1354,5469.36,7405513
2024,2,1,2024-02,1432,1655,5466.18,9046528
2024,2,1,2024-02,1433,1870,6770.13,12660143
2024,2,1,2024-02,1434,1600,7272.59,11636144
2024,2,1,2024-02,1435,642,7438.46,4775491
2024,2,1,2024-02,1436,934,6106.34,5703322
2024,2,1,2024-02,1437,1856,5289.14,9816644
2024,2,1,2024-02,1438,703,6879.42,4836232
2024,2,1,2024-02,1439,1125,4969.73,5590946
2024,2,1,2024-02,1440,1456,6051.72,8811304
2024,2,1,2024-02,1441,881,5333.64,4698937
2024,2,1,2024-02,1442,1389,6486.47,9009707
2024,2,1,2024-02,1443,1303,4886.04,6366510
2024,2,1,2024-02,1444,1593,4689.5,7470374
2024,2,1,2024-02,1445,1784,7272.37,12973908
2024,2,1,2024-02,1446,640,4432.33,2836691
2024,2,1,2024-02,1447,613,5743.79,3520943
2024,2,1,2024-02,1448,1214,4821.49,5853289
2024,2,1,2024-02,1449,1308,4153.95,5433367
2024,2,1,2024-02,1450,1343,4184.61,5619931
2024,2,1,2024-02,1451,1015,4679.8,4749997
2024,2,1,2024-02,1452,702,7156.85,5024109
2024,2,1,2024-02,1453,1807,5091.3,9199979
2024,2,1,2024-02,1454,1708,7490.32,12793467
2024,2,1,2024-02,1455,1308,6111.44,7993764
2024,2,1,2024-02,1456,1771,5581.72,9885226
2024,2,1,2024-02,1457,1954,6160.27,12037168
2024,2,1,2024-02,1458,1657,5821.83,9646772
2024,2,1,2024-02,1459,1345,6791.39,9134420
2024,2,1,2024-02,1460,840,5070.1,4258884
2024,2,1,2024-02,1461,923,5334.76,4923983
2024,2,1,2024-02,1462,1154,7254.93,8372189
2024,2,1,2024-02,1463,659,7430.84,4896924
2024,2,1,2024-02,1464,1948,7241.01,14105487
2024,2,1,2024-02,1465,681,5500.68,3745963
2024,2,1,2024-02,1466,1437,6804.78,9778469
2024,2,1,2024-02,1467,944,5832.93,5506286
2024,2,1,2024-02,1468,1614,5858.63,9455829
2024,2,1,2024-02,1469,1764,4834.67,8528358
2024,2,1,2024-02,1470,714,6145.62,4387973
2024,2,1,2024-02,1471,1510,4724.57,7134101
2024,2,1,2024-02,1472,589,5261.85,3099230
2024,2,1,2024-02,1473,538,7153.85,3848771
2024,2,1,2024-02,1474,1590,4788.6,7613874
2024,2,1,2024-02,1475,680,4333.61,2946855
2024,2,1,2024-02,1476,1776,4336.48,7701588
2024,2,1,2024-02,1477,594,7446.61,4423286
2024,2,1,2024-02,1478,604,5852.64,3534995
2024,2,1,2024-02,1479,1786,5572.65,9952753
2024,2,1,2024-02,1480,709,6878.58,4876913
2024,2,1,2024-02,1481,1212,6980.47,8460330
2024,2,1,2024-02,1482,1332,5262.01,7008997
2024,2,1,2024-02,1483,1108,6546.05,7253023
2024,2,1,2024-02,1484,1694,6790.64,11503344
2024,2,1,2024-02,1485,1317,6367.14,8385523
2024,2,1,2024-02,1486,1429,4578.87,6543205
2024,2,1,2024-02,1487,1599,7133.29,11406131
2024,2,1,2024-02,1488,995,5974.1,5944230
2024,2,1,2024-02,1489,672,4993.55,3355666
2024,2,1,2024-02,1490,1677,5622.16,9428362
2024,2,1,2024-02,1491,798,4209.89,3359492
2024,2,1,2024-02,1492,995,4572.02,4549160
2024,2,1,2024-02,1493,938,6788.64,6367744
2024,2,1,2024-02,1494,1488,4057.47,6037515
2024,2,1,2024-02,1495,1026,5546.06,5690258
2024,2,1,2024-02,1496,1467,5885.67,8634278
2024,2,1,2024-02,1497,1228,4197.43,5154444
2024,2,1,2024-02,1498,1861,7475.07,13911105
2024,2,1,2024-02,1499,1039,4844.02,5032937
2024,2,1,2024-02,1500,1571,5101.08,8013797
2024,2,1,2024-02,1501,1752,5200.62,9111486
2024,2,1,2024-02,1502,1033,4846.72,5006662
2024,2,1,2024-02,1503,568,4082.06,2318610
2024,2,1,2024-02,1504,1780,6678.95,11888531
2024,2,1,2024-02,1505,1189,7552.89,8980386
2024,2,1,2024-02,1506,1522,4887.37,7438577
2024,2,1,2024-02,1507,1204,6409.09,7716544
2024,2,1,2024-02,1508,1015,6774.06,6875671
2024,2,1,2024-02,1509,1691,7020.12,11871023
2024,2,1,2024-02,1510,1656,5519.67,9140574
2024,2,1,2024-02,1511,863,5146.22,4441188
2024,2,1,2024-02,1512,1006,5219.72,5251038
2024,2,1,2024-02,1513,824,6629.96,5463087
2024,2,1,2024-02,1514,1276,6970.8,8894741
2024,2,1,2024-02,1515,798,4721.53,3767781
2024,2,1,2024-02,1516,1415,5423,7673545
2024,2,1,2024-02,1517,1288,7272.74,9367289
2024,2,1,2024-02,1518,1410,6958.29,9811189
2024,2,1,2024-02,1519,1320,7527.26,9935983
2024,2,1,2024-02,1520,2096,6710.18,14064537
2024,2,1,2024-02,1521,1070,5496.95,5881736
2024,2,1,2024-02,1522,1906,6164.86,11750223
2024,2,1,2024-02,1523,1325,6417.29,8502909
2024,2,1,2024-02,1524,1040,4306.89,4479166
2024,2,1,2024-02,1525,1488,5976.94,8893687
2024,2,1,2024-02,1526,1406,6594.35,9271656
2024,2,1,2024-02,1527,1111,4640.55,5155651
2024,2,1,2024-02,1528,1729,6796.24,11750699
2024,2,1,2024-02,1529,1375,6096.74,8383018
2024,2,1,2024-02,1530,2064,7416.53,15307718
2024,2,1,2024-02,1531,1671,4194.71,7009360
2024,2,1,2024-02,1532,1561,4990.16,7789640
2024,2,1,2024-02,1533,1452,6268.81,9102312
2024,2,1,2024-02,1534,1301,5155.26,6706993
2024,2,1,2024-02,1535,757,6612.96,5006011
2024,2,1,2024-02,1536,1284,6841.93,8785038
2024,2,1,2024-02,1537,790,4418.45,3490576
2024,2,1,2024-02,1538,1458,5907.77,8613529
2024,2,1,2024-02,1539,1763,5883.52,10372646
2024,2,1,2024-02,1540,1549,5393.53,8354578
2024,2,1,2024-02,1541,1706,7342.91,12527004
2024,2,1,2024-02,1542,765,6988.02,5345835
2024,2,1,2024-02,1543,1717,6501.86,11163694
2024,2,1,2024-02,1544,935,6617.59,6187447
2024,2,1,2024-02,1545,796,5701.12,4538092
2024,2,1,2024-02,1546,1056,7249.46,7655430
2024,2,1,2024-02,1547,2106,6552.2,13798933
2024,2,1,2024-02,1548,1588,6661.11,10577843
2024,2,1,2024-02,1549,1443,7199.97,10389557
2024,2,1,2024-02,1550,1761,5075.42,8937815
2024,2,1,2024-02,1551,1301,6979.13,9079848
2024,2,1,2024-02,1552,1594,4702.58,7495913
2024,2,1,2024-02,1553,693,5337.46,3698860
2024,2,1,2024-02,1554,1149,5243.76,6025080
2024,2,1,2024-02,1555,2056,7507.6,15435626
2024,2,1,2024-02,1556,1709,6999.41,11961992
2024,2,1,2024-02,1557,1440,6611.57,9520661
2024,2,1,2024-02,1558,2112,6631.71,14006172
2024,2,1,2024-02,1559,1079,6052.34,6530475
2024,2,1,2024-02,1560,1165,7441.41,8669243
2024,2,1,2024-02,1561,1912,5907.6,11295331
2024,2,1,2024-02,1562,1265,5402.06,6833606
2024,2,1,2024-02,1563,896,4638.16,4155791
2024,2,1,2024-02,1564,626,6898.44,4318423
2024,2,1,2024-02,1565,1454,6658.23,9681066
2024,2,1,2024-02,1566,1699,5388.47,9155011
2024,2,1,2024-02,1567,1740,4050.22,7047383
2024,2,1,2024-02,1568,1960,7102.71,13921312
2024,2,1,2024-02,1569,1725,4110.45,7090526
2024,2,1,2024-02,1570,1115,6586.03,7343423
2024,2,1,2024-02,1571,667,7487.46,4994136
2024,2,1,2024-02,1572,1495,5646.02,8440800
2024,2,1,2024-02,1573,1235,4868.4,6012474
2024,2,1,2024-02,1574,1012,6572.95,6651825
2024,2,1,2024-02,1575,945,6969.66,6586329
2024,2,1,2024-02,1576,1246,6053.03,7542075
2024,2,1,2024-02,1577,1334,7527,10041018
2024,2,1,2024-02,1578,813,4214.64,3426502
2024,2,1,2024-02,1579,1931,5881.21,11356617
2024,2,1,2024-02,1580,1832,6597.41,12086455
2024,2,1,2024-02,1581,976,7090.1,6919938
2024,2,1,2024-02,1582,903,4721.33,4263361
2024,2,1,2024-02,1583,1617,6912.65,11177755
2024,2,1,2024-02,1584,1411,5970.71,8424672
2024,2,1,2024-02,1585,1746,5446.07,9508838
2024,2,1,2024-02,1586,823,4561.03,3753728
2024,2,1,2024-02,1587,841,7153.61,6016186
2024,2,1,2024-02,1588,1338,4637.76,6205323
2024,2,1,2024-02,1589,707,5243.75,3707331
2024,2,1,2024-02,1590,2062,5135.33,10589050
2024,2,1,2024-02,1591,1782,7152.6,12745933
2024,2,1,2024-02,1592,941,6433.06,6053509
2024,2,1,2024-02,1593,1113,6861.5,7636850
2024,2,1,2024-02,1594,675,4929.08,3327129
2024,2,1,2024-02,1595,1131,6209.2,7022605
2024,2,1,2024-02,1596,1030,6037.51,6218635
2024,2,1,2024-02,1597,1475,7050.25,10399119
2024,2,1,2024-02,1598,1354,7350.21,9952184
2024,2,1,2024-02,1599,1101,4104.82,4519407
2024,2,1,2024-02,1600,793,6424.3,5094470
2024,2,1,2024-02,1601,1486,4090.23,6078082
2024,2,1,2024-02,1602,1888,6087.52,11493238
2024,2,1,2024-02,1603,1736,5021.69,8717654
2024,2,1,2024-02,1604,1616,5083.76,8215356
2024,2,1,2024-02,1605,955,5300.84,5062302
2024,2,1,2024-02,1606,691,6266.52,4330165
2024,2,1,2024-02,1607,1460,5247.45,7661277
2024,2,1,2024-02,1608,1855,6626.11,12291434
2024,2,1,2024-02,1609,1164,5516.31,6420985
2024,2,1,2024-02,1610,1397,4278.69,5977330
2024,2,1,2024-02,1611,1969,6823.79,13436043
2024,2,1,2024-02,1612,1646,5062.72,8333237
2024,2,1,2024-02,1613,1518,5567.56,8451556
2024,2,1,2024-02,1614,1820,6440.1,11720982
2024,2,1,2024-02,1615,775,5187.81,4020553
2024,2,1,2024-02,1616,1630,4210.59,6863262
2024,2,1,2024-02,1617,673,5409.29,3640452
2024,2,1,2024-02,1618,1472,7435.52,10945085
2024,2,1,2024-02,1619,1272,6329.02,8050513
2024,2,1,2024-02,1620,1122,6437.02,7222336
2024,2,1,2024-02,1621,1918,6360.04,12198557
2024,2,1,2024-02,1622,1491,4789.86,7141681
2024,2,1,2024-02,1623,1963,5617.12,11026407
2024,2,1,2024-02,1624,1802,6703.47,12079653
2024,2,1,2024-02,1625,1957,4367.16,8546532
2024,2,1,2024-02,1626,1812,5092.01,9226722
2024,2,1,2024-02,1627,669,5040.77,3372275
2024,2,1,2024-02,1628,1385,5559.24,7699547
2024,2,1,2024-02,1629,817,7567.29,6182476
2024,2,1,2024-02,1630,1342,4267.42,5726878
2024,2,1,2024-02,1631,1335,5934.61,7922704
2024,2,1,2024-02,1632,941,4718.79,4440381
2024,2,1,2024-02,1633,905,7500.66,6788097
2024,2,1,2024-02,1634,936,4386.11,4105399
2024,2,1,2024-02,1635,1565,5452.77,8533585
2024,2,1,2024-02,1636,1269,6751.35,8567463
2024,2,1,2024-02,1637,1416,6643.05,9406559
2024,2,1,2024-02,1638,1788,5679.02,10154088
2024,2,1,2024-02,1639,1492,5309.36,7921565
2024,2,1,2024-02,1640,1086,5423.96,5890421
2024,2,1,2024-02,1641,893,5059.13,4517803
2024,2,1,2024-02,1642,1271,4777.38,6072050
2024,2,1,2024-02,1643,810,5746.09,4654333
2024,2,1,2024-02,1644,1617,5029.07,8132006
2024,2,1,2024-02,1645,796,5166.68,4112677
2024,2,1,2024-02,1646,518,6389.79,3309911
2024,2,1,2024-02,1647,640,7503.99,4802554
2024,2,1,2024-02,1648,1029,6136.69,6314654
2024,2,1,2024-02,1649,1612,4337.69,6992356
2024,2,1,2024-02,1650,1486,4357.83,6475735
2024,2,1,2024-02,1651,1657,7438.42,12325462
2024,2,1,2024-02,1652,822,5115.66,4205073
2024,2,1,2024-02,1653,977,4396.63,4295508
2024,2,1,2024-02,1654,1824,6142.09,11203172
2024,2,1,2024-02,1655,1628,6174.3,10051760
2024,2,1,2024-02,1656,1391,6360.54,8847511
2024,2,1,2024-02,1657,1854,4999.83,9269685
2024,2,1,2024-02,1658,1093,4138.49,4523370
2024,2,1,2024-02,1659,1670,7598.57,12689612
2024,2,1,2024-02,1660,1598,5009.6,8005341
2024,2,1,2024-02,1661,1382,6370.49,8804017
2024,2,1,2024-02,1662,1392,6685.32,9305965
2024,2,1,2024-02,1663,1929,6258.17,12072010
2024,2,1,2024-02,1664,841,5159.89,4339467
2024,2,1,2024-02,1665,1018,5089.56,5181172
2024,2,1,2024-02,1666,2034,6069.52,12345404
2024,2,1,2024-02,1667,757,7114.44,5385631
2024,2,1,2024-02,1668,1836,7434.56,13649852
2024,2,1,2024-02,1669,1899,4438.73,8429148
2024,2,1,2024-02,1670,1555,4677.81,7273995
2024,2,1,2024-02,1671,1742,7471.71,13015719
2024,2,1,2024-02,1672,1560,6708.92,10465915
2024,2,1,2024-02,1673,1668,7186.57,11987199
2024,2,1,2024-02,1674,1322,4822.93,6375913
2024,2,1,2024-02,1675,590,6121.65,3611774
2024,2,1,2024-02,1676,1171,6587.11,7713506
2024,2,1,2024-02,1677,1541,6444.78,9931406
2024,2,1,2024-02,1678,1892,5523.73,10450897
2024,2,1,2024-02,1679,1524,4048.34,6169670
2024,2,1,2024-02,1680,1039,6178.59,6419555
2024,2,1,2024-02,1681,458,4939.13,2262122
2024,2,1,2024-02,1682,1832,5598.6,10256635
2024,2,1,2024-02,1683,1412,7420.9,10478311
2024,2,1,2024-02,1684,1485,5464.28,8114456
2024,2,1,2024-02,1685,1422,7004.39,9960243
2024,2,1,2024-02,1686,1127,4761.96,5366729
2024,2,1,2024-02,1687,1680,6437.88,10815638
2024,2,1,2024-02,1688,1506,7575.41,11408567
2024,2,1,2024-02,1689,1934,4408.71,8526445
2024,2,1,2024-02,1690,792,4120.96,3263800
2024,2,1,2024-02,1691,687,5601.33,3848114
2024,2,1,2024-02,1692,958,4376.81,4192984
2024,2,1,2024-02,1693,826,6673.53,5512336
2024,2,1,2024-02,1694,1427,7314.29,10437492
2024,2,1,2024-02,1695,1905,5635.58,10735780
2024,2,1,2024-02,1696,1722,4948.14,8520697
2024,2,1,2024-02,1697,721,5603.28,4039965
2024,2,1,2024-02,1698,1693,6606.86,11185414
2024,2,1,2024-02,1699,1690,4178.43,7061547
2024,2,1,2024-02,1700,545,6169.24,3362236
2024,2,1,2024-02,1701,1654,6244.02,10327609
2024,2,1,2024-02,1702,1007,6304.86,6348994
2024,2,1,2024-02,1703,1510,4959.51,7488860
2024,2,1,2024-02,1704,864,6598.25,5700888
2024,2,1,2024-02,1705,931,4381.17,4078869
2024,2,1,2024-02,1706,1032,4764.41,4916871
2024,2,1,2024-02,1707,1171,7129.62,8348785
2024,2,1,2024-02,1708,1528,6753.32,10319073
2024,2,1,2024-02,1709,1095,4149.37,4543560
2024,2,1,2024-02,1710,1079,4942.73,5333206
2024,2,1,2024-02,1711,1970,4816.89,9489273
2024,2,1,2024-02,1712,1676,4982.42,8350536
2024,2,1,2024-02,1713,874,4873.01,4259011
2024,2,1,2024-02,1714,720,4241.81,3054103
2024,2,1,2024-02,1715,978,5742.56,5616224
2024,2,1,2024-02,1716,1208,6647.3,8029938
2024,2,1,2024-02,1717,640,6265.35,4009824
2024,2,1,2024-02,1718,939,6450.49,6057010
2024,2,1,2024-02,1719,1401,4308.59,6036335
2024,2,1,2024-02,1720,1225,7409.58,9076736
2024,2,1,2024-02,1721,1366,7051.88,9632868
2024,2,1,2024-02,1722,1601,6849.13,10965457
2024,2,1,2024-02,1723,1171,6951.12,8139762
2024,2,1,2024-02,1724,955,7355.41,7024417
2024,2,1,2024-02,1725,1968,6031.4,11869795
2024,2,1,2024-02,1726,1065,4784.04,5095003
2024,2,1,2024-02,1727,1359,6260.82,8508454
2024,2,1,2024-02,1728,1976,6721.64,13281961
2024,2,1,2024-02,1729,787,6729.67,5296250
2024,2,1,2024-02,1730,812,5915.65,4803508
2024,2,1,2024-02,1731,1696,4256,7218176
2024,2,1,2024-02,1732,980,5387.24,5279495
2024,2,1,2024-02,1733,1066,7295.53,7777035
2024,2,1,2024-02,1734,1616,6044.3,9767589
2024,2,1,2024-02,1735,1566,5981.91,9367671
2024,2,1,2024-02,1736,1632,5038.4,8222669
2024,2,1,2024-02,1737,1814,5384.92,9768245
2024,2,1,2024-02,1738,486,7265.7,3531130
2024,2,1,2024-02,1739,1053,6479.21,6822608
2024,2,1,2024-02,1740,1898,6815.44,12935705
2024,2,1,2024-02,1741,1326,5657.3,7501580
2024,2,1,2024-02,1742,1252,6242.34,7815410
2024,2,1,2024-02,1743,1104,4962.58,5478688
2024,2,1,2024-02,1744,1427,6623.02,9451050
2024,2,1,2024-02,1745,835,5555.15,4638550
2024,2,1,2024-02,1746,1318,5665.3,7466865
2024,2,1,2024-02,1747,1715,6333.47,10861901
2024,2,1,2024-02,1748,2022,7417.57,14998327
2024,2,1,2024-02,1749,1115,4186.19,4667602
2024,2,1,2024-02,1750,1091,7060.41,7702907
2024,2,1,2024-02,1751,1910,5049.76,9645042
2024,2,1,2024-02,1752,1043,5645.28,5888027
2024,2,1,2024-02,1753,1749,4200.24,7346220
2024,2,1,2024-02,1754,2021,5077.06,10260738
2024,2,1,2024-02,1755,1457,5925.64,8633657
2024,2,1,2024-02,1756,1971,4353.51,8580768
2024,2,1,2024-02,1757,1186,5836.44,6922018
2024,2,1,2024-02,1758,883,7356.67,6495940
2024,2,1,2024-02,1759,1925,4425.57,8519222
2024,2,1,2024-02,1760,850,6803.3,5782805
2024,2,1,2024-02,1761,1836,5549.47,10188827
2024,2,1,2024-02,1762,780,6298.31,4912682
2024,2,1,2024-02,1763,1773,4971.69,8814806
2024,2,1,2024-02,1764,1461,4599.95,6720527
2024,2,1,2024-02,1765,979,4596.88,4500346
2024,2,1,2024-02,1766,1686,4277.84,7212438
2024,2,1,2024-02,1767,1859,4661.03,8664855
2024,2,1,2024-02,1768,1228,6490.81,7970715
2024,2,1,2024-02,1769,681,7167.97,4881388
2024,2,1,2024-02,1770,1578,6947.62,10963344
2024,2,1,2024-02,1771,965,6481.38,6254532
2024,2,1,2024-02,1772,1396,4427.11,6180246
2024,2,1,2024-02,1773,1030,5106.22,5259407
2024,2,1,2024-02,1774,1407,5146.73,7241449
2024,2,1,2024-02,1775,1230,4975.19,6119484
2024,2,1,2024-02,1776,863,5961.12,5144447
2024,2,1,2024-02,1777,1221,5914.03,7221031
2024,2,1,2024-02,1778,1666,5342.72,8900972
2024,2,1,2024-02,1779,693,5330.37,3693946
2024,2,1,2024-02,1780,999,6952.56,6945607
2024,2,1,2024-02,1781,2094,6894.91,14437942
2024,2,1,2024-02,1782,1423,5141.82,7316810
2024,2,1,2024-02,1783,1088,7379.6,8029005
2024,2,1,2024-02,1784,859,7492.27,6435860
2024,2,1,2024-02,1785,1182,5220.98,6171198
2024,2,1,2024-02,1786,1202,5309.7,6382259
2024,2,1,2024-02,1787,1888,5935.11,11205488
2024,2,1,2024-02,1788,1613,7379.66,11903392
2024,2,1,2024-02,1789,1182,7187.2,8495270
2024,2,1,2024-02,1790,1121,4420.91,4955840
2024,2,1,2024-02,1791,1549,5509.42,8534092
2024,2,1,2024-02,1792,675,6084.12,4106781
2024,2,1,2024-02,1793,1334,5872.65,7834115
2024,2,1,2024-02,1794,1742,4724.73,8230480
2024,2,1,2024-02,1795,1328,7106.01,9436781
2024,2,1,2024-02,1796,648,6410.95,4154296
2024,2,1,2024-02,1797,1442,7049.91,10165970
2024,2,1,2024-02,1798,671,7076.57,4748378
2024,2,1,2024-02,1799,1243,6821.01,8478515
2024,2,1,2024-02,1800,1821,5596.29,10190844
2024,2,1,2024-02,1801,1373,6276.37,8617456
2024,2,1,2024-02,1802,1750,4698.15,8221762
2024,2,1,2024-02,1803,1036,6491.89,6725598
2024,2,1,2024-02,1804,1503,4673.73,7024616
2024,2,1,2024-02,1805,1150,6500.77,7475886
2024,2,1,2024-02,1806,855,5008.04,4281874
2024,2,1,2024-02,1807,1912,4565.94,8730077
2024,2,1,2024-02,1808,1456,4660.51,6785703
2024,2,1,2024-02,1809,1360,4050.96,5509306
2024,2,1,2024-02,1810,898,6575.79,5905059
2024,2,1,2024-02,1811,1600,6635.63,10617008
2024,2,1,2024-02,1812,1580,5922.17,9357029
2024,2,1,2024-02,1813,1549,4736.99,7337598
2024,2,1,2024-02,1814,1620,4350.88,7048426
2024,2,1,2024-02,1815,1777,4181.06,7429744
2024,2,1,2024-02,1816,1436,4688.94,6733318
2024,2,1,2024-02,1817,1860,7213.82,13417705
2024,2,1,2024-02,1818,1385,4962.97,6873713
2024,2,1,2024-02,1819,1942,5365.25,10419316
2024,2,1,2024-02,1820,1225,4474.97,5481838
2024,2,1,2024-02,1821,1955,4831.25,9445094
2024,2,1,2024-02,1822,1268,5937.74,7529054
2024,2,1,2024-02,1823,737,6273.78,4623776
2024,2,1,2024-02,1824,996,4974.59,4954692
2024,2,1,2024-02,1825,1591,4312.9,6861824
2024,2,1,2024-02,1826,771,5440.48,4194610
2024,2,1,2024-02,1827,1911,4940.2,9440722
2024,2,1,2024-02,1828,1774,4897.89,8688857
2024,2,1,2024-02,1829,1681,7451.82,12526509
2024,2,1,2024-02,1830,1128,6188.39,6980504
2024,2,1,2024-02,1831,1365,6112.97,8344204
2024,2,1,2024-02,1832,1601,5516.79,8832381
2024,2,1,2024-02,1833,1690,5551.01,9381207
2024,2,1,2024-02,1834,1341,5992.12,8035433
2024,2,1,2024-02,1835,1221,6523.46,7965145
2024,2,1,2024-02,1836,1365,6469.26,8830540
2024,2,1,2024-02,1837,1824,4709.78,8590639
2024,2,1,2024-02,1838,1173,5876.51,6893146
2024,2,1,2024-02,1839,832,5477.62,4557380
2024,2,1,2024-02,1840,1605,7153.55,11481448
2024,2,1,2024-02,1841,1090,6258.66,6821939
2024,2,1,2024-02,1842,1535,5914.04,9078051
2024,2,1,2024-02,1843,1709,4442.36,7591993
2024,2,1,2024-02,1844,998,6236.54,6224067
2024,2,1,2024-02,1845,1359,4566.38,6205710
2024,2,1,2024-02,1846,1958,5239.61,10259156
2024,2,1,2024-02,1847,893,4604.8,4112086
2024,2,1,2024-02,1848,853,6556.01,5592277
2024,2,1,2024-02,1849,1168,4696.7,5485746
2024,2,1,2024-02,1850,1438,5390.23,7751151
2024,2,1,2024-02,1851,1301,7336.21,9544409
2024,2,1,2024-02,1852,964,4762.87,4591407
2024,2,1,2024-02,1853,1457,5885.25,8574809
2024,2,1,2024-02,1854,1398,5565.19,7780136
2024,2,1,2024-02,1855,1256,4027.79,5058904
2024,2,1,2024-02,1856,1663,6847.46,11387326
2024,2,1,2024-02,1857,1360,4337.33,5898769
2024,2,1,2024-02,1858,882,5703.35,5030355
2024,2,1,2024-02,1859,1022,6035.86,6168649
2024,2,1,2024-02,1860,1613,6239.6,10064475
2024,2,1,2024-02,1861,1661,6470.05,10746753
2024,2,1,2024-02,1862,1180,4936.04,5824527
2024,2,1,2024-02,1863,1578,4010.93,6329248
2024,2,1,2024-02,1864,1389,6684.39,9284618
2024,2,1,2024-02,1865,1285,5901.41,7583312
2024,2,1,2024-02,1866,1564,7024.58,10986443
2024,2,1,2024-02,1867,1147,6946.44,7967567
2024,2,1,2024-02,1868,950,7106.43,6751108
2024,2,1,2024-02,1869,700,5728.64,4010048
2024,2,1,2024-02,1870,2003,5210.29,10436211
2024,2,1,2024-02,1871,1178,6813.71,8026550
2024,2,1,2024-02,1872,858,5555.54,4766653
2024,2,1,2024-02,1873,1625,4734.33,7693286
2024,2,1,2024-02,1874,1449,7100.85,10289132
2024,2,1,2024-02,1875,900,7207.35,6486615
2024,2,1,2024-02,1876,750,5753.77,4315328
2024,2,1,2024-02,1877,1734,4333.16,7513699
2024,2,1,2024-02,1878,775,5418.23,4199128
2024,2,1,2024-02,1879,1905,6928.17,13198164
2024,2,1,2024-02,1880,1206,7243.02,8735082
2024,2,1,2024-02,1881,894,4832.71,4320443
2024,2,1,2024-02,1882,689,4280.97,2949588
2024,2,1,2024-02,1883,1926,7173.6,13816354
2024,2,1,2024-02,1884,1116,5472.47,6107277
2024,2,1,2024-02,1885,1557,6090.73,9483267
2024,2,1,2024-02,1886,874,7455.55,6516151
2024,2,1,2024-02,1887,1867,4240.98,7917910
2024,2,1,2024-02,1888,1806,6353.5,11474421
2024,2,1,2024-02,1889,1417,4288.95,6077442
2024,2,1,2024-02,1890,631,5425.77,3423661
2024,2,1,2024-02,1891,1539,6926.35,10659653
2024,2,1,2024-02,1892,864,5550.16,4795338
2024,2,1,2024-02,1893,1144,7638.81,8738799
2024,2,1,2024-02,1894,1373,6130.26,8416847
2024,2,1,2024-02,1895,1495,5165.2,7721974
2024,2,1,2024-02,1896,1858,4856.46,9023303
2024,2,1,2024-02,1897,1082,5206.8,5633758
2024,2,1,2024-02,1898,1684,5367.27,9038483
2024,2,1,2024-02,1899,1690,4317.38,7296372
2024,2,1,2024-02,1900,844,5366.95,4529706
2024,2,1,2024-02,1901,1280,5715,7315200
2024,2,1,2024-02,1902,1435,6594.15,9462605
2024,2,1,2024-02,1903,1368,6451.14,8825160
2024,2,1,2024-02,1904,754,6561,4946994
2024,2,1,2024-02,1905,681,4033.52,2746827
2024,2,1,2024-02,1906,897,4831.38,4333748
2024,2,1,2024-02,1907,1349,6453.58,8705879
2024,2,1,2024-02,1908,1153,5805.12,6693303
2024,2,1,2024-02,1909,603,4054.7,2444984
2024,2,1,2024-02,1910,1133,6999.68,7930637
2024,2,1,2024-02,1911,1707,6803.85,11614172
2024,2,1,2024-02,1912,918,5932.23,5445787
2024,2,1,2024-02,1913,1645,4322.2,7110019
2024,2,1,2024-02,1914,1344,6778.65,9110506
2024,2,1,2024-02,1915,628,6131.46,3850557
2024,2,1,2024-02,1916,691,6879.75,4753907
2024,2,1,2024-02,1917,876,6720.57,5887219
2024,2,1,2024-02,1918,1408,6901.52,9717340
2024,2,1,2024-02,1919,799,5844.73,4669939
2024,2,1,2024-02,1920,1365,4534.27,6189279
2024,2,1,2024-02,1921,772,6456.76,4984619
2024,2,1,2024-02,1922,1781,6239.05,11111748
2024,2,1,2024-02,1923,1108,6623.43,7338760
2024,2,1,2024-02,1924,1115,4692.52,5232160
2024,2,1,2024-02,1925,606,4783.6,2898862
2024,2,1,2024-02,1926,1324,7256.9,9608136
2024,2,1,2024-02,1927,1637,6684.38,10942330
2024,2,1,2024-02,1928,2056,7287.84,14983799
2024,2,1,2024-02,1929,732,6767.88,4954088
2024,2,1,2024-02,1930,1923,6209.35,11940580
2024,2,1,2024-02,1931,1215,6412.96,7791746
2024,2,1,2024-02,1932,1795,7157.27,12847300
2024,2,1,2024-02,1933,1279,6194.84,7923200
2024,2,1,2024-02,1934,1903,6253.51,11900430
2024,2,1,2024-02,1935,1771,4542.13,8044112
2024,2,1,2024-02,1936,1602,5612.35,8990985
2024,2,1,2024-02,1937,1696,6638.05,11258133
2024,2,1,2024-02,1938,840,5087.77,4273727
2024,2,1,2024-02,1939,871,4749.86,4137128
2024,2,1,2024-02,1940,920,5095.51,4687869
2024,2,1,2024-02,1941,595,4957.23,2949552
2024,2,1,2024-02,1942,1038,4764.93,4945997
2024,2,1,2024-02,1943,1663,5597.73,9309025
2024,2,1,2024-02,1944,735,7245.78,5325648
2024,2,1,2024-02,1945,1367,5842.45,7986629
2024,2,1,2024-02,1946,1867,4741.72,8852791
2024,2,1,2024-02,1947,1848,4347.51,8034198
2024,2,1,2024-02,1948,839,6539.44,5486590
2024,2,1,2024-02,1949,899,5486.49,4932355
2024,2,1,2024-02,1950,1233,7058.68,8703352
2024,2,1,2024-02,1951,1258,6484.98,8158105
2024,2,1,2024-02,1952,1557,6882.62,10716239
2024,2,1,2024-02,1953,1530,5030.92,7697308
2024,2,1,2024-02,1954,1562,6583.16,10282896
2024,2,1,2024-02,1955,704,4968.78,3498021
2024,2,1,2024-02,1956,1646,7379.09,12145982
2024,2,1,2024-02,1957,1286,6322.99,8131365
2024,2,1,2024-02,1958,1376,5212.2,7171987
2024,2,1,2024-02,1959,1593,5004.6,7972328
2024,2,1,2024-02,1960,658,4695.97,3089948
2024,2,1,2024-02,1961,1350,6567.69,8866382
2024,2,1,2024-02,1962,1916,4819.42,9234009
2024,2,1,2024-02,1963,1797,6183.04,11110923
2024,2,1,2024-02,1964,862,4999.83,4309853
2024,2,1,2024-02,1965,1635,6443.46,10535057
2024,2,1,2024-02,1966,1299,6977.56,9063850
2024,2,1,2024-02,1967,2053,6814.27,13989696
2024,2,1,2024-02,1968,1089,6746.02,7346416
2024,2,1,2024-02,1969,894,4721.66,4221164
2024,2,1,2024-02,1970,1147,4323.46,4959009
2024,2,1,2024-02,1971,1089,6508.37,7087615
2024,2,1,2024-02,1972,1191,5392.82,6422849
2024,2,1,2024-02,1973,1474,5610,8269140
2024,2,1,2024-02,1974,1281,4126.4,5285918
2024,2,1,2024-02,1975,1108,4976.77,5514261
2024,2,1,2024-02,1976,1847,4108.52,7588436
2024,2,1,2024-02,1977,917,7191.58,6594679
2024,2,1,2024-02,1978,1250,4909.5,6136875
2024,2,1,2024-02,1979,1680,6135.27,10307254
2024,2,1,2024-02,1980,1339,4224.14,5656123
2024,2,1,2024-02,1981,1263,6387.52,8067438
2024,2,1,2024-02,1982,662,5164.28,3418753
2024,2,1,2024-02,1983,935,7280.8,6807548
2024,2,1,2024-02,1984,781,7256.82,5667576
2024,2,1,2024-02,1985,1677,5299.47,8887211
2024,2,1,2024-02,1986,1072,7314.96,7841637
2024,2,1,2024-02,1987,1334,7622.91,10168962
2024,2,1,2024-02,1988,1826,7058.32,12888492
2024,2,1,2024-02,1989,1273,7066.82,8996062
2024,2,1,2024-02,1990,887,4945.93,4387040
2024,2,1,2024-02,1991,1450,6055.29,8780170
2024,2,1,2024-02,1992,581,4366.14,2536727
2024,2,1,2024-02,1993,967,4402.59,4257305
2024,2,1,2024-02,1994,1337,7606.73,10170198
2024,2,1,2024-02,1995,1139,5184.9,5905601
2024,2,1,2024-02,1996,1350,6774.79,9145966
2024,2,1,2024-02,1997,1857,6972,12947004
2024,2,1,2024-02,1998,1887,7069.63,13340392
2024,2,1,2024-02,1999,732,7629.64,5584896
2024,2,1,2024-02,2000,1432,4953.69,7093684
2024,2,1,2024-02,2001,935,4146.51,3876987
2024,2,1,2024-02,2002,1532,5550.16,8502845
2024,2,1,2024-02,2003,1044,4541.52,4741347
2024,2,1,2024-02,2004,958,4166.89,3991881
2024,2,1,2024-02,2005,1701,5430.18,9236736
2024,2,1,2024-02,2006,1781,6979.35,12430222
2024,2,1,2024-02,2007,1522,6128.07,9326923
2024,2,1,2024-02,2008,1053,5183.07,5457773
2024,2,1,2024-02,2009,929,6414.67,5959228
2024,2,1,2024-02,2010,1788,4903.69,8767798
2024,2,1,2024-02,2011,1390,4216.07,5860337
2024,2,1,2024-02,2012,821,6783.33,5569114
2024,2,1,2024-02,2013,1221,6258.49,7641616
2024,2,1,2024-02,2014,1926,6794.55,13086303
2024,2,1,2024-02,2015,955,4291.52,4098402
2024,2,1,2024-02,2016,1762,6992.31,12320450
2024,2,1,2024-02,2017,1073,6231.9,6686829
2024,2,1,2024-02,2018,1814,6029.81,10938075
2024,2,1,2024-02,2019,1786,6226.36,11120279
2024,2,1,2024-02,2020,1080,7090.23,7657448
2024,2,1,2024-02,2021,868,6188.57,5371679
2024,2,1,2024-02,2022,1475,6134.86,9048918
2024,2,1,2024-02,2023,1475,7523.74,11097516
2024,2,1,2024-02,2024,1072,6780.89,7269114
2024,2,1,2024-02,2025,601,5647.45,3394117
2024,2,1,2024-02,2026,1365,6617.43,9032792
2024,2,1,2024-02,2027,1090,5416.03,5903473
2024,2,1,2024-02,2028,1770,4817.77,8527453
2024,2,1,2024-02,2029,1526,6212.1,9479665
2024,2,1,2024-02,2030,1211,7396.85,8957585
2024,2,1,2024-02,2031,870,7313.42,6362675
2024,2,1,2024-02,2032,553,5285.63,2922953
2024,2,1,2024-02,2033,933,5907.79,5511968
2024,2,1,2024-02,2034,950,4855.38,4612611
2024,2,1,2024-02,2035,1311,7629.37,10002104
2024,2,1,2024-02,2036,1633,7602.8,12415372
2024,2,1,2024-02,2037,1066,6330.9,6748739
2024,2,1,2024-02,2038,845,6888.56,5820833
2024,2,1,2024-02,2039,1251,6585.32,8238235
2024,2,1,2024-02,2040,491,6144.52,3016959
2024,2,1,2024-02,2041,1173,4265.39,5003302
2024,2,1,2024-02,2042,617,5627.78,3472340
2024,2,1,2024-02,2043,1702,6527.1,11109124
2024,2,1,2024-02,2044,1066,6546.88,6978974
2024,2,1,2024-02,2045,1507,5435.85,8191826
2024,2,1,2024-02,2046,1839,7430.26,13664248
2024,2,1,2024-02,2047,1416,4648.68,6582531
2024,2,1,2024-02,2048,764,5846.88,4467016
2024,2,1,2024-02,2049,715,6481.85,4634523
2024,2,1,2024-02,2050,1937,6545.2,12678052
2024,2,1,2024-02,2051,1621,6380.76,10343212
2024,2,1,2024-02,2052,1003,5000.89,5015893
2024,2,1,2024-02,2053,2003,4687.54,9389143
2024,2,1,2024-02,2054,1820,6316.72,11496430
2024,2,1,2024-02,2055,1007,6143.93,6186938
2024,2,1,2024-02,2056,705,4687.66,3304800
2024,2,1,2024-02,2057,1061,6539.47,6938378
2024,2,1,2024-02,2058,1676,5639.88,9452439
2024,2,1,2024-02,2059,838,6504.37,5450662
2024,2,1,2024-02,2060,1913,7037.23,13462221
2024,2,1,2024-02,2061,1399,4709,6587891
2024,2,1,2024-02,2062,1155,4145.7,4788284
2024,2,1,2024-02,2063,897,6851.04,6145383
2024,2,1,2024-02,2064,1090,6226.57,6786961
2024,2,1,2024-02,2065,1256,6527.58,8198640
2024,2,1,2024-02,2066,1314,7098.08,9326877
2024,2,1,2024-02,2067,2033,6943.34,14115810
2024,2,1,2024-02,2068,1572,7468,11739696
2024,2,1,2024-02,2069,884,6009.64,5312522
2024,2,1,2024-02,2070,1960,5864.15,11493734
2024,2,1,2024-02,2071,1458,5504.69,8025838
2024,2,1,2024-02,2072,1143,4675.44,5344028
2024,2,1,2024-02,2073,814,6073.82,4944089
2024,2,1,2024-02,2074,1177,5003.68,5889331
2024,2,1,2024-02,2075,1691,7319.84,12377849
2024,2,1,2024-02,2076,1956,6134.79,11999649
2024,2,1,2024-02,2077,1596,6237.24,9954635
2024,2,1,2024-02,2078,1486,5304.07,7881848
2024,2,1,2024-02,2079,1209,4261.27,5151875
2024,2,1,2024-02,2080,1764,4221.53,7446779
2024,2,1,2024-02,2081,861,5585.52,4809133
2024,2,1,2024-02,2082,887,4337.61,3847460
2024,2,1,2024-02,2083,981,6159.51,6042479
2024,2,1,2024-02,2084,1882,7246.69,13638271
2024,3,1,2024-03,1,1660,7181.81,11921805
2024,3,1,2024-03,2,2117,4782.63,10124828
2024,3,1,2024-03,3,1528,4437.11,6779904
2024,3,1,2024-03,4,1830,4957.62,9072445
2024,3,1,2024-03,5,1805,4265.27,7698812
2024,3,1,2024-03,6,1799,5923.9,10657096
2024,3,1,2024-03,7,1523,7485.6,11400569
2024,3,1,2024-03,8,674,4188.27,2822894
2024,3,1,2024-03,9,1132,4390.16,4969661
2024,3,1,2024-03,10,1964,5710.12,11214676
2024,3,1,2024-03,11,832,7337.22,6104567
2024,3,1,2024-03,12,1766,5187.8,9161655
2024,3,1,2024-03,13,768,5926.52,4551567
2024,3,1,2024-03,14,2071,4191.55,8680700
2024,3,1,2024-03,15,1669,4576.36,7637945
2024,3,1,2024-03,16,1735,7612.1,13206994
2024,3,1,2024-03,17,629,7557.61,4753737
2024,3,1,2024-03,18,1759,4068.85,7157107
2024,3,1,2024-03,19,1233,7537.1,9293244
2024,3,1,2024-03,20,938,6254.6,5866815
2024,3,1,2024-03,21,1959,7106.78,13922182
2024,3,1,2024-03,22,1265,5654.91,7153461
2024,3,1,2024-03,23,1102,5940.61,6546552
2024,3,1,2024-03,24,1771,5808.2,10286322
2024,3,1,2024-03,25,1373,6401.23,8788889
2024,3,1,2024-03,26,939,4503.96,4229218
2024,3,1,2024-03,27,1660,4096.94,6800920
2024,3,1,2024-03,28,1048,5176.96,5425454
2024,3,1,2024-03,29,1959,6548.72,12828942
2024,3,1,2024-03,30,748,4821.73,3606654
2024,3,1,2024-03,31,953,6390.48,6090127
2024,3,1,2024-03,32,1310,7529.74,9863959
2024,3,1,2024-03,33,1288,4389.84,5654114
2024,3,1,2024-03,34,1011,6424.43,6495099
2024,3,1,2024-03,35,1618,5612.94,9081737
2024,3,1,2024-03,36,1269,7152.83,9076941
2024,3,1,2024-03,37,1940,4686.71,9092217
2024,3,1,2024-03,38,1283,6483.2,8317946
2024,3,1,2024-03,39,1368,7064.5,9664236
2024,3,1,2024-03,40,826,7474.68,6174086
2024,3,1,2024-03,41,1493,6478.96,9673087
2024,3,1,2024-03,42,1231,5853.66,7205855
2024,3,1,2024-03,43,1601,6249.93,10006138
2024,3,1,2024-03,44,1049,7259.38,7615090
2024,3,1,2024-03,45,1955,6089.55,11905070
2024,3,1,2024-03,46,1291,4197.19,5418572
2024,3,1,2024-03,47,1846,7424.33,13705313
2024,3,1,2024-03,48,1018,6483.46,6600162
2024,3,1,2024-03,49,664,6497.73,4314493
2024,3,1,2024-03,50,1463,4864.09,7116164
2024,3,1,2024-03,51,720,6422.55,4624236
2024,3,1,2024-03,52,1848,5494.02,10152949
2024,3,1,2024-03,53,925,6346.79,5870781
2024,3,1,2024-03,54,1221,4533.56,5535477
2024,3,1,2024-03,55,932,6291.57,5863743
2024,3,1,2024-03,56,887,7577.7,6721420
2024,3,1,2024-03,57,668,4168.89,2784819
2024,3,1,2024-03,58,1355,7613.91,10316848
2024,3,1,2024-03,59,1832,5500.22,10076403
2024,3,1,2024-03,60,1148,7114.99,8168009
2024,3,1,2024-03,61,1427,6815.64,9725918
2024,3,1,2024-03,62,1835,6007.51,11023781
2024,3,1,2024-03,63,631,6714.7,4236976
2024,3,1,2024-03,64,1987,7217.89,14341947
2024,3,1,2024-03,65,1452,5509.92,8000404
2024,3,1,2024-03,66,1981,5189.53,10280459
2024,3,1,2024-03,67,1981,6502.88,12882205
2024,3,1,2024-03,68,994,6968.72,6926908
2024,3,1,2024-03,69,1403,6692.82,9390026
2024,3,1,2024-03,70,525,6889.1,3616778
2024,3,1,2024-03,71,859,5556.15,4772733
2024,3,1,2024-03,72,1684,7035.33,11847496
2024,3,1,2024-03,73,1905,4465.23,8506263
2024,3,1,2024-03,74,1431,5933.86,8491354
2024,3,1,2024-03,75,1559,4071.36,6347250
2024,3,1,2024-03,76,1799,5284.57,9506941
2024,3,1,2024-03,77,1121,5401.02,6054543
2024,3,1,2024-03,78,1754,5444.43,9549530
2024,3,1,2024-03,79,2002,6525.61,13064271
2024,3,1,2024-03,80,1412,5485.56,7745611
2024,3,1,2024-03,81,1017,5717.64,5814840
2024,3,1,2024-03,82,1380,4833.36,6670037
2024,3,1,2024-03,83,845,5393.2,4557254
2024,3,1,2024-03,84,965,4850.6,4680829
2024,3,1,2024-03,85,1378,4296.09,5920012
2024,3,1,2024-03,86,796,6266.23,4987919
2024,3,1,2024-03,87,1370,6375.44,8734353
2024,3,1,2024-03,88,1908,6299.18,12018835
2024,3,1,2024-03,89,1052,5604.88,5896334
2024,3,1,2024-03,90,1989,5376.92,10694694
2024,3,1,2024-03,91,1918,7132.6,13680327
2024,3,1,2024-03,92,1513,5846.47,8845709
2024,3,1,2024-03,93,837,5862.59,4906988
2024,3,1,2024-03,94,1340,4116.45,5516043
2024,3,1,2024-03,95,1210,5236.45,6336104
2024,3,1,2024-03,96,1423,5379.8,7655455
2024,3,1,2024-03,97,1532,5503.59,8431500
2024,3,1,2024-03,98,1276,6163.8,7865009
2024,3,1,2024-03,99,766,5937.45,4548087
2024,3,1,2024-03,100,1478,6235.95,9216734
2024,3,1,2024-03,101,739,6798.33,5023966
2024,3,1,2024-03,102,998,6886.97,6873196
2024,3,1,2024-03,103,1055,6608.74,6972221
2024,3,1,2024-03,104,1441,7430.92,10707956
2024,3,1,2024-03,105,1667,4052.3,6755184
2024,3,1,2024-03,106,325,4764.04,1548313
2024,3,1,2024-03,107,689,4130.03,2845591
2024,3,1,2024-03,108,1151,6364.55,7325597
2024,3,1,2024-03,109,1779,7138.88,12700068
2024,3,1,2024-03,110,1615,4903.72,7919508
2024,3,1,2024-03,111,1050,7317.66,7683543
2024,3,1,2024-03,112,1733,4352.09,7542172
2024,3,1,2024-03,113,1438,7368.96,10596564
2024,3,1,2024-03,114,1768,5236.66,9258415
2024,3,1,2024-03,115,1122,4416.46,4955268
2024,3,1,2024-03,116,998,5815.84,5804208
2024,3,1,2024-03,117,1243,4976.07,6185255
2024,3,1,2024-03,118,997,5035.53,5020423
2024,3,1,2024-03,119,1025,5130.81,5259080
2024,3,1,2024-03,120,765,6950.82,5317377
2024,3,1,2024-03,121,1742,5981.51,10419790
2024,3,1,2024-03,122,794,5256.89,4173971
2024,3,1,2024-03,123,1694,6234.76,10561683
2024,3,1,2024-03,124,733,6538.32,4792589
2024,3,1,2024-03,125,684,5019.05,3433030
2024,3,1,2024-03,126,1515,5504.41,8339181
2024,3,1,2024-03,127,1577,4421.52,6972737
2024,3,1,2024-03,128,1567,4708.24,7377812
2024,3,1,2024-03,129,1572,6463.54,10160685
2024,3,1,2024-03,130,929,4710.12,4375701
2024,3,1,2024-03,131,1078,6009.48,6478219
2024,3,1,2024-03,132,1377,6575.97,9055111
2024,3,1,2024-03,133,748,4484.05,3354069
2024,3,1,2024-03,134,1356,6068.56,8228967
2024,3,1,2024-03,135,1370,4989.55,6835684
2024,3,1,2024-03,136,1397,7491.04,10464983
2024,3,1,2024-03,137,1181,5790.99,6839159
2024,3,1,2024-03,138,2039,6921.01,14111939
2024,3,1,2024-03,139,1265,6081.62,7693249
2024,3,1,2024-03,140,1374,4240.43,5826351
2024,3,1,2024-03,141,1642,6316.79,10372169
2024,3,1,2024-03,142,1155,7485.51,8645764
2024,3,1,2024-03,143,1398,6205.08,8674702
2024,3,1,2024-03,144,1171,7024.17,8225303
2024,3,1,2024-03,145,1232,7152.3,8811634
2024,3,1,2024-03,146,1455,4965.37,7224613
2024,3,1,2024-03,147,1019,4820.12,4911702
2024,3,1,2024-03,148,674,6181.3,4166196
2024,3,1,2024-03,149,1362,5554.49,7565215
2024,3,1,2024-03,150,1550,7105.73,11013882
2024,3,1,2024-03,151,1871,7215.58,13500350
2024,3,1,2024-03,152,1254,5294.46,6639253
2024,3,1,2024-03,153,1353,4946.42,6692506
2024,3,1,2024-03,154,1783,6861.67,12234358
2024,3,1,2024-03,155,1201,5016,6024216
2024,3,1,2024-03,156,1609,6974.9,11222614
2024,3,1,2024-03,157,1099,5509.76,6055226
2024,3,1,2024-03,158,1146,6389.6,7322482
2024,3,1,2024-03,159,2018,4322.28,8722361
2024,3,1,2024-03,160,717,6262.83,4490449
2024,3,1,2024-03,161,1492,5696.32,8498909
2024,3,1,2024-03,162,1659,6133.89,10176124
2024,3,1,2024-03,163,1002,4705.85,4715262
2024,3,1,2024-03,164,1568,6651.79,10430007
2024,3,1,2024-03,165,1149,7062.08,8114330
2024,3,1,2024-03,166,1654,4881.05,8073257
2024,3,1,2024-03,167,1681,4414.73,7421161
2024,3,1,2024-03,168,1533,4196.83,6433740
2024,3,1,2024-03,169,1170,6327.84,7403573
2024,3,1,2024-03,170,1309,6290.39,8234121
2024,3,1,2024-03,171,1203,5955.34,7164274
2024,3,1,2024-03,172,1363,4870.29,6638205
2024,3,1,2024-03,173,1109,5467.49,6063446
2024,3,1,2024-03,174,1460,6152.78,8983059
2024,3,1,2024-03,175,1535,5836.27,8958674
2024,3,1,2024-03,176,1901,7630.3,14505200
2024,3,1,2024-03,177,2183,4560.14,9954786
2024,3,1,2024-03,178,1613,6524.27,10523648
2024,3,1,2024-03,179,1985,5552.08,11020879
2024,3,1,2024-03,180,1860,5604.98,10425263
2024,3,1,2024-03,181,667,6611.87,4410117
2024,3,1,2024-03,182,1753,6519.06,11427912
2024,3,1,2024-03,183,1774,7569.96,13429109
2024,3,1,2024-03,184,1980,4552.49,9013930
2024,3,1,2024-03,185,1743,4467.72,7787236
2024,3,1,2024-03,186,1145,6693.17,7663680
2024,3,1,2024-03,187,1300,6135.97,7976761
2024,3,1,2024-03,188,1580,5009.01,7914236
2024,3,1,2024-03,189,1918,4355.07,8353024
2024,3,1,2024-03,190,2105,4337.1,9129596
2024,3,1,2024-03,191,1277,7248.23,9255990
2024,3,1,2024-03,192,2238,4803.97,10751285
2024,3,1,2024-03,193,1966,5261.86,10344817
2024,3,1,2024-03,194,1370,4905.12,6720014
2024,3,1,2024-03,195,900,5320.28,4788252
2024,3,1,2024-03,196,1870,4344.92,8125000
2024,3,1,2024-03,197,1727,5876.56,10148819
2024,3,1,2024-03,198,1405,4232.37,5946480
2024,3,1,2024-03,199,1364,6919.1,9437652
2024,3,1,2024-03,200,1882,4872.61,9170252
2024,3,1,2024-03,201,2018,6060.28,12229645
2024,3,1,2024-03,202,1664,7264.15,12087546
2024,3,1,2024-03,203,1777,6343.69,11272737
2024,3,1,2024-03,204,1120,5986.14,6704477
2024,3,1,2024-03,205,985,5123.28,5046431
2024,3,1,2024-03,206,2070,5258.26,10884598
2024,3,1,2024-03,207,1967,6455.07,12697123
2024,3,1,2024-03,208,1892,7552.09,14288554
2024,3,1,2024-03,209,1809,6421.15,11615860
2024,3,1,2024-03,210,1431,6001.49,8588132
2024,3,1,2024-03,211,1792,6697.04,12001096
2024,3,1,2024-03,212,1117,5722.05,6391530
2024,3,1,2024-03,213,686,4338.73,2976369
2024,3,1,2024-03,214,599,5990.44,3588274
2024,3,1,2024-03,215,1140,7427.71,8467589
2024,3,1,2024-03,216,724,4659.73,3373645
2024,3,1,2024-03,217,1345,6536.07,8791014
2024,3,1,2024-03,218,1706,4785,8163210
2024,3,1,2024-03,219,910,5984.23,5445649
2024,3,1,2024-03,220,2107,4372.42,9212689
2024,3,1,2024-03,221,1733,5575.22,9661856
2024,3,1,2024-03,222,1599,6715.34,10737829
2024,3,1,2024-03,223,1379,5358.23,7388999
2024,3,1,2024-03,224,1936,6396.74,12384089
2024,3,1,2024-03,225,742,6897.37,5117849
2024,3,1,2024-03,226,1193,7361.12,8781816
2024,3,1,2024-03,227,2087,4901.08,10228554
2024,3,1,2024-03,228,530,5419,2872070
2024,3,1,2024-03,229,1550,4636.88,7187164
2024,3,1,2024-03,230,783,7586.41,5940159
2024,3,1,2024-03,231,979,7461.71,7305014
2024,3,1,2024-03,232,1496,5963.01,8920663
2024,3,1,2024-03,233,804,7099.22,5707773
2024,3,1,2024-03,234,961,5894.7,5664807
2024,3,1,2024-03,235,1409,6363.89,8966721
2024,3,1,2024-03,236,858,4407.62,3781738
2024,3,1,2024-03,237,1542,6688.52,10313698
2024,3,1,2024-03,238,1368,4575.44,6259202
2024,3,1,2024-03,239,768,7033.29,5401567
2024,3,1,2024-03,240,1210,6820.59,8252914
2024,3,1,2024-03,241,1617,6508.12,10523630
2024,3,1,2024-03,242,1685,4240.09,7144552
2024,3,1,2024-03,243,854,5214.38,4453081
2024,3,1,2024-03,244,1857,5044.53,9367692
2024,3,1,2024-03,245,1027,5378.73,5523956
2024,3,1,2024-03,246,1659,4394.56,7290575
2024,3,1,2024-03,247,1406,7440.86,10461849
2024,3,1,2024-03,248,1154,6017.3,6943964
2024,3,1,2024-03,249,1422,5063.51,7200311
2024,3,1,2024-03,250,888,5504.93,4888378
2024,3,1,2024-03,251,1918,5667.24,10869766
2024,3,1,2024-03,252,786,6132.51,4820153
2024,3,1,2024-03,253,1777,5794.68,10297146
2024,3,1,2024-03,254,1496,7334.32,10972143
2024,3,1,2024-03,255,1270,5819.74,7391070
2024,3,1,2024-03,256,1435,7578.92,10875750
2024,3,1,2024-03,257,1021,7114.76,7264170
2024,3,1,2024-03,258,894,4766.25,4261028
2024,3,1,2024-03,259,1286,7401.47,9518290
2024,3,1,2024-03,260,1163,4502.98,5236966
2024,3,1,2024-03,261,862,6848,5902976
2024,3,1,2024-03,262,648,5409.45,3505324
2024,3,1,2024-03,263,1744,7192.21,12543214
2024,3,1,2024-03,264,1982,7181.56,14233852
2024,3,1,2024-03,265,866,6951.4,6019912
2024,3,1,2024-03,266,968,6791.31,6573988
2024,3,1,2024-03,267,1063,5146.46,5470687
2024,3,1,2024-03,268,1333,4333.85,5777022
2024,3,1,2024-03,269,1537,5540.5,8515748
2024,3,1,2024-03,270,1486,4621.28,6867222
2024,3,1,2024-03,271,502,6531.49,3278808
2024,3,1,2024-03,272,1378,5328.83,7343128
2024,3,1,2024-03,273,1845,7565.03,13957480
2024,3,1,2024-03,274,635,6332.48,4021125
2024,3,1,2024-03,275,968,7038.72,6813481
2024,3,1,2024-03,276,1690,4496.36,7598848
2024,3,1,2024-03,277,1650,7159.33,11812894
2024,3,1,2024-03,278,1464,7383.06,10808800
2024,3,1,2024-03,279,570,5729.91,3266049
2024,3,1,2024-03,280,1867,6274.45,11714398
2024,3,1,2024-03,281,1696,6706.13,11373596
2024,3,1,2024-03,282,1340,4696.72,6293605
2024,3,1,2024-03,283,804,5825.58,4683766
2024,3,1,2024-03,284,1785,5522.32,9857341
2024,3,1,2024-03,285,1141,4593.4,5241069
2024,3,1,2024-03,286,692,5446.53,3768999
2024,3,1,2024-03,287,648,4351.3,2819642
2024,3,1,2024-03,288,1821,4155.27,7566747
2024,3,1,2024-03,289,1255,4592.88,5764064
2024,3,1,2024-03,290,986,7481.68,7376936
2024,3,1,2024-03,291,1844,5964.86,10999202
2024,3,1,2024-03,292,1849,7475.38,13821978
2024,3,1,2024-03,293,655,5592.05,3662793
2024,3,1,2024-03,294,889,5027.72,4469643
2024,3,1,2024-03,295,1998,5921.67,11831497
2024,3,1,2024-03,296,1654,5617.82,9291874
2024,3,1,2024-03,297,1161,4477.01,5197809
2024,3,1,2024-03,298,2136,6346.13,13555334
2024,3,1,2024-03,299,878,4757.22,4176839
2024,3,1,2024-03,300,886,6266.87,5552447
2024,3,1,2024-03,301,1368,6366.89,8709906
2024,3,1,2024-03,302,1250,4567.82,5709775
2024,3,1,2024-03,303,847,4258.29,3606772
2024,3,1,2024-03,304,1393,6838.3,9525752
2024,3,1,2024-03,305,1623,5583.98,9062800
2024,3,1,2024-03,306,1303,4280.72,5577778
2024,3,1,2024-03,307,612,7626.54,4667442
2024,3,1,2024-03,308,1714,4285.69,7345673
2024,3,1,2024-03,309,952,6519.24,6206316
2024,3,1,2024-03,310,2034,7647.92,15555869
2024,3,1,2024-03,311,1339,4931.96,6603894
2024,3,1,2024-03,312,2020,4545.07,9181041
2024,3,1,2024-03,313,1669,4433.85,7400096
2024,3,1,2024-03,314,1743,5075.74,8847015
2024,3,1,2024-03,315,1074,4435.18,4763383
2024,3,1,2024-03,316,1155,6554.16,7570055
2024,3,1,2024-03,317,1448,4284.8,6204390
2024,3,1,2024-03,318,1151,5868.54,6754690
2024,3,1,2024-03,319,938,7590.62,7120002
2024,3,1,2024-03,320,1506,6977.51,10508130
2024,3,1,2024-03,321,818,6212.82,5082087
2024,3,1,2024-03,322,1946,5146.88,10015828
2024,3,1,2024-03,323,1733,6282.8,10888092
2024,3,1,2024-03,324,1245,5959.77,7419914
2024,3,1,2024-03,325,565,5537.56,3128721
2024,3,1,2024-03,326,1058,4477.6,4737301
2024,3,1,2024-03,327,2076,7216.17,14980769
2024,3,1,2024-03,328,1183,5668.08,6705339
2024,3,1,2024-03,329,926,4750.1,4398593
2024,3,1,2024-03,330,1894,5244.62,9933310
2024,3,1,2024-03,331,512,5546.79,2839956
2024,3,1,2024-03,332,659,7119.22,4691566
2024,3,1,2024-03,333,1872,6710.57,12562187
2024,3,1,2024-03,334,1293,6708.29,8673819
2024,3,1,2024-03,335,629,4078.47,2565358
2024,3,1,2024-03,336,1496,5530.24,8273239
2024,3,1,2024-03,337,1676,5756.68,9648196
2024,3,1,2024-03,338,1108,4070.02,4509582
2024,3,1,2024-03,339,1497,4942.24,7398533
2024,3,1,2024-03,340,1110,6806.25,7554938
2024,3,1,2024-03,341,1238,4579.2,5669050
2024,3,1,2024-03,342,1038,5958.23,6184643
2024,3,1,2024-03,343,1631,4866.27,7936886
2024,3,1,2024-03,344,1372,4071.04,5585467
2024,3,1,2024-03,345,849,4900.74,4160728
2024,3,1,2024-03,346,1589,7515.34,11941875
2024,3,1,2024-03,347,1546,6841.26,10576588
2024,3,1,2024-03,348,958,7462.21,7148797
2024,3,1,2024-03,349,1055,5868,6190740
2024,3,1,2024-03,350,1588,4516.91,7172853
2024,3,1,2024-03,351,1944,6013.56,11690361
2024,3,1,2024-03,352,1142,5665.27,6469738
2024,3,1,2024-03,353,726,7143.12,5185905
2024,3,1,2024-03,354,1414,4395.54,6215294
2024,3,1,2024-03,355,678,5772.34,3913647
2024,3,1,2024-03,356,1797,4634.71,8328574
2024,3,1,2024-03,357,1009,5136.35,5182577
2024,3,1,2024-03,358,846,6677.59,5649241
2024,3,1,2024-03,359,804,5749.21,4622365
2024,3,1,2024-03,360,1139,5418.87,6172093
2024,3,1,2024-03,361,1571,5435.2,8538699
2024,3,1,2024-03,362,1306,5685.51,7425276
2024,3,1,2024-03,363,1617,6856.47,11086912
2024,3,1,2024-03,364,1571,7221.99,11345746
2024,3,1,2024-03,365,621,7450.28,4626624
2024,3,1,2024-03,366,865,6896.45,5965429
2024,3,1,2024-03,367,1470,5206.5,7653555
2024,3,1,2024-03,368,1571,6530.65,10259651
2024,3,1,2024-03,369,1592,5541.44,8821972
2024,3,1,2024-03,370,1654,4983.46,8242643
2024,3,1,2024-03,371,1785,7013.28,12518705
2024,3,1,2024-03,372,789,4283.86,3379966
2024,3,1,2024-03,373,583,7267.48,4236941
2024,3,1,2024-03,374,1124,5691.57,6397325
2024,3,1,2024-03,375,1079,6394.36,6899514
2024,3,1,2024-03,376,1983,6459.26,12808713
2024,3,1,2024-03,377,1304,7233.56,9432562
2024,3,1,2024-03,378,1007,6271.16,6315058
2024,3,1,2024-03,379,1936,6163.8,11933117
2024,3,1,2024-03,380,1473,4247.6,6256715
2024,3,1,2024-03,381,1633,5917.52,9663310
2024,3,1,2024-03,382,689,4585.43,3159361
2024,3,1,2024-03,383,951,6640.69,6315296
2024,3,1,2024-03,384,1909,5863.4,11193231
2024,3,1,2024-03,385,1358,6556.45,8903659
2024,3,1,2024-03,386,1799,4256.19,7656886
2024,3,1,2024-03,387,2002,4438.19,8885256
2024,3,1,2024-03,388,855,6576.65,5623036
2024,3,1,2024-03,389,1709,4350.39,7434817
2024,3,1,2024-03,390,1598,4342.77,6939746
2024,3,1,2024-03,391,1957,4166.62,8154075
2024,3,1,2024-03,392,1395,7463.3,10411304
2024,3,1,2024-03,393,934,6647.89,6209129
2024,3,1,2024-03,394,1466,5274.51,7732432
2024,3,1,2024-03,395,1113,5112.57,5690290
2024,3,1,2024-03,396,960,5305.93,5093693
2024,3,1,2024-03,397,1611,6827.63,10999312
2024,3,1,2024-03,398,1318,6349.24,8368298
2024,3,1,2024-03,399,581,4775,2774275
2024,3,1,2024-03,400,1368,4616.43,6315276
2024,3,1,2024-03,401,801,4465.83,3577130
2024,3,1,2024-03,402,949,6393.72,6067640
2024,3,1,2024-03,403,1124,6861.81,7712674
2024,3,1,2024-03,404,1195,4922.49,5882376
2024,3,1,2024-03,405,1052,4184.91,4402525
2024,3,1,2024-03,406,1305,4303.6,5616198
2024,3,1,2024-03,407,815,7453.61,6074692
2024,3,1,2024-03,408,1591,5183.81,8247442
2024,3,1,2024-03,409,1560,6829.91,10654660
2024,3,1,2024-03,410,1935,6214.86,12025754
2024,3,1,2024-03,411,1505,5426.31,8166597
2024,3,1,2024-03,412,1393,4852.94,6760145
2024,3,1,2024-03,413,1508,4514.73,6808213
2024,3,1,2024-03,414,540,6248.4,3374136
2024,3,1,2024-03,415,1189,6867.08,8164958
2024,3,1,2024-03,416,1649,6366.46,10498293
2024,3,1,2024-03,417,1749,5870.74,10267924
2024,3,1,2024-03,418,753,4211.12,3170973
2024,3,1,2024-03,419,1006,7527.24,7572403
2024,3,1,2024-03,420,1423,6911.04,9834410
2024,3,1,2024-03,421,1874,5081.73,9523162
2024,3,1,2024-03,422,759,7566.93,5743300
2024,3,1,2024-03,423,1046,6208.52,6494112
2024,3,1,2024-03,424,1280,6041.35,7732928
2024,3,1,2024-03,425,1739,6661.05,11583566
2024,3,1,2024-03,426,1599,6961.46,11131375
2024,3,1,2024-03,427,1049,6428.19,6743171
2024,3,1,2024-03,428,1224,4478.48,5481660
2024,3,1,2024-03,429,1618,5294.91,8567164
2024,3,1,2024-03,430,667,7384.12,4925208
2024,3,1,2024-03,431,1728,4848.61,8378398
2024,3,1,2024-03,432,1588,5401.64,8577804
2024,3,1,2024-03,433,440,5613.93,2470129
2024,3,1,2024-03,434,1696,5661.25,9601480
2024,3,1,2024-03,435,1586,6281.21,9961999
2024,3,1,2024-03,436,1389,7368.09,10234277
2024,3,1,2024-03,437,1438,4881.37,7019410
2024,3,1,2024-03,438,1409,4556.46,6420052
2024,3,1,2024-03,439,1480,4800.2,7104296
2024,3,1,2024-03,440,1983,7243.8,14364455
2024,3,1,2024-03,441,583,6392.41,3726775
2024,3,1,2024-03,442,1508,5126.54,7730822
2024,3,1,2024-03,443,1340,6968.39,9337643
2024,3,1,2024-03,444,1583,7107.03,11250428
2024,3,1,2024-03,445,1207,7096.45,8565415
2024,3,1,2024-03,446,999,7327.82,7320492
2024,3,1,2024-03,447,842,5025.18,4231202
2024,3,1,2024-03,448,1093,6814.59,7448347
2024,3,1,2024-03,449,1564,5737.15,8972903
2024,3,1,2024-03,450,1234,6997.67,8635125
2024,3,1,2024-03,451,701,6601.73,4627813
2024,3,1,2024-03,452,1415,6762.57,9569037
2024,3,1,2024-03,453,1475,6401.9,9442802
2024,3,1,2024-03,454,1796,4730.66,8496265
2024,3,1,2024-03,455,1450,5983.99,8676786
2024,3,1,2024-03,456,2046,7533.98,15414523
2024,3,1,2024-03,457,792,7399.4,5860325
2024,3,1,2024-03,458,1313,4175.87,5482917
2024,3,1,2024-03,459,1714,4656.18,7980693
2024,3,1,2024-03,460,1869,4515.48,8439432
2024,3,1,2024-03,461,1328,6612.51,8781413
2024,3,1,2024-03,462,1738,6974.11,12121003
2024,3,1,2024-03,463,1219,4857.52,5921317
2024,3,1,2024-03,464,997,5790.02,5772650
2024,3,1,2024-03,465,1354,7058.08,9556640
2024,3,1,2024-03,466,1594,6571.91,10475625
2024,3,1,2024-03,467,1850,5976.45,11056432
2024,3,1,2024-03,468,1209,6190.48,7484290
2024,3,1,2024-03,469,924,5913.31,5463898
2024,3,1,2024-03,470,1627,5093.16,8286571
2024,3,1,2024-03,471,1472,6044.94,8898152
2024,3,1,2024-03,472,1829,6499.66,11887878
2024,3,1,2024-03,473,1798,7117.03,12796420
2024,3,1,2024-03,474,1245,6330.08,7880950
2024,3,1,2024-03,475,1898,6722.07,12758489
2024,3,1,2024-03,476,1209,4652.37,5624715
2024,3,1,2024-03,477,1414,5668.42,8015146
2024,3,1,2024-03,478,1560,4076.28,6358997
2024,3,1,2024-03,479,926,4958.14,4591238
2024,3,1,2024-03,480,1531,6672.38,10215414
2024,3,1,2024-03,481,782,7615.03,5954953
2024,3,1,2024-03,482,1931,4422.4,8539654
2024,3,1,2024-03,483,1422,5437.94,7732751
2024,3,1,2024-03,484,1426,6904.44,9845731
2024,3,1,2024-03,485,1526,4776.01,7288191
2024,3,1,2024-03,486,1758,6014.72,10573878
2024,3,1,2024-03,487,1750,6670.65,11673638
2024,3,1,2024-03,488,1651,6211.69,10255500
2024,3,1,2024-03,489,1617,4725.28,7640778
2024,3,1,2024-03,490,1244,5309.19,6604632
2024,3,1,2024-03,491,676,6827.31,4615262
2024,3,1,2024-03,492,1711,5980.36,10232396
2024,3,1,2024-03,493,1524,4024.63,6133536
2024,3,1,2024-03,494,1225,6827.12,8363222
2024,3,1,2024-03,495,1754,4188.32,7346313
2024,3,1,2024-03,496,1414,6793.95,9606645
2024,3,1,2024-03,497,828,4862.09,4025811
2024,3,1,2024-03,498,1053,7523.71,7922467
2024,3,1,2024-03,499,1012,5309.7,5373416
2024,3,1,2024-03,500,855,5284.88,4518572
2024,3,1,2024-03,501,957,4581.82,4384802
2024,3,1,2024-03,502,1896,5132.96,9732092
2024,3,1,2024-03,503,1808,7159.57,12944503
2024,3,1,2024-03,504,1140,7588.81,8651243
2024,3,1,2024-03,505,625,5386.67,3366669
2024,3,1,2024-03,506,912,5758.07,5251360
2024,3,1,2024-03,507,1692,6554.39,11090028
2024,3,1,2024-03,508,1363,7299.93,9949805
2024,3,1,2024-03,509,1676,6236.71,10452726
2024,3,1,2024-03,510,1842,5443.35,10026651
2024,3,1,2024-03,511,1376,5504.06,7573587
2024,3,1,2024-03,512,875,6473.36,5664190
2024,3,1,2024-03,513,1267,4028.03,5103514
2024,3,1,2024-03,514,1684,6235.98,10501390
2024,3,1,2024-03,515,1745,5318.42,9280643
2024,3,1,2024-03,516,1067,6883.61,7344812
2024,3,1,2024-03,517,1602,4422.76,7085262
2024,3,1,2024-03,518,1206,6180.87,7454129
2024,3,1,2024-03,519,909,5780.54,5254511
2024,3,1,2024-03,520,832,6342.28,5276777
2024,3,1,2024-03,521,1031,4339.77,4474303
2024,3,1,2024-03,522,1258,6160.08,7749381
2024,3,1,2024-03,523,757,6076.46,4599880
2024,3,1,2024-03,524,1928,6035.24,11635943
2024,3,1,2024-03,525,1528,6255.73,9558755
2024,3,1,2024-03,526,1300,6503.37,8454381
2024,3,1,2024-03,527,868,6912.29,5999868
2024,3,1,2024-03,528,1451,4931.77,7155998
2024,3,1,2024-03,529,1266,6999.06,8860810
2024,3,1,2024-03,530,1910,5800.18,11078344
2024,3,1,2024-03,531,1628,4364.06,7104690
2024,3,1,2024-03,532,1983,4275.61,8478535
2024,3,1,2024-03,533,1780,5172.12,9206374
2024,3,1,2024-03,534,1689,6865.09,11595137
2024,3,1,2024-03,535,986,6654.11,6560952
2024,3,1,2024-03,536,878,6858.19,6021491
2024,3,1,2024-03,537,713,5898.64,4205730
2024,3,1,2024-03,538,1704,5609.2,9558077
2024,3,1,2024-03,539,1838,4585.64,8428406
2024,3,1,2024-03,540,987,5295.18,5226343
2024,3,1,2024-03,541,1359,5650.13,7678527
2024,3,1,2024-03,542,460,4346.96,1999602
2024,3,1,2024-03,543,1349,4839.59,6528607
2024,3,1,2024-03,544,1303,6186.89,8061518
2024,3,1,2024-03,545,750,6695.07,5021302
2024,3,1,2024-03,546,1374,7631.11,10485145
2024,3,1,2024-03,547,1217,7375.2,8975618
2024,3,1,2024-03,548,1516,6289.08,9534245
2024,3,1,2024-03,549,1418,5552.01,7872750
2024,3,1,2024-03,550,1176,6306.05,7415915
2024,3,1,2024-03,551,699,6814.13,4763077
2024,3,1,2024-03,552,1166,4514.22,5263581
2024,3,1,2024-03,553,1909,5517.65,10533194
2024,3,1,2024-03,554,1269,7000.83,8884053
2024,3,1,2024-03,555,1624,5513.06,8953209
2024,3,1,2024-03,556,1012,6112.16,6185506
2024,3,1,2024-03,557,1882,6185.65,11641393
2024,3,1,2024-03,558,1984,4761.38,9446578
2024,3,1,2024-03,559,1216,5327.45,6478179
2024,3,1,2024-03,560,1810,5272.83,9543822
2024,3,1,2024-03,561,1573,4063.86,6392452
2024,3,1,2024-03,562,1480,4186.87,6196568
2024,3,1,2024-03,563,1435,7015.38,10067070
2024,3,1,2024-03,564,1947,5053.33,9838834
2024,3,1,2024-03,565,1177,5898.75,6942829
2024,3,1,2024-03,566,1377,5202.76,7164201
2024,3,1,2024-03,567,1057,7461.53,7886837
2024,3,1,2024-03,568,1266,4863.1,6156685
2024,3,1,2024-03,569,1648,5611.98,9248543
2024,3,1,2024-03,570,1581,7151.84,11307059
2024,3,1,2024-03,571,1649,7081.54,11677459
2024,3,1,2024-03,572,677,4746.03,3213062
2024,3,1,2024-03,573,984,6881.58,6771475
2024,3,1,2024-03,574,1816,5683.47,10321182
2024,3,1,2024-03,575,533,5731.03,3054639
2024,3,1,2024-03,576,1996,4599.53,9180662
2024,3,1,2024-03,577,958,4359.13,4176047
2024,3,1,2024-03,578,833,6668.51,5554869
2024,3,1,2024-03,579,1523,5838.62,8892218
2024,3,1,2024-03,580,1361,5565.02,7573992
2024,3,1,2024-03,581,1979,6683.11,13225875
2024,3,1,2024-03,582,685,6863.15,4701258
2024,3,1,2024-03,583,1140,4553.16,5190602
2024,3,1,2024-03,584,1423,6233.58,8870384
2024,3,1,2024-03,585,1799,4573.51,8227744
2024,3,1,2024-03,586,725,6698.8,4856630
2024,3,1,2024-03,587,1108,6429.29,7123653
2024,3,1,2024-03,588,1750,7465.2,13064100
2024,3,1,2024-03,589,803,4270.88,3429517
2024,3,1,2024-03,590,997,4147.64,4135197
2024,3,1,2024-03,591,1131,5057.61,5720157
2024,3,1,2024-03,592,1812,4985.87,9034396
2024,3,1,2024-03,593,646,4995.87,3227332
2024,3,1,2024-03,594,802,7299.14,5853910
2024,3,1,2024-03,595,890,4922.03,4380607
2024,3,1,2024-03,596,1148,4954.93,5688260
2024,3,1,2024-03,597,1312,6800.4,8922125
2024,3,1,2024-03,598,1899,5663.89,10755727
2024,3,1,2024-03,599,1458,6804.95,9921617
2024,3,1,2024-03,600,1891,4265.8,8066628
2024,3,1,2024-03,601,614,5849.25,3591440
2024,3,1,2024-03,602,1460,4239.72,6189991
2024,3,1,2024-03,603,1647,4252.3,7003538
2024,3,1,2024-03,604,1654,7181.11,11877556
2024,3,1,2024-03,605,995,4543.58,4520862
2024,3,1,2024-03,606,1819,5963.14,10846952
2024,3,1,2024-03,607,1347,5524.28,7441205
2024,3,1,2024-03,608,1322,5223.21,6905084
2024,3,1,2024-03,609,1792,7330.01,13135378
2024,3,1,2024-03,610,1712,4051.42,6936031
2024,3,1,2024-03,611,1462,6386.96,9337736
2024,3,1,2024-03,612,1164,7441.33,8661708
2024,3,1,2024-03,613,1590,6003.39,9545390
2024,3,1,2024-03,614,640,7294.5,4668480
2024,3,1,2024-03,615,1656,4246.22,7031740
2024,3,1,2024-03,616,1769,5612.08,9927770
2024,3,1,2024-03,617,1670,4976.24,8310321
2024,3,1,2024-03,618,1052,6613.97,6957896
2024,3,1,2024-03,619,1760,7614.49,13401502
2024,3,1,2024-03,620,924,5008.51,4627863
2024,3,1,2024-03,621,1796,6348.43,11401780
2024,3,1,2024-03,622,1824,4777.21,8713631
2024,3,1,2024-03,623,1919,6118.68,11741747
2024,3,1,2024-03,624,1015,5668.46,5753487
2024,3,1,2024-03,625,851,7523.45,6402456
2024,3,1,2024-03,626,1299,6206.44,8062166
2024,3,1,2024-03,627,1451,5248.09,7614979
2024,3,1,2024-03,628,1227,4471.12,5486064
2024,3,1,2024-03,629,1576,4615.37,7273823
2024,3,1,2024-03,630,1507,4861.59,7326416
2024,3,1,2024-03,631,1481,4914.2,7277930
2024,3,1,2024-03,632,1112,7180.34,7984538
2024,3,1,2024-03,633,1551,6033.47,9357912
2024,3,1,2024-03,634,1605,5945.94,9543234
2024,3,1,2024-03,635,1810,4502.37,8149290
2024,3,1,2024-03,636,1545,7007.62,10826773
2024,3,1,2024-03,637,1748,6668.13,11655891
2024,3,1,2024-03,638,628,4298.76,2699621
2024,3,1,2024-03,639,1753,6565.64,11509567
2024,3,1,2024-03,640,1705,5987.01,10207852
2024,3,1,2024-03,641,1181,4374.63,5166438
2024,3,1,2024-03,642,1121,5586.37,6262321
2024,3,1,2024-03,643,1738,5784.49,10053444
2024,3,1,2024-03,644,385,4667.03,1796807
2024,3,1,2024-03,645,1808,7521.56,13598980
2024,3,1,2024-03,646,1869,7022.76,13125538
2024,3,1,2024-03,647,801,6459.25,5173859
2024,3,1,2024-03,648,2011,5681.52,11425537
2024,3,1,2024-03,649,1718,5545.21,9526671
2024,3,1,2024-03,650,1127,6414.03,7228612
2024,3,1,2024-03,651,1086,5966.2,6479293
2024,3,1,2024-03,652,1871,4367.13,8170900
2024,3,1,2024-03,653,803,5941.52,4771041
2024,3,1,2024-03,654,1856,6963.87,12924943
2024,3,1,2024-03,655,1410,5676.37,8003682
2024,3,1,2024-03,656,1520,4217.46,6410539
2024,3,1,2024-03,657,1685,6876.53,11586953
2024,3,1,2024-03,658,2079,4756.6,9888971
2024,3,1,2024-03,659,1041,4954.61,5157749
2024,3,1,2024-03,660,1424,4730.01,6735534
2024,3,1,2024-03,661,1952,5257.71,10263050
2024,3,1,2024-03,662,520,6788.69,3530119
2024,3,1,2024-03,663,862,5991,5164242
2024,3,1,2024-03,664,1273,4790.6,6098434
2024,3,1,2024-03,665,554,7154.23,3963443
2024,3,1,2024-03,666,1613,7140.77,11518062
2024,3,1,2024-03,667,1920,7217.82,13858214
2024,3,1,2024-03,668,949,4890.82,4641388
2024,3,1,2024-03,669,1244,5531,6880564
2024,3,1,2024-03,670,1392,7444.42,10362633
2024,3,1,2024-03,671,1676,6739.56,11295503
2024,3,1,2024-03,672,1628,4137.25,6735443
2024,3,1,2024-03,673,1160,4279.39,4964092
2024,3,1,2024-03,674,1167,5732.8,6690178
2024,3,1,2024-03,675,1218,7243.28,8822315
2024,3,1,2024-03,676,1537,5985.15,9199176
2024,3,1,2024-03,677,1879,5869.54,11028866
2024,3,1,2024-03,678,1605,4426.47,7104484
2024,3,1,2024-03,679,905,6374.8,5769194
2024,3,1,2024-03,680,1115,6945.29,7743998
2024,3,1,2024-03,681,816,5463.38,4458118
2024,3,1,2024-03,682,1007,6757.13,6804430
2024,3,1,2024-03,683,1679,7562.13,12696816
2024,3,1,2024-03,684,2007,4781.87,9597213
2024,3,1,2024-03,685,2027,5873.86,11906314
2024,3,1,2024-03,686,1384,5117.54,7082675
2024,3,1,2024-03,687,1426,6903.03,9843721
2024,3,1,2024-03,688,1591,6132.5,9756808
2024,3,1,2024-03,689,1606,6348.36,10195466
2024,3,1,2024-03,690,663,6905.46,4578320
2024,3,1,2024-03,691,965,5487.82,5295746
2024,3,1,2024-03,692,1290,7376.58,9515788
2024,3,1,2024-03,693,1223,5964.24,7294266
2024,3,1,2024-03,694,716,4656.68,3334183
2024,3,1,2024-03,695,1341,6436,8630676
2024,3,1,2024-03,696,1849,6896.2,12751074
2024,3,1,2024-03,697,782,5298.7,4143583
2024,3,1,2024-03,698,1354,7028.77,9516955
2024,3,1,2024-03,699,1719,7373.51,12675064
2024,3,1,2024-03,700,639,5075.72,3243385
2024,3,1,2024-03,701,1350,7482.6,10101510
2024,3,1,2024-03,702,1297,4560.22,5914605
2024,3,1,2024-03,703,1586,4794.75,7604474
2024,3,1,2024-03,704,1981,4754.33,9418328
2024,3,1,2024-03,705,1619,7220.63,11690200
2024,3,1,2024-03,706,926,6418.18,5943235
2024,3,1,2024-03,707,1671,4661.3,7789032
2024,3,1,2024-03,708,1902,5664.97,10774773
2024,3,1,2024-03,709,1845,6301.72,11626673
2024,3,1,2024-03,710,1978,4334.54,8573720
2024,3,1,2024-03,711,1907,7229.86,13787343
2024,3,1,2024-03,712,1733,7021.92,12168987
2024,3,1,2024-03,713,1060,5807.48,6155929
2024,3,1,2024-03,714,989,7519.6,7436884
2024,3,1,2024-03,715,1523,5494.58,8368245
2024,3,1,2024-03,716,1568,7617.53,11944287
2024,3,1,2024-03,717,1753,6346.41,11125257
2024,3,1,2024-03,718,1420,6291.44,8933845
2024,3,1,2024-03,719,1165,4752.09,5536185
2024,3,1,2024-03,720,1580,7175.02,11336532
2024,3,1,2024-03,721,1043,5576.64,5816436
2024,3,1,2024-03,722,1540,4691.11,7224309
2024,3,1,2024-03,723,2139,4096.09,8761537
2024,3,1,2024-03,724,1278,5958.83,7615385
2024,3,1,2024-03,725,1120,5886.93,6593362
2024,3,1,2024-03,726,1248,6677.8,8333894
2024,3,1,2024-03,727,1786,7293.15,13025566
2024,3,1,2024-03,728,1954,4249.82,8304148
2024,3,1,2024-03,729,1301,6618.99,8611306
2024,3,1,2024-03,730,766,4694.41,3595918
2024,3,1,2024-03,731,1199,7095.59,8507612
2024,3,1,2024-03,732,1945,6931.67,13482098
2024,3,1,2024-03,733,1940,5987.54,11615828
2024,3,1,2024-03,734,885,6560.26,5805830
2024,3,1,2024-03,735,1432,5157.31,7385268
2024,3,1,2024-03,736,1401,5683.92,7963172
2024,3,1,2024-03,737,567,7017.9,3979149
2024,3,1,2024-03,738,1151,5630.09,6480234
2024,3,1,2024-03,739,1120,5348.45,5990264
2024,3,1,2024-03,740,1690,5862.08,9906915
2024,3,1,2024-03,741,1648,7095.77,11693829
2024,3,1,2024-03,742,1827,5273.37,9634447
2024,3,1,2024-03,743,1471,4686.25,6893474
2024,3,1,2024-03,744,839,6516.29,5467167
2024,3,1,2024-03,745,1267,7064.36,8950544
2024,3,1,2024-03,746,1228,4422.16,5430412
2024,3,1,2024-03,747,1347,4925.36,6634460
2024,3,1,2024-03,748,1402,4580.68,6422113
2024,3,1,2024-03,749,1757,5301.32,9314419
2024,3,1,2024-03,750,1091,5661.14,6176304
2024,3,1,2024-03,751,1432,6707.01,9604438
2024,3,1,2024-03,752,677,6408.37,4338466
2024,3,1,2024-03,753,1412,6200.56,8755191
2024,3,1,2024-03,754,1073,5243.49,5626265
2024,3,1,2024-03,755,651,7015.04,4566791
2024,3,1,2024-03,756,1479,5791.51,8565643
2024,3,1,2024-03,757,1348,7563.29,10195315
2024,3,1,2024-03,758,1721,6286.55,10819153
2024,3,1,2024-03,759,1835,4470.94,8204175
2024,3,1,2024-03,760,1498,6461.19,9678863
2024,3,1,2024-03,761,1611,5232.89,8430186
2024,3,1,2024-03,762,1768,6562.14,11601864
2024,3,1,2024-03,763,1565,4397.75,6882479
2024,3,1,2024-03,764,836,4674.39,3907790
2024,3,1,2024-03,765,1545,7203.13,11128836
2024,3,1,2024-03,766,908,4869.83,4421806
2024,3,1,2024-03,767,820,7051.08,5781886
2024,3,1,2024-03,768,1647,5095.76,8392717
2024,3,1,2024-03,769,626,6396.8,4004397
2024,3,1,2024-03,770,1241,6599.65,8190166
2024,3,1,2024-03,771,1921,5824.74,11189326
2024,3,1,2024-03,772,704,5149.91,3625537
2024,3,1,2024-03,773,1983,4870.98,9659153
2024,3,1,2024-03,774,1446,4127.54,5968423
2024,3,1,2024-03,775,1424,5055.31,7198761
2024,3,1,2024-03,776,1488,6315.95,9398134
2024,3,1,2024-03,777,1873,7392.52,13846190
2024,3,1,2024-03,778,526,7250.08,3813542
2024,3,1,2024-03,779,1719,6716.9,11546351
2024,3,1,2024-03,780,1054,6812.01,7179859
2024,3,1,2024-03,781,1002,6402.27,6415075
2024,3,1,2024-03,782,1132,4939.41,5591412
2024,3,1,2024-03,783,1465,7234.39,10598381
2024,3,1,2024-03,784,1272,6353.64,8081830
2024,3,1,2024-03,785,942,6028.95,5679271
2024,3,1,2024-03,786,1375,4540.79,6243586
2024,3,1,2024-03,787,1232,5674.01,6990380
2024,3,1,2024-03,788,2167,5749.34,12458820
2024,3,1,2024-03,789,1635,7108.24,11621972
2024,3,1,2024-03,790,1596,5965.7,9521257
2024,3,1,2024-03,791,1168,5435.21,6348325
2024,3,1,2024-03,792,1208,7538.82,9106895
2024,3,1,2024-03,793,2035,4449.13,9053980
2024,3,1,2024-03,794,895,5637.27,5045357
2024,3,1,2024-03,795,1885,4170.82,7861996
2024,3,1,2024-03,796,1682,6649.19,11183938
2024,3,1,2024-03,797,1582,7364.3,11650323
2024,3,1,2024-03,798,1102,5086.7,5605543
2024,3,1,2024-03,799,759,7066.33,5363344
2024,3,1,2024-03,800,681,5101.35,3474019
2024,3,1,2024-03,801,1199,7219.26,8655893
2024,3,1,2024-03,802,1356,6755.11,9159929
2024,3,1,2024-03,803,1946,6902,13431292
2024,3,1,2024-03,804,983,4110.48,4040602
2024,3,1,2024-03,805,1421,7433.94,10563629
2024,3,1,2024-03,806,1142,6698.3,7649459
2024,3,1,2024-03,807,613,5154.22,3159537
2024,3,1,2024-03,808,1879,7054.96,13256270
2024,3,1,2024-03,809,714,5054.99,3609263
2024,3,1,2024-03,810,1581,7218.16,11411911
2024,3,1,2024-03,811,937,4374.19,4098616
2024,3,1,2024-03,812,1062,6562.96,6969864
2024,3,1,2024-03,813,1198,6036.21,7231380
2024,3,1,2024-03,814,920,4311.98,3967022
2024,3,1,2024-03,815,662,4924.45,3259986
2024,3,1,2024-03,816,1378,4127.57,5687791
2024,3,1,2024-03,817,1835,5709.05,10476107
2024,3,1,2024-03,818,704,5174.76,3643031
2024,3,1,2024-03,819,1592,6232.92,9922809
2024,3,1,2024-03,820,876,5087.85,4456957
2024,3,1,2024-03,821,1088,5107.81,5557297
2024,3,1,2024-03,822,1739,6651.09,11566246
2024,3,1,2024-03,823,1264,4243.13,5363316
2024,3,1,2024-03,824,906,7281.04,6596622
2024,3,1,2024-03,825,1158,7091.78,8212281
2024,3,1,2024-03,826,1208,6439.49,7778904
2024,3,1,2024-03,827,1758,6130.85,10778034
2024,3,1,2024-03,828,1379,7169.92,9887320
2024,3,1,2024-03,829,1792,4737.24,8489134
2024,3,1,2024-03,830,1673,4329.67,7243538
2024,3,1,2024-03,831,1500,4863.74,7295610
2024,3,1,2024-03,832,1283,6853.67,8793259
2024,3,1,2024-03,833,543,4222.21,2292660
2024,3,1,2024-03,834,856,6171.11,5282470
2024,3,1,2024-03,835,639,7631.23,4876356
2024,3,1,2024-03,836,1905,7102.03,13529367
2024,3,1,2024-03,837,1470,5883.2,8648304
2024,3,1,2024-03,838,1288,4343.52,5594454
2024,3,1,2024-03,839,1408,7002.74,9859858
2024,3,1,2024-03,840,1895,6202.1,11752980
2024,3,1,2024-03,841,593,4428.35,2626012
2024,3,1,2024-03,842,1320,4380.87,5782748
2024,3,1,2024-03,843,1870,7175.9,13418933
2024,3,1,2024-03,844,1452,6411.63,9309687
2024,3,1,2024-03,845,840,6941.31,5830700
2024,3,1,2024-03,846,952,7196.56,6851125
2024,3,1,2024-03,847,1848,6066.25,11210430
2024,3,1,2024-03,848,787,5886.08,4632345
2024,3,1,2024-03,849,594,5685.71,3377312
2024,3,1,2024-03,850,1436,5139.87,7380853
2024,3,1,2024-03,851,1705,5610.17,9565340
2024,3,1,2024-03,852,1722,6822.48,11748311
2024,3,1,2024-03,853,1074,6157.67,6613338
2024,3,1,2024-03,854,1306,7284.66,9513766
2024,3,1,2024-03,855,1541,5710.05,8799187
2024,3,1,2024-03,856,711,6272.78,4459947
2024,3,1,2024-03,857,815,6262.1,5103612
2024,3,1,2024-03,858,1239,6132.37,7598006
2024,3,1,2024-03,859,1338,6467.75,8653850
2024,3,1,2024-03,860,677,4894.57,3313624
2024,3,1,2024-03,861,611,5876.6,3590603
2024,3,1,2024-03,862,1979,4463.58,8833425
2024,3,1,2024-03,863,1958,5505.73,10780219
2024,3,1,2024-03,864,1166,5736.99,6689330
2024,3,1,2024-03,865,1629,6385.72,10402338
2024,3,1,2024-03,866,778,7431.35,5781590
2024,3,1,2024-03,867,775,6189.07,4796529
2024,3,1,2024-03,868,525,6775.18,3556970
2024,3,1,2024-03,869,1906,5864.16,11177089
2024,3,1,2024-03,870,867,6339.72,5496537
2024,3,1,2024-03,871,778,4331.3,3369751
2024,3,1,2024-03,872,537,4972.94,2670469
2024,3,1,2024-03,873,906,5311.19,4811938
2024,3,1,2024-03,874,1232,5823.84,7174971
2024,3,1,2024-03,875,1630,4218.43,6876041
2024,3,1,2024-03,876,1257,4579.85,5756871
2024,3,1,2024-03,877,675,5054.38,3411706
2024,3,1,2024-03,878,2017,7421.27,14968702
2024,3,1,2024-03,879,1337,5190.2,6939297
2024,3,1,2024-03,880,968,5778.73,5593811
2024,3,1,2024-03,881,1469,4717.36,6929802
2024,3,1,2024-03,882,866,6250.08,5412569
2024,3,1,2024-03,883,1780,5015.77,8928071
2024,3,1,2024-03,884,1850,4795.14,8871009
2024,3,1,2024-03,885,1261,5819.71,7338654
2024,3,1,2024-03,886,820,4114.66,3374021
2024,3,1,2024-03,887,1101,4105.02,4519627
2024,3,1,2024-03,888,612,4859.76,2974173
2024,3,1,2024-03,889,1066,4184.1,4460251
2024,3,1,2024-03,890,1673,4410.66,7379034
2024,3,1,2024-03,891,2082,5334.86,11107179
2024,3,1,2024-03,892,1528,6989.8,10680414
2024,3,1,2024-03,893,2027,6090.83,12346112
2024,3,1,2024-03,894,990,5856.93,5798361
2024,3,1,2024-03,895,1245,5024.54,6255552
2024,3,1,2024-03,896,904,7384.8,6675859
2024,3,1,2024-03,897,1944,5440.81,10576935
2024,3,1,2024-03,898,1157,4345.92,5028229
2024,3,1,2024-03,899,1411,6297.7,8886055
2024,3,1,2024-03,900,819,4419.42,3619505
2024,3,1,2024-03,901,1085,5372.85,5829542
2024,3,1,2024-03,902,1159,5818.16,6743247
2024,3,1,2024-03,903,1611,7077.73,11402223
2024,3,1,2024-03,904,923,5784.95,5339509
2024,3,1,2024-03,905,1581,6573.68,10392988
2024,3,1,2024-03,906,1862,7598.21,14147867
2024,3,1,2024-03,907,1239,4533.8,5617378
2024,3,1,2024-03,908,787,5023.07,3953156
2024,3,1,2024-03,909,837,5439.66,4552995
2024,3,1,2024-03,910,1580,5503.45,8695451
2024,3,1,2024-03,911,796,5526.58,4399158
2024,3,1,2024-03,912,992,7336.27,7277580
2024,3,1,2024-03,913,1544,6600.18,10190678
2024,3,1,2024-03,914,838,6187.47,5185100
2024,3,1,2024-03,915,486,5165.44,2510404
2024,3,1,2024-03,916,1248,7056.17,8806100
2024,3,1,2024-03,917,547,7448.47,4074313
2024,3,1,2024-03,918,878,6925.42,6080519
2024,3,1,2024-03,919,1627,4072.9,6626608
2024,3,1,2024-03,920,1350,6349.69,8572082
2024,3,1,2024-03,921,1652,4278.52,7068115
2024,3,1,2024-03,922,779,5005.95,3899635
2024,3,1,2024-03,923,1057,4276.83,4520609
2024,3,1,2024-03,924,2012,6169.55,12413135
2024,3,1,2024-03,925,1295,6457.59,8362579
2024,3,1,2024-03,926,1015,4449.82,4516567
2024,3,1,2024-03,927,1266,5451.67,6901814
2024,3,1,2024-03,928,841,5652.46,4753719
2024,3,1,2024-03,929,1278,5349.26,6836354
2024,3,1,2024-03,930,1065,4448.47,4737621
2024,3,1,2024-03,931,1085,5619.21,6096843
2024,3,1,2024-03,932,601,6721.79,4039796
2024,3,1,2024-03,933,735,4340.47,3190245
2024,3,1,2024-03,934,1947,4414.01,8594077
2024,3,1,2024-03,935,1716,5277.67,9056482
2024,3,1,2024-03,936,938,7444.33,6982782
2024,3,1,2024-03,937,1491,6433.5,9592348
2024,3,1,2024-03,938,1050,6536.9,6863745
2024,3,1,2024-03,939,1380,5310.29,7328200
2024,3,1,2024-03,940,1955,6180.63,12083132
2024,3,1,2024-03,941,1257,4122.06,5181429
2024,3,1,2024-03,942,1602,6291.26,10078599
2024,3,1,2024-03,943,1589,7299.58,11599033
2024,3,1,2024-03,944,1845,6231.99,11498022
2024,3,1,2024-03,945,990,7217.2,7145028
2024,3,1,2024-03,946,751,6734.74,5057790
2024,3,1,2024-03,947,1788,4557.61,8149007
2024,3,1,2024-03,948,1315,7335.07,9645617
2024,3,1,2024-03,949,1189,4105.62,4881582
2024,3,1,2024-03,950,1476,5964.44,8803513
2024,3,1,2024-03,951,1821,4566.35,8315323
2024,3,1,2024-03,952,958,4135.15,3961474
2024,3,1,2024-03,953,569,5495.13,3126729
2024,3,1,2024-03,954,1392,5140.48,7155548
2024,3,1,2024-03,955,1698,5693.86,9668174
2024,3,1,2024-03,956,1757,6158.62,10820695
2024,3,1,2024-03,957,1599,4138.98,6618229
2024,3,1,2024-03,958,793,4550.48,3608531
2024,3,1,2024-03,959,1888,6099.18,11515252
2024,3,1,2024-03,960,880,5264.17,4632470
2024,3,1,2024-03,961,1413,6673.17,9429189
2024,3,1,2024-03,962,1084,6379.58,6915465
2024,3,1,2024-03,963,795,7001.42,5566129
2024,3,1,2024-03,964,1523,6548.18,9972878
2024,3,1,2024-03,965,809,5641.51,4563982
2024,3,1,2024-03,966,1902,6438.82,12246636
2024,3,1,2024-03,967,690,5066.59,3495947
2024,3,1,2024-03,968,755,5108.51,3856925
2024,3,1,2024-03,969,689,6907.7,4759405
2024,3,1,2024-03,970,1888,5647.24,10661989
2024,3,1,2024-03,971,679,6899.16,4684530
2024,3,1,2024-03,972,770,7006.54,5395036
2024,3,1,2024-03,973,793,7179.35,5693225
2024,3,1,2024-03,974,2035,7344.54,14946139
2024,3,1,2024-03,975,826,5543.13,4578625
2024,3,1,2024-03,976,945,5160.35,4876531
2024,3,1,2024-03,977,1848,6126.95,11322604
2024,3,1,2024-03,978,1133,5401.22,6119582
2024,3,1,2024-03,979,1309,6145.11,8043949
2024,3,1,2024-03,980,848,6585.19,5584241
2024,3,1,2024-03,981,1218,6548.31,7975842
2024,3,1,2024-03,982,1095,5368.41,5878409
2024,3,1,2024-03,983,1763,4740.19,8356955
2024,3,1,2024-03,984,1738,5556.79,9657701
2024,3,1,2024-03,985,1971,4574.17,9015689
2024,3,1,2024-03,986,1144,7132.38,8159443
2024,3,1,2024-03,987,1253,5274.58,6609049
2024,3,1,2024-03,988,1774,4600.65,8161553
2024,3,1,2024-03,989,1901,4128.79,7848830
2024,3,1,2024-03,990,1948,6323.53,12318236
2024,3,1,2024-03,991,1071,6301.66,6749078
2024,3,1,2024-03,992,809,5298.57,4286543
2024,3,1,2024-03,993,1007,4226.43,4256015
2024,3,1,2024-03,994,1029,5432.09,5589621
2024,3,1,2024-03,995,1769,5143.32,9098533
2024,3,1,2024-03,996,1429,6462.63,9235098
2024,3,1,2024-03,997,2052,6178.92,12679144
2024,3,1,2024-03,998,615,5358.31,3295361
2024,3,1,2024-03,999,1386,4861.09,6737471
2024,3,1,2024-03,1000,1411,7619.09,10750536
2024,3,1,2024-03,1001,1315,5733.32,7539316
2024,3,1,2024-03,1002,1635,6448.24,10542872
2024,3,1,2024-03,1003,792,4523.13,3582319
2024,3,1,2024-03,1004,1144,5746.76,6574293
2024,3,1,2024-03,1005,1686,4200.97,7082835
2024,3,1,2024-03,1006,914,5828.49,5327240
2024,3,1,2024-03,1007,1218,7503.35,9139080
2024,3,1,2024-03,1008,1516,5361.62,8128216
2024,3,1,2024-03,1009,1677,4167.31,6988579
2024,3,1,2024-03,1010,691,4127.29,2851957
2024,3,1,2024-03,1011,2039,5469.5,11152310
2024,3,1,2024-03,1012,1101,4571.06,5032737
2024,3,1,2024-03,1013,701,4220.89,2958844
2024,3,1,2024-03,1014,411,6759.41,2778118
2024,3,1,2024-03,1015,1081,5657.1,6115325
2024,3,1,2024-03,1016,631,5102.57,3219722
2024,3,1,2024-03,1017,1295,7225.3,9356764
2024,3,1,2024-03,1018,1057,4423.11,4675227
2024,3,1,2024-03,1019,1377,7492.12,10316649
2024,3,1,2024-03,1020,1246,5236.83,6525090
2024,3,1,2024-03,1021,1923,7237.48,13917674
2024,3,1,2024-03,1022,655,6148.74,4027425
2024,3,1,2024-03,1023,1285,6963.96,8948689
2024,3,1,2024-03,1024,1281,7629.53,9773428
2024,3,1,2024-03,1025,1891,5119.97,9681863
2024,3,1,2024-03,1026,1589,7428.54,11803950
2024,3,1,2024-03,1027,1935,5411.97,10472162
2024,3,1,2024-03,1028,975,5438.37,5302411
2024,3,1,2024-03,1029,1942,5262.81,10220377
2024,3,1,2024-03,1030,808,6078.96,4911800
2024,3,1,2024-03,1031,1708,4573.31,7811213
2024,3,1,2024-03,1032,1627,6055.73,9852673
2024,3,1,2024-03,1033,1249,5999.4,7493251
2024,3,1,2024-03,1034,1074,6695.28,7190731
2024,3,1,2024-03,1035,894,6917.71,6184433
2024,3,1,2024-03,1036,1101,5608.19,6174617
2024,3,1,2024-03,1037,848,5152.64,4369439
2024,3,1,2024-03,1038,729,5052.27,3683105
2024,3,1,2024-03,1039,1102,4715.12,5196062
2024,3,1,2024-03,1040,456,4284.03,1953518
2024,3,1,2024-03,1041,617,5263.56,3247617
2024,3,1,2024-03,1042,1001,5097.31,5102407
2024,3,1,2024-03,1043,1030,7496.28,7721168
2024,3,1,2024-03,1044,579,6023.2,3487433
2024,3,1,2024-03,1045,1420,5301.48,7528102
2024,3,1,2024-03,1046,819,6132.7,5022681
2024,3,1,2024-03,1047,1493,4615.84,6891449
2024,3,1,2024-03,1048,1254,5638.55,7070742
2024,3,1,2024-03,1049,459,6306.32,2894601
2024,3,1,2024-03,1050,811,5723.58,4641823
2024,3,1,2024-03,1051,920,5435.86,5000991
2024,3,1,2024-03,1052,1344,7578.8,10185907
2024,3,1,2024-03,1053,759,7196.21,5461923
2024,3,1,2024-03,1054,1796,6242.61,11211728
2024,3,1,2024-03,1055,923,6097.3,5627808
2024,3,1,2024-03,1056,1768,6243.57,11038632
2024,3,1,2024-03,1057,947,4850.57,4593490
2024,3,1,2024-03,1058,1277,5454.91,6965920
2024,3,1,2024-03,1059,1463,4217.31,6169925
2024,3,1,2024-03,1060,1301,5740.66,7468599
2024,3,1,2024-03,1061,1987,5986.53,11895235
2024,3,1,2024-03,1062,1652,4892.86,8083005
2024,3,1,2024-03,1063,943,7495.79,7068530
2024,3,1,2024-03,1064,914,7271.8,6646425
2024,3,1,2024-03,1065,812,6643.49,5394514
2024,3,1,2024-03,1066,851,5949.27,5062829
2024,3,1,2024-03,1067,2013,7180.92,14455192
2024,3,1,2024-03,1068,1803,4574.23,8247337
2024,3,1,2024-03,1069,1125,6916.45,7781006
2024,3,1,2024-03,1070,1258,4454.03,5603170
2024,3,1,2024-03,1071,1800,6748.7,12147660
2024,3,1,2024-03,1072,1772,5140.82,9109533
2024,3,1,2024-03,1073,1516,7203.67,10920764
2024,3,1,2024-03,1074,1819,7435.4,13524993
2024,3,1,2024-03,1075,1356,4555.15,6176783
2024,3,1,2024-03,1076,1804,5612.41,10124788
2024,3,1,2024-03,1077,971,7459.82,7243485
2024,3,1,2024-03,1078,1386,5763.29,7987920
2024,3,1,2024-03,1079,1844,7138.73,13163818
2024,3,1,2024-03,1080,1513,6229.28,9424901
2024,3,1,2024-03,1081,1797,5404.63,9712120
2024,3,1,2024-03,1082,572,5105.03,2920077
2024,3,1,2024-03,1083,1532,4756.99,7287709
2024,3,1,2024-03,1084,1884,6748.99,12715097
2024,3,1,2024-03,1085,753,5367.3,4041577
2024,3,1,2024-03,1086,2006,5822.41,11679754
2024,3,1,2024-03,1087,1142,5754.5,6571639
2024,3,1,2024-03,1088,644,6096.32,3926030
2024,3,1,2024-03,1089,1164,7064.19,8222717
2024,3,1,2024-03,1090,1542,7512.56,11584368
2024,3,1,2024-03,1091,722,5506.76,3975881
2024,3,1,2024-03,1092,1033,6895.44,7122990
2024,3,1,2024-03,1093,647,6846.01,4429368
2024,3,1,2024-03,1094,1875,6179.49,11586544
2024,3,1,2024-03,1095,1532,7507.64,11501704
2024,3,1,2024-03,1096,1314,4788.8,6292483
2024,3,1,2024-03,1097,1119,4461.11,4991982
2024,3,1,2024-03,1098,1671,7121.63,11900244
2024,3,1,2024-03,1099,946,5624.78,5321042
2024,3,1,2024-03,1100,801,7081.01,5671889
2024,3,1,2024-03,1101,1431,7162.27,10249208
2024,3,1,2024-03,1102,1203,4285.03,5154891
2024,3,1,2024-03,1103,568,7225.19,4103908
2024,3,1,2024-03,1104,1823,5668.77,10334168
2024,3,1,2024-03,1105,1504,5926.35,8913230
2024,3,1,2024-03,1106,1237,6354.35,7860331
2024,3,1,2024-03,1107,1208,7331.91,8856947
2024,3,1,2024-03,1108,814,4074.46,3316610
2024,3,1,2024-03,1109,1647,5811.61,9571722
2024,3,1,2024-03,1110,689,6535.8,4503166
2024,3,1,2024-03,1111,961,6604.65,6347069
2024,3,1,2024-03,1112,937,6512.94,6102625
2024,3,1,2024-03,1113,1755,4522.38,7936777
2024,3,1,2024-03,1114,995,5135.54,5109862
2024,3,1,2024-03,1115,1863,5399.19,10058691
2024,3,1,2024-03,1116,1693,6881.1,11649702
2024,3,1,2024-03,1117,1735,5063.05,8784392
2024,3,1,2024-03,1118,1122,4819.11,5407041
2024,3,1,2024-03,1119,1921,7376.73,14170698
2024,3,1,2024-03,1120,1370,4201.71,5756343
2024,3,1,2024-03,1121,849,7619.31,6468794
2024,3,1,2024-03,1122,859,6519.1,5599907
2024,3,1,2024-03,1123,1084,6934.15,7516619
2024,3,1,2024-03,1124,1918,5193.07,9960308
2024,3,1,2024-03,1125,1822,4092.55,7456626
2024,3,1,2024-03,1126,1525,6580.75,10035644
2024,3,1,2024-03,1127,1568,6963.16,10918235
2024,3,1,2024-03,1128,1749,6638.39,11610544
2024,3,1,2024-03,1129,1483,4531.21,6719784
2024,3,1,2024-03,1130,771,6681.75,5151629
2024,3,1,2024-03,1131,1736,6831.43,11859362
2024,3,1,2024-03,1132,722,6410.03,4628042
2024,3,1,2024-03,1133,1320,6807.97,8986520
2024,3,1,2024-03,1134,1009,7088.44,7152236
2024,3,1,2024-03,1135,1348,6230.97,8399348
2024,3,1,2024-03,1136,1854,4302.72,7977243
2024,3,1,2024-03,1137,1315,5725.48,7529006
2024,3,1,2024-03,1138,1634,4267.79,6973569
2024,3,1,2024-03,1139,1498,5459.24,8177942
2024,3,1,2024-03,1140,822,5583.02,4589242
2024,3,1,2024-03,1141,819,4225.14,3460390
2024,3,1,2024-03,1142,1525,5365.83,8182891
2024,3,1,2024-03,1143,783,4405.18,3449256
2024,3,1,2024-03,1144,1582,6873.94,10874573
2024,3,1,2024-03,1145,1940,7450.37,14453718
2024,3,1,2024-03,1146,1527,4371.93,6675937
2024,3,1,2024-03,1147,554,7384.75,4091152
2024,3,1,2024-03,1148,802,5913.88,4742932
2024,3,1,2024-03,1149,1376,5177.37,7124061
2024,3,1,2024-03,1150,639,4372.07,2793753
2024,3,1,2024-03,1151,2095,5770.24,12088653
2024,3,1,2024-03,1152,759,6876.85,5219529
2024,3,1,2024-03,1153,1189,6502.4,7731354
2024,3,1,2024-03,1154,1205,4253.09,5124973
2024,3,1,2024-03,1155,2000,4324.43,8648860
2024,3,1,2024-03,1156,1358,5517.18,7492330
2024,3,1,2024-03,1157,1793,5065.76,9082908
2024,3,1,2024-03,1158,656,4853.32,3183778
2024,3,1,2024-03,1159,592,5102.35,3020591
2024,3,1,2024-03,1160,1898,6964.39,13218412
2024,3,1,2024-03,1161,1555,7440.93,11570646
2024,3,1,2024-03,1162,1008,5563.64,5608149
2024,3,1,2024-03,1163,1607,7209.18,11585152
2024,3,1,2024-03,1164,1198,5257.11,6298018
2024,3,1,2024-03,1165,668,5752.1,3842403
2024,3,1,2024-03,1166,1486,4894.89,7273807
2024,3,1,2024-03,1167,765,6322.45,4836674
2024,3,1,2024-03,1168,763,7501.63,5723744
2024,3,1,2024-03,1169,904,6193.18,5598635
2024,3,1,2024-03,1170,1040,5334.24,5547610
2024,3,1,2024-03,1171,698,6376.85,4451041
2024,3,1,2024-03,1172,693,4538.88,3145444
2024,3,1,2024-03,1173,1412,7174.55,10130465
2024,3,1,2024-03,1174,1846,5797.91,10702942
2024,3,1,2024-03,1175,1511,5583.88,8437243
2024,3,1,2024-03,1176,1444,6133.24,8856399
2024,3,1,2024-03,1177,1237,6242.44,7721898
2024,3,1,2024-03,1178,1196,4298.08,5140504
2024,3,1,2024-03,1179,1956,6488.8,12692093
2024,3,1,2024-03,1180,1643,4838.55,7949738
2024,3,1,2024-03,1181,1061,6574.26,6975290
2024,3,1,2024-03,1182,1403,7002.15,9824016
2024,3,1,2024-03,1183,1980,6922.79,13707124
2024,3,1,2024-03,1184,1769,6007.62,10627480
2024,3,1,2024-03,1185,1370,5907.75,8093618
2024,3,1,2024-03,1186,817,4553.87,3720512
2024,3,1,2024-03,1187,1564,6772.99,10592956
2024,3,1,2024-03,1188,1595,4971.28,7929192
2024,3,1,2024-03,1189,1461,5946.7,8688129
2024,3,1,2024-03,1190,1939,5097.8,9884634
2024,3,1,2024-03,1191,1510,4582.55,6919650
2024,3,1,2024-03,1192,498,6325.96,3150328
2024,3,1,2024-03,1193,1597,4313.56,6888755
2024,3,1,2024-03,1194,2110,6748.57,14239483
2024,3,1,2024-03,1195,1750,5093.39,8913432
2024,3,1,2024-03,1196,1901,4020.2,7642400
2024,3,1,2024-03,1197,1301,5887.79,7660015
2024,3,1,2024-03,1198,1891,4233.65,8005832
2024,3,1,2024-03,1199,1424,5046.57,7186316
2024,3,1,2024-03,1200,1710,6524.21,11156399
2024,3,1,2024-03,1201,1859,4255.37,7910733
2024,3,1,2024-03,1202,1117,7056.79,7882434
2024,3,1,2024-03,1203,1707,4072.67,6952048
2024,3,1,2024-03,1204,1523,4971.08,7570955
2024,3,1,2024-03,1205,1359,6646.84,9033056
2024,3,1,2024-03,1206,1791,5205.29,9322674
2024,3,1,2024-03,1207,1181,4394.42,5189810
2024,3,1,2024-03,1208,800,5323.92,4259136
2024,3,1,2024-03,1209,1375,5017.58,6899172
2024,3,1,2024-03,1210,1234,6979.75,8613012
2024,3,1,2024-03,1211,2112,5178.74,10937499
2024,3,1,2024-03,1212,1588,6922.79,10993391
2024,3,1,2024-03,1213,1967,7177.96,14119047
2024,3,1,2024-03,1214,1552,5685.52,8823927
2024,3,1,2024-03,1215,872,7267.88,6337591
2024,3,1,2024-03,1216,1877,5427.27,10186986
2024,3,1,2024-03,1217,885,7430.21,6575736
2024,3,1,2024-03,1218,819,4472.49,3662969
2024,3,1,2024-03,1219,1411,6455.66,9108936
2024,3,1,2024-03,1220,970,5824.84,5650095
2024,3,1,2024-03,1221,791,5413.43,4282023
2024,3,1,2024-03,1222,1122,6307.78,7077329
2024,3,1,2024-03,1223,760,6568.36,4991954
2024,3,1,2024-03,1224,860,4058.3,3490138
2024,3,1,2024-03,1225,1689,4621.24,7805274
2024,3,1,2024-03,1226,1076,6593.9,7095036
2024,3,1,2024-03,1227,1062,6426.8,6825262
2024,3,1,2024-03,1228,955,7511.34,7173330
2024,3,1,2024-03,1229,1186,6788.69,8051386
2024,3,1,2024-03,1230,1392,7478.88,10410601
2024,3,1,2024-03,1231,1603,6583.9,10553992
2024,3,1,2024-03,1232,1568,5124.52,8035247
2024,3,1,2024-03,1233,1247,4421.02,5513012
2024,3,1,2024-03,1234,1670,6771.91,11309090
2024,3,1,2024-03,1235,1812,6357.73,11520207
2024,3,1,2024-03,1236,1246,4278.24,5330687
2024,3,1,2024-03,1237,701,5304.78,3718651
2024,3,1,2024-03,1238,1760,7433.77,13083435
2024,3,1,2024-03,1239,1314,5897.71,7749591
2024,3,1,2024-03,1240,1661,5671.5,9420362
2024,3,1,2024-03,1241,533,5649.37,3011114
2024,3,1,2024-03,1242,896,4915.92,4404664
2024,3,1,2024-03,1243,749,5388.9,4036286
2024,3,1,2024-03,1244,1575,5415.6,8529570
2024,3,1,2024-03,1245,1134,4227.99,4794541
2024,3,1,2024-03,1246,1158,6801.75,7876426
2024,3,1,2024-03,1247,1048,5559.44,5826293
2024,3,1,2024-03,1248,2039,6944.09,14159000
2024,3,1,2024-03,1249,1324,7159.26,9478860
2024,3,1,2024-03,1250,1438,4810.42,6917384
2024,3,1,2024-03,1251,1371,6375.25,8740468
2024,3,1,2024-03,1252,1490,5686.71,8473198
2024,3,1,2024-03,1253,1880,7216.28,13566606
2024,3,1,2024-03,1254,1190,4837.04,5756078
2024,3,1,2024-03,1255,769,6426.69,4942125
2024,3,1,2024-03,1256,892,6227.46,5554894
2024,3,1,2024-03,1257,967,5130.73,4961416
2024,3,1,2024-03,1258,1578,4525.99,7142012
2024,3,1,2024-03,1259,1997,6394.22,12769257
2024,3,1,2024-03,1260,1137,6687.21,7603358
2024,3,1,2024-03,1261,886,5171.25,4581728
2024,3,1,2024-03,1262,1734,6309.97,10941488
2024,3,1,2024-03,1263,1528,5473.14,8362958
2024,3,1,2024-03,1264,675,6503.27,4389707
2024,3,1,2024-03,1265,1095,4831.4,5290383
2024,3,1,2024-03,1266,1418,7280.21,10323338
2024,3,1,2024-03,1267,1239,5034.57,6237832
2024,3,1,2024-03,1268,1674,5302.08,8875682
2024,3,1,2024-03,1269,736,4316.87,3177216
2024,3,1,2024-03,1270,1246,4446.97,5540925
2024,3,1,2024-03,1271,907,5896.7,5348307
2024,3,1,2024-03,1272,1942,5011.2,9731750
2024,3,1,2024-03,1273,1106,6972.78,7711895
2024,3,1,2024-03,1274,1919,4145.1,7954447
2024,3,1,2024-03,1275,875,5427.29,4748879
2024,3,1,2024-03,1276,1684,5259.3,8856661
2024,3,1,2024-03,1277,1933,4024.15,7778682
2024,3,1,2024-03,1278,1481,4522.88,6698385
2024,3,1,2024-03,1279,796,5547.11,4415500
2024,3,1,2024-03,1280,1445,5807.89,8392401
2024,3,1,2024-03,1281,1210,5540.23,6703678
2024,3,1,2024-03,1282,2068,5998.49,12404877
2024,3,1,2024-03,1283,1780,6191.33,11020567
2024,3,1,2024-03,1284,1511,4024.73,6081367
2024,3,1,2024-03,1285,738,5652.77,4171744
2024,3,1,2024-03,1286,1121,7456.29,8358501
2024,3,1,2024-03,1287,1361,5894.11,8021884
2024,3,1,2024-03,1288,1769,6507.5,11511768
2024,3,1,2024-03,1289,519,5182.56,2689749
2024,3,1,2024-03,1290,1899,6805.55,12923739
2024,3,1,2024-03,1291,1548,6837.5,10584450
2024,3,1,2024-03,1292,1615,5878.47,9493729
2024,3,1,2024-03,1293,1827,7560.46,13812960
2024,3,1,2024-03,1294,1547,4514.67,6984194
2024,3,1,2024-03,1295,743,4141.32,3077001
2024,3,1,2024-03,1296,1246,6837.44,8519450
2024,3,1,2024-03,1297,1203,6928.93,8335503
2024,3,1,2024-03,1298,1874,4395.8,8237729
2024,3,1,2024-03,1299,755,4973.31,3754849
2024,3,1,2024-03,1300,1913,4155.1,7948706
2024,3,1,2024-03,1301,693,5076.26,3517848
2024,3,1,2024-03,1302,718,6780.08,4868097
2024,3,1,2024-03,1303,1914,5904.28,11300792
2024,3,1,2024-03,1304,1827,5345.93,9767014
2024,3,1,2024-03,1305,1976,5401.52,10673404
2024,3,1,2024-03,1306,2075,4140.59,8591724
2024,3,1,2024-03,1307,1619,5142.86,8326290
2024,3,1,2024-03,1308,1374,6375.29,8759648
2024,3,1,2024-03,1309,1157,7515.25,8695144
2024,3,1,2024-03,1310,1304,7003.33,9132342
2024,3,1,2024-03,1311,1055,4148.07,4376214
2024,3,1,2024-03,1312,965,7258.36,7004317
2024,3,1,2024-03,1313,1722,6875.64,11839852
2024,3,1,2024-03,1314,1326,6849.45,9082371
2024,3,1,2024-03,1315,2115,5700.11,12055733
2024,3,1,2024-03,1316,1704,5525.52,9415486
2024,3,1,2024-03,1317,1325,5124.13,6789472
2024,3,1,2024-03,1318,1432,4329.06,6199214
2024,3,1,2024-03,1319,1426,4927.99,7027314
2024,3,1,2024-03,1320,1619,4910.49,7950083
2024,3,1,2024-03,1321,1838,5762.49,10591457
2024,3,1,2024-03,1322,501,6683.93,3348649
2024,3,1,2024-03,1323,1655,5683.21,9405713
2024,3,1,2024-03,1324,1526,4346.35,6632530
2024,3,1,2024-03,1325,2010,7610.69,15297487
2024,3,1,2024-03,1326,1732,7423.2,12856982
2024,3,1,2024-03,1327,1373,6837.99,9388560
2024,3,1,2024-03,1328,1096,7664.97,8400807
2024,3,1,2024-03,1329,1106,6022.95,6661383
2024,3,1,2024-03,1330,905,7451.15,6743291
2024,3,1,2024-03,1331,718,4287.09,3078131
2024,3,1,2024-03,1332,962,5396.19,5191135
2024,3,1,2024-03,1333,1504,4877.08,7335128
2024,3,1,2024-03,1334,1480,4805.15,7111622
2024,3,1,2024-03,1335,1210,4590.4,5554384
2024,3,1,2024-03,1336,1534,6218.43,9539072
2024,3,1,2024-03,1337,769,6804.29,5232499
2024,3,1,2024-03,1338,989,6076.8,6009955
2024,3,1,2024-03,1339,1369,4590.42,6284285
2024,3,1,2024-03,1340,813,6939.66,5641944
2024,3,1,2024-03,1341,1856,6301.06,11694767
2024,3,1,2024-03,1342,840,5425.39,4557328
2024,3,1,2024-03,1343,1728,6487.81,11210936
2024,3,1,2024-03,1344,1449,4974.61,7208210
2024,3,1,2024-03,1345,1836,5255.75,9649557
2024,3,1,2024-03,1346,1382,7265.14,10040423
2024,3,1,2024-03,1347,694,5051.06,3505436
2024,3,1,2024-03,1348,1088,5778.76,6287291
2024,3,1,2024-03,1349,1371,7196.45,9866333
2024,3,1,2024-03,1350,1296,6658.69,8629662
2024,3,1,2024-03,1351,1291,4307.23,5560634
2024,3,1,2024-03,1352,1509,4545.13,6858601
2024,3,1,2024-03,1353,1902,4057.79,7717917
2024,3,1,2024-03,1354,1302,6208.75,8083792
2024,3,1,2024-03,1355,1120,5631.46,6307235
2024,3,1,2024-03,1356,1999,4623.17,9241717
2024,3,1,2024-03,1357,817,7541.37,6161299
2024,3,1,2024-03,1358,921,6015.51,5540285
2024,3,1,2024-03,1359,1534,4946.05,7587241
2024,3,1,2024-03,1360,1384,5831.68,8071045
2024,3,1,2024-03,1361,1881,6481.43,12191570
2024,3,1,2024-03,1362,1406,4353.38,6120852
2024,3,1,2024-03,1363,1709,5034.71,8604319
2024,3,1,2024-03,1364,1522,6895.02,10494220
2024,3,1,2024-03,1365,1471,5690.7,8371020
2024,3,1,2024-03,1366,1387,5942.49,8242234
2024,3,1,2024-03,1367,1989,5625.12,11188364
2024,3,1,2024-03,1368,1647,4172.83,6872651
2024,3,1,2024-03,1369,1261,4673.18,5892880
2024,3,1,2024-03,1370,1371,5595.05,7670814
2024,3,1,2024-03,1371,1744,4794.7,8361957
2024,3,1,2024-03,1372,1470,4247.75,6244192
2024,3,1,2024-03,1373,811,7053.62,5720486
2024,3,1,2024-03,1374,667,7579.47,5055506
2024,3,1,2024-03,1375,1150,6901.33,7936530
2024,3,1,2024-03,1376,1196,7078.11,8465420
2024,3,1,2024-03,1377,1598,4892.38,7818023
2024,3,1,2024-03,1378,1535,7447.71,11432235
2024,3,1,2024-03,1379,1156,4722.31,5458990
2024,3,1,2024-03,1380,935,7539.09,7049049
2024,3,1,2024-03,1381,1149,7570.82,8698872
2024,3,1,2024-03,1382,941,6640.46,6248673
2024,3,1,2024-03,1383,1990,7557.88,15040181
2024,3,1,2024-03,1384,1864,6069.12,11312840
2024,3,1,2024-03,1385,1661,4990.2,8288722
2024,3,1,2024-03,1386,1979,5624.69,11131262
2024,3,1,2024-03,1387,1960,6091.53,11939399
2024,3,1,2024-03,1388,1149,4314.13,4956935
2024,3,1,2024-03,1389,529,6273.39,3318623
2024,3,1,2024-03,1390,1069,7535.82,8055792
2024,3,1,2024-03,1391,1153,4638.73,5348456
2024,3,1,2024-03,1392,628,6864.29,4310774
2024,3,1,2024-03,1393,1810,7362.35,13325854
2024,3,1,2024-03,1394,1095,7441.98,8148968
2024,3,1,2024-03,1395,1490,7428.35,11068242
2024,3,1,2024-03,1396,847,5954.13,5043148
2024,3,1,2024-03,1397,1358,7487.03,10167387
2024,3,1,2024-03,1398,1733,6765.72,11724993
2024,3,1,2024-03,1399,588,4645.5,2731554
2024,3,1,2024-03,1400,511,5738.78,2932517
2024,3,1,2024-03,1401,1929,6661.74,12850496
2024,3,1,2024-03,1402,581,4971.94,2888697
2024,3,1,2024-03,1403,1505,6303.27,9486421
2024,3,1,2024-03,1404,659,6417.62,4229212
2024,3,1,2024-03,1405,1654,4598.13,7605307
2024,3,1,2024-03,1406,1766,6043.45,10672733
2024,3,1,2024-03,1407,1647,6833.84,11255334
2024,3,1,2024-03,1408,1939,5833,11310187
2024,3,1,2024-03,1409,1192,4146.85,4943045
2024,3,1,2024-03,1410,926,4018.49,3721122
2024,3,1,2024-03,1411,759,5340.96,4053789
2024,3,1,2024-03,1412,2048,7392.28,15139389
2024,3,1,2024-03,1413,1299,4876.14,6334106
2024,3,1,2024-03,1414,1347,6254.57,8424906
2024,3,1,2024-03,1415,738,4800.82,3543005
2024,3,1,2024-03,1416,1204,5243.53,6313210
2024,3,1,2024-03,1417,810,7052.66,5712655
2024,3,1,2024-03,1418,1298,6617.25,8589190
2024,3,1,2024-03,1419,1008,4381.83,4416885
2024,3,1,2024-03,1420,1665,5572.31,9277896
2024,3,1,2024-03,1421,1923,4214.67,8104810
2024,3,1,2024-03,1422,1660,5690.97,9447010
2024,3,1,2024-03,1423,1404,6441.75,9044217
2024,3,1,2024-03,1424,2020,4545.07,9181041
2024,3,1,2024-03,1425,1347,5128.47,6908049
2024,3,1,2024-03,1426,1290,5578.39,7196123
2024,3,1,2024-03,1427,599,7310.58,4379037
2024,3,1,2024-03,1428,1411,7633.77,10771249
2024,3,1,2024-03,1429,1972,4213.46,8308943
2024,3,1,2024-03,1430,1303,6743.43,8786689
2024,3,1,2024-03,1431,1329,5280.95,7018383
2024,3,1,2024-03,1432,2004,5433.76,10889255
2024,3,1,2024-03,1433,1827,6790.7,12406609
2024,3,1,2024-03,1434,1284,7250.02,9309026
2024,3,1,2024-03,1435,392,7537.33,2954633
2024,3,1,2024-03,1436,843,6130.55,5168054
2024,3,1,2024-03,1437,2091,5279.12,11038640
2024,3,1,2024-03,1438,469,6871.56,3222762
2024,3,1,2024-03,1439,1386,4981.96,6904997
2024,3,1,2024-03,1440,1826,6043.66,11035723
2024,3,1,2024-03,1441,876,5305.97,4648030
2024,3,1,2024-03,1442,1286,6484.02,8338450
2024,3,1,2024-03,1443,1271,4898.01,6225371
2024,3,1,2024-03,1444,1838,4733.09,8699419
2024,3,1,2024-03,1445,1911,7386.11,14114856
2024,3,1,2024-03,1446,669,4416.6,2954705
2024,3,1,2024-03,1447,714,5893.16,4207716
2024,3,1,2024-03,1448,1144,4822.49,5516929
2024,3,1,2024-03,1449,1212,4164.64,5047544
2024,3,1,2024-03,1450,1289,4202.81,5417422
2024,3,1,2024-03,1451,1117,4637.12,5179663
2024,3,1,2024-03,1452,501,7161.64,3587982
2024,3,1,2024-03,1453,1928,5021.82,9682069
2024,3,1,2024-03,1454,1872,7459.16,13963548
2024,3,1,2024-03,1455,1034,6183.71,6393956
2024,3,1,2024-03,1456,1802,5522.17,9950950
2024,3,1,2024-03,1457,2114,6104.17,12904215
2024,3,1,2024-03,1458,1739,5808.8,10101503
2024,3,1,2024-03,1459,1557,6745.64,10502961
2024,3,1,2024-03,1460,980,5078.31,4976744
2024,3,1,2024-03,1461,1324,5299.07,7015969
2024,3,1,2024-03,1462,855,7144.25,6108334
2024,3,1,2024-03,1463,764,7467.46,5705139
2024,3,1,2024-03,1464,2110,7169.44,15127518
2024,3,1,2024-03,1465,869,5588.36,4856285
2024,3,1,2024-03,1466,1520,6802.09,10339177
2024,3,1,2024-03,1467,812,5714.13,4639874
2024,3,1,2024-03,1468,1628,5829.27,9490052
2024,3,1,2024-03,1469,1688,4834.12,8159995
2024,3,1,2024-03,1470,943,6249.98,5893731
2024,3,1,2024-03,1471,1487,4701.66,6991368
2024,3,1,2024-03,1472,762,5179.29,3946619
2024,3,1,2024-03,1473,611,7117.08,4348536
2024,3,1,2024-03,1474,1656,4734.41,7840183
2024,3,1,2024-03,1475,513,4344.25,2228600
2024,3,1,2024-03,1476,1898,4323.08,8205206
2024,3,1,2024-03,1477,865,7467.79,6459638
2024,3,1,2024-03,1478,697,5909.59,4118984
2024,3,1,2024-03,1479,1748,5521.31,9651250
2024,3,1,2024-03,1480,881,6945.73,6119188
2024,3,1,2024-03,1481,1576,6993.22,11021315
2024,3,1,2024-03,1482,1190,5199.28,6187143
2024,3,1,2024-03,1483,842,6525,5494050
2024,3,1,2024-03,1484,1568,6754.32,10590774
2024,3,1,2024-03,1485,1528,6376.08,9742650
2024,3,1,2024-03,1486,1459,4575.97,6676340
2024,3,1,2024-03,1487,1595,7202.42,11487860
2024,3,1,2024-03,1488,914,5975.72,5461808
2024,3,1,2024-03,1489,658,5107.87,3360978
2024,3,1,2024-03,1490,1843,5557.76,10242952
2024,3,1,2024-03,1491,810,4138.58,3352250
2024,3,1,2024-03,1492,1138,4537.38,5163538
2024,3,1,2024-03,1493,1286,6777.36,8715685
2024,3,1,2024-03,1494,1682,4045.33,6804245
2024,3,1,2024-03,1495,1054,5521.5,5819661
2024,3,1,2024-03,1496,1381,5917.16,8171598
2024,3,1,2024-03,1497,1390,4239.78,5893294
2024,3,1,2024-03,1498,1783,7545.05,13452824
2024,3,1,2024-03,1499,967,4895.79,4734229
2024,3,1,2024-03,1500,1632,5123.78,8362009
2024,3,1,2024-03,1501,1874,5229.52,9800120
2024,3,1,2024-03,1502,1073,4852.1,5206303
2024,3,1,2024-03,1503,782,4063.5,3177657
2024,3,1,2024-03,1504,1738,6581.05,11437865
2024,3,1,2024-03,1505,1197,7494.9,8971395
2024,3,1,2024-03,1506,1484,4846.81,7192666
2024,3,1,2024-03,1507,1220,6415.79,7827264
2024,3,1,2024-03,1508,997,6742.7,6722472
2024,3,1,2024-03,1509,1481,7153.58,10594452
2024,3,1,2024-03,1510,1498,5611.95,8406701
2024,3,1,2024-03,1511,678,5131.31,3479028
2024,3,1,2024-03,1512,818,5224.41,4273567
2024,3,1,2024-03,1513,885,6663.06,5896808
2024,3,1,2024-03,1514,1096,6920.29,7584638
2024,3,1,2024-03,1515,689,4739.34,3265405
2024,3,1,2024-03,1516,1588,5338.1,8476903
2024,3,1,2024-03,1517,1107,7319.97,8103207
2024,3,1,2024-03,1518,1413,6923.41,9782778
2024,3,1,2024-03,1519,1142,7524.15,8592579
2024,3,1,2024-03,1520,1844,6713.12,12378993
2024,3,1,2024-03,1521,1205,5434.84,6548982
2024,3,1,2024-03,1522,1849,6203.11,11469550
2024,3,1,2024-03,1523,1623,6471.06,10502530
2024,3,1,2024-03,1524,1087,4318.67,4694394
2024,3,1,2024-03,1525,1456,5956.7,8672955
2024,3,1,2024-03,1526,1566,6674.1,10451641
2024,3,1,2024-03,1527,936,4689.99,4389831
2024,3,1,2024-03,1528,2127,6801.76,14467344
2024,3,1,2024-03,1529,1071,6151.97,6588760
2024,3,1,2024-03,1530,1874,7428.99,13921927
2024,3,1,2024-03,1531,1580,4150.64,6558011
2024,3,1,2024-03,1532,1715,4988.1,8554592
2024,3,1,2024-03,1533,1341,6137.41,8230267
2024,3,1,2024-03,1534,1212,5091.63,6171056
2024,3,1,2024-03,1535,1020,6583.53,6715201
2024,3,1,2024-03,1536,1584,6735.36,10668810
2024,3,1,2024-03,1537,701,4463.41,3128850
2024,3,1,2024-03,1538,1461,5905.06,8627293
2024,3,1,2024-03,1539,1725,5840.43,10074742
2024,3,1,2024-03,1540,1625,5386.67,8753339
2024,3,1,2024-03,1541,1572,7437.61,11691923
2024,3,1,2024-03,1542,883,6966.18,6151137
2024,3,1,2024-03,1543,1285,6480.51,8327455
2024,3,1,2024-03,1544,958,6551.78,6276605
2024,3,1,2024-03,1545,511,5718.19,2921995
2024,3,1,2024-03,1546,1023,7403.41,7573688
2024,3,1,2024-03,1547,1937,6568.49,12723165
2024,3,1,2024-03,1548,1494,6710.58,10025607
2024,3,1,2024-03,1549,1370,7026.26,9625976
2024,3,1,2024-03,1550,2080,4995.69,10391035
2024,3,1,2024-03,1551,1400,6880.47,9632658
2024,3,1,2024-03,1552,1545,4777.67,7381500
2024,3,1,2024-03,1553,714,5277.96,3768463
2024,3,1,2024-03,1554,1087,5117.3,5562505
2024,3,1,2024-03,1555,1985,7575.37,15037109
2024,3,1,2024-03,1556,1847,7159.45,13223504
2024,3,1,2024-03,1557,1458,6644.17,9687200
2024,3,1,2024-03,1558,2064,6653.33,13732473
2024,3,1,2024-03,1559,923,6086.39,5617738
2024,3,1,2024-03,1560,1322,7377.91,9753597
2024,3,1,2024-03,1561,1607,5750.35,9240812
2024,3,1,2024-03,1562,1410,5468.12,7710049
2024,3,1,2024-03,1563,624,4662.5,2909400
2024,3,1,2024-03,1564,754,6912.68,5212161
2024,3,1,2024-03,1565,1255,6660.7,8359178
2024,3,1,2024-03,1566,1800,5532.47,9958446
2024,3,1,2024-03,1567,1646,4161.22,6849368
2024,3,1,2024-03,1568,1926,7010.53,13502281
2024,3,1,2024-03,1569,1691,4083.78,6905672
2024,3,1,2024-03,1570,1219,6490.58,7912017
2024,3,1,2024-03,1571,619,7469.34,4623521
2024,3,1,2024-03,1572,1479,5598.18,8279708
2024,3,1,2024-03,1573,980,4963.73,4864455
2024,3,1,2024-03,1574,908,6563.96,5960076
2024,3,1,2024-03,1575,785,7015.38,5507073
2024,3,1,2024-03,1576,1420,5998.35,8517657
2024,3,1,2024-03,1577,1320,7454.11,9839425
2024,3,1,2024-03,1578,839,4265.94,3579124
2024,3,1,2024-03,1579,1977,5816.6,11499418
2024,3,1,2024-03,1580,1736,6597.41,11453104
2024,3,1,2024-03,1581,1119,7220.03,8079214
2024,3,1,2024-03,1582,910,4722.83,4297775
2024,3,1,2024-03,1583,1452,6868.7,9973352
2024,3,1,2024-03,1584,1517,6058.13,9190183
2024,3,1,2024-03,1585,2121,5427.05,11510773
2024,3,1,2024-03,1586,842,4447.44,3744744
2024,3,1,2024-03,1587,1076,7187.23,7733459
2024,3,1,2024-03,1588,1194,4630.63,5528972
2024,3,1,2024-03,1589,585,5151.47,3013610
2024,3,1,2024-03,1590,1872,5015.12,9388305
2024,3,1,2024-03,1591,1795,7145.66,12826460
2024,3,1,2024-03,1592,993,6461.05,6415823
2024,3,1,2024-03,1593,1083,6841.33,7409160
2024,3,1,2024-03,1594,884,4951.06,4376737
2024,3,1,2024-03,1595,917,6351.88,5824674
2024,3,1,2024-03,1596,923,6103.17,5633226
2024,3,1,2024-03,1597,1510,7048.78,10643658
2024,3,1,2024-03,1598,1416,7263.5,10285116
2024,3,1,2024-03,1599,1252,4053.42,5074882
2024,3,1,2024-03,1600,766,6431.82,4926774
2024,3,1,2024-03,1601,1556,4289.46,6674400
2024,3,1,2024-03,1602,1636,6007.11,9827632
2024,3,1,2024-03,1603,1467,5072.37,7441167
2024,3,1,2024-03,1604,1563,5126.87,8013298
2024,3,1,2024-03,1605,949,5256.83,4988732
2024,3,1,2024-03,1606,576,6330.9,3646598
2024,3,1,2024-03,1607,1545,5237.36,8091721
2024,3,1,2024-03,1608,1946,6642.08,12925488
2024,3,1,2024-03,1609,1095,5501.23,6023847
2024,3,1,2024-03,1610,1482,4276.96,6338455
2024,3,1,2024-03,1611,1968,6861.86,13504140
2024,3,1,2024-03,1612,2038,5043.99,10279652
2024,3,1,2024-03,1613,1915,5603.74,10731162
2024,3,1,2024-03,1614,1789,6495.39,11620253
2024,3,1,2024-03,1615,594,5324.55,3162783
2024,3,1,2024-03,1616,1590,4344.87,6908343
2024,3,1,2024-03,1617,912,5424.11,4946788
2024,3,1,2024-03,1618,1792,7415.89,13289275
2024,3,1,2024-03,1619,1052,6378.28,6709951
2024,3,1,2024-03,1620,1440,6482.74,9335146
2024,3,1,2024-03,1621,1897,6287.33,11927065
2024,3,1,2024-03,1622,1511,4691.66,7089098
2024,3,1,2024-03,1623,1848,5461.16,10092224
2024,3,1,2024-03,1624,2000,6725.58,13451160
2024,3,1,2024-03,1625,1755,4395.62,7714313
2024,3,1,2024-03,1626,1683,5022.17,8452312
2024,3,1,2024-03,1627,939,5004.98,4699676
2024,3,1,2024-03,1628,1509,5557.35,8386041
2024,3,1,2024-03,1629,944,7577.22,7152896
2024,3,1,2024-03,1630,1373,4161.45,5713671
2024,3,1,2024-03,1631,1558,5930.59,9239859
2024,3,1,2024-03,1632,1290,4683.59,6041831
2024,3,1,2024-03,1633,745,7578.08,5645670
2024,3,1,2024-03,1634,622,4472.81,2782088
2024,3,1,2024-03,1635,1686,5416.35,9131966
2024,3,1,2024-03,1636,1198,6600.24,7907088
2024,3,1,2024-03,1637,1319,6514.39,8592480
2024,3,1,2024-03,1638,1678,5574.35,9353759
2024,3,1,2024-03,1639,1734,5214.06,9041180
2024,3,1,2024-03,1640,1049,5477.99,5746412
2024,3,1,2024-03,1641,1006,5029.93,5060110
2024,3,1,2024-03,1642,1502,4764.71,7156594
2024,3,1,2024-03,1643,813,5737.2,4664344
2024,3,1,2024-03,1644,1688,4916.68,8299356
2024,3,1,2024-03,1645,827,5148.82,4258074
2024,3,1,2024-03,1646,629,6477.83,4074555
2024,3,1,2024-03,1647,687,7560.52,5194077
2024,3,1,2024-03,1648,1631,6194.06,10102512
2024,3,1,2024-03,1649,1578,4329.09,6831304
2024,3,1,2024-03,1650,1550,4357.39,6753955
2024,3,1,2024-03,1651,1754,7451.3,13069580
2024,3,1,2024-03,1652,859,4975.64,4274075
2024,3,1,2024-03,1653,1035,4426.53,4581459
2024,3,1,2024-03,1654,1880,6245.01,11740619
2024,3,1,2024-03,1655,1892,6325.98,11968754
2024,3,1,2024-03,1656,1530,6386.6,9771498
2024,3,1,2024-03,1657,2079,5052.56,10504272
2024,3,1,2024-03,1658,1128,4047.66,4565760
2024,3,1,2024-03,1659,1459,7488.88,10926276
2024,3,1,2024-03,1660,1847,4920.58,9088311
2024,3,1,2024-03,1661,1264,6529.54,8253339
2024,3,1,2024-03,1662,1227,6581.46,8075451
2024,3,1,2024-03,1663,1853,6222.03,11529422
2024,3,1,2024-03,1664,764,5125.65,3915997
2024,3,1,2024-03,1665,1032,4974.93,5134128
2024,3,1,2024-03,1666,1772,6134.47,10870281
2024,3,1,2024-03,1667,815,7174.45,5847177
2024,3,1,2024-03,1668,1966,7454.91,14656353
2024,3,1,2024-03,1669,1728,4445.74,7682239
2024,3,1,2024-03,1670,1577,4644.26,7323998
2024,3,1,2024-03,1671,1754,7384.64,12952659
2024,3,1,2024-03,1672,1590,6596.69,10488737
2024,3,1,2024-03,1673,1709,7231.82,12359180
2024,3,1,2024-03,1674,1340,4776.32,6400269
2024,3,1,2024-03,1675,740,6186.84,4578262
2024,3,1,2024-03,1676,847,6572.81,5567170
2024,3,1,2024-03,1677,1482,6475.47,9596647
2024,3,1,2024-03,1678,1748,5519.79,9648593
2024,3,1,2024-03,1679,1270,4175.66,5303088
2024,3,1,2024-03,1680,1168,6119.72,7147833
2024,3,1,2024-03,1681,607,4991.69,3029956
2024,3,1,2024-03,1682,1864,5674.34,10576970
2024,3,1,2024-03,1683,1575,7391.26,11641234
2024,3,1,2024-03,1684,1361,5418.95,7375191
2024,3,1,2024-03,1685,1442,7045.52,10159640
2024,3,1,2024-03,1686,1295,4706.29,6094646
2024,3,1,2024-03,1687,1653,6408.78,10593713
2024,3,1,2024-03,1688,1463,7583.96,11095333
2024,3,1,2024-03,1689,1883,4352.91,8196530
2024,3,1,2024-03,1690,807,4078.12,3291043
2024,3,1,2024-03,1691,901,5561.75,5011137
2024,3,1,2024-03,1692,948,4453.93,4222326
2024,3,1,2024-03,1693,722,6835.13,4934964
2024,3,1,2024-03,1694,1432,7299.41,10452755
2024,3,1,2024-03,1695,1765,5640.83,9956065
2024,3,1,2024-03,1696,1348,5035.64,6788043
2024,3,1,2024-03,1697,645,5644.45,3640670
2024,3,1,2024-03,1698,1929,6668.66,12863845
2024,3,1,2024-03,1699,1616,4009.9,6479998
2024,3,1,2024-03,1700,853,6208.95,5296234
2024,3,1,2024-03,1701,1528,6257.05,9560772
2024,3,1,2024-03,1702,1022,6317.43,6456413
2024,3,1,2024-03,1703,1718,4915.57,8444949
2024,3,1,2024-03,1704,588,6611.21,3887391
2024,3,1,2024-03,1705,744,4371.38,3252307
2024,3,1,2024-03,1706,1401,4750.91,6656025
2024,3,1,2024-03,1707,1643,7137.41,11726765
2024,3,1,2024-03,1708,1205,6710.4,8086032
2024,3,1,2024-03,1709,813,4099.11,3332576
2024,3,1,2024-03,1710,1135,4906.03,5568344
2024,3,1,2024-03,1711,1835,4825.17,8854187
2024,3,1,2024-03,1712,1679,5023.49,8434440
2024,3,1,2024-03,1713,973,4961.56,4827598
2024,3,1,2024-03,1714,1016,4278.7,4347159
2024,3,1,2024-03,1715,1164,5719.12,6657056
2024,3,1,2024-03,1716,1221,6653.83,8124326
2024,3,1,2024-03,1717,701,6208.48,4352144
2024,3,1,2024-03,1718,510,6465.49,3297400
2024,3,1,2024-03,1719,1142,4363.77,4983425
2024,3,1,2024-03,1720,1348,7499.46,10109272
2024,3,1,2024-03,1721,1431,7089.79,10145489
2024,3,1,2024-03,1722,1664,6921.76,11517809
2024,3,1,2024-03,1723,1143,6923.97,7914098
2024,3,1,2024-03,1724,1059,7408.86,7845983
2024,3,1,2024-03,1725,1875,6018.84,11285325
2024,3,1,2024-03,1726,1349,4780.25,6448557
2024,3,1,2024-03,1727,1001,6288.11,6294398
2024,3,1,2024-03,1728,1947,6685.66,13016980
2024,3,1,2024-03,1729,696,6612.8,4602509
2024,3,1,2024-03,1730,1040,5874.56,6109542
2024,3,1,2024-03,1731,1913,4170.81,7978760
2024,3,1,2024-03,1732,1115,5398.65,6019495
2024,3,1,2024-03,1733,775,7332.58,5682750
2024,3,1,2024-03,1734,1714,6176.93,10587258
2024,3,1,2024-03,1735,1555,6007.92,9342316
2024,3,1,2024-03,1736,1680,4992.57,8387518
2024,3,1,2024-03,1737,1921,5332.09,10242945
2024,3,1,2024-03,1738,567,7209.6,4087843
2024,3,1,2024-03,1739,989,6516.36,6444680
2024,3,1,2024-03,1740,1746,6853.89,11966892
2024,3,1,2024-03,1741,1416,5662.7,8018383
2024,3,1,2024-03,1742,1295,6314.36,8177096
2024,3,1,2024-03,1743,1169,4870.34,5693427
2024,3,1,2024-03,1744,1434,6551.15,9394349
2024,3,1,2024-03,1745,638,5541.24,3535311
2024,3,1,2024-03,1746,1212,5585.01,6769032
2024,3,1,2024-03,1747,1734,6357.36,11023662
2024,3,1,2024-03,1748,2001,7392.91,14793213
2024,3,1,2024-03,1749,1137,4228.84,4808191
2024,3,1,2024-03,1750,1135,6977.24,7919167
2024,3,1,2024-03,1751,2082,5101.98,10622322
2024,3,1,2024-03,1752,1292,5658.2,7310394
2024,3,1,2024-03,1753,1643,4123.18,6774385
2024,3,1,2024-03,1754,1761,5144.08,9058725
2024,3,1,2024-03,1755,1550,5831.06,9038143
2024,3,1,2024-03,1756,1950,4315.1,8414445
2024,3,1,2024-03,1757,1071,5830.32,6244273
2024,3,1,2024-03,1758,937,7327.94,6866280
2024,3,1,2024-03,1759,1563,4410.37,6893408
2024,3,1,2024-03,1760,697,6796.65,4737265
2024,3,1,2024-03,1761,1447,5492.32,7947387
2024,3,1,2024-03,1762,605,6303.14,3813400
2024,3,1,2024-03,1763,1745,4997.24,8720184
2024,3,1,2024-03,1764,1646,4608.02,7584801
2024,3,1,2024-03,1765,830,4659.31,3867227
2024,3,1,2024-03,1766,1756,4310.24,7568781
2024,3,1,2024-03,1767,1667,4747.44,7913982
2024,3,1,2024-03,1768,1319,6535.55,8620390
2024,3,1,2024-03,1769,891,7254.13,6463430
2024,3,1,2024-03,1770,1479,6940.11,10264423
2024,3,1,2024-03,1771,1044,6515.7,6802391
2024,3,1,2024-03,1772,1444,4455.89,6434305
2024,3,1,2024-03,1773,1130,5099.08,5761960
2024,3,1,2024-03,1774,1264,5089.87,6433596
2024,3,1,2024-03,1775,1209,4994.79,6038701
2024,3,1,2024-03,1776,817,5787.23,4728167
2024,3,1,2024-03,1777,962,5963.35,5736743
2024,3,1,2024-03,1778,1625,5248.98,8529592
2024,3,1,2024-03,1779,825,5285.34,4360406
2024,3,1,2024-03,1780,1172,7016.7,8223572
2024,3,1,2024-03,1781,1677,6906.57,11582318
2024,3,1,2024-03,1782,1353,5199.24,7034572
2024,3,1,2024-03,1783,1104,7302.02,8061430
2024,3,1,2024-03,1784,752,7494.23,5635661
2024,3,1,2024-03,1785,1212,5217.89,6324083
2024,3,1,2024-03,1786,1373,5287.22,7259353
2024,3,1,2024-03,1787,1705,5874.4,10015852
2024,3,1,2024-03,1788,1506,7366.73,11094295
2024,3,1,2024-03,1789,876,7171.32,6282076
2024,3,1,2024-03,1790,1046,4401.06,4603509
2024,3,1,2024-03,1791,1411,5385.89,7599491
2024,3,1,2024-03,1792,482,6042.38,2912427
2024,3,1,2024-03,1793,1390,5855.17,8138686
2024,3,1,2024-03,1794,1664,4799.4,7986202
2024,3,1,2024-03,1795,1449,7030.92,10187803
2024,3,1,2024-03,1796,589,6435.39,3790445
2024,3,1,2024-03,1797,1353,7091.32,9594556
2024,3,1,2024-03,1798,1159,7138.64,8273684
2024,3,1,2024-03,1799,1302,6754.33,8794138
2024,3,1,2024-03,1800,2021,5686.45,11492315
2024,3,1,2024-03,1801,1337,6196.71,8285001
2024,3,1,2024-03,1802,1569,4589.48,7200894
2024,3,1,2024-03,1803,1159,6494.27,7526859
2024,3,1,2024-03,1804,1843,4724.14,8706590
2024,3,1,2024-03,1805,1106,6522.41,7213785
2024,3,1,2024-03,1806,766,4867.94,3728842
2024,3,1,2024-03,1807,1614,4432.25,7153652
2024,3,1,2024-03,1808,1348,4716.92,6358408
2024,3,1,2024-03,1809,1332,4155.72,5535419
2024,3,1,2024-03,1810,669,6666.57,4459935
2024,3,1,2024-03,1811,1491,6694.32,9981231
2024,3,1,2024-03,1812,1480,5917.25,8757530
2024,3,1,2024-03,1813,1801,4646.82,8368923
2024,3,1,2024-03,1814,1346,4275.59,5754944
2024,3,1,2024-03,1815,1763,4104.13,7235581
2024,3,1,2024-03,1816,1608,4684.43,7532563
2024,3,1,2024-03,1817,2182,7190.95,15690653
2024,3,1,2024-03,1818,1493,4924.35,7352055
2024,3,1,2024-03,1819,1931,5370.78,10370976
2024,3,1,2024-03,1820,1320,4485.28,5920570
2024,3,1,2024-03,1821,1970,4891.26,9635782
2024,3,1,2024-03,1822,1746,5918.75,10334138
2024,3,1,2024-03,1823,701,6257.06,4386199
2024,3,1,2024-03,1824,846,4920.08,4162388
2024,3,1,2024-03,1825,1484,4339.62,6439996
2024,3,1,2024-03,1826,742,5378.01,3990483
2024,3,1,2024-03,1827,1931,4894.31,9450913
2024,3,1,2024-03,1828,1822,4817.89,8778196
2024,3,1,2024-03,1829,1941,7505.45,14568078
2024,3,1,2024-03,1830,1107,6236.32,6903606
2024,3,1,2024-03,1831,1438,6148.85,8842046
2024,3,1,2024-03,1832,1781,5578.89,9936003
2024,3,1,2024-03,1833,1650,5539.63,9140390
2024,3,1,2024-03,1834,1574,5863.2,9228677
2024,3,1,2024-03,1835,1300,6485.66,8431358
2024,3,1,2024-03,1836,1035,6582.49,6812877
2024,3,1,2024-03,1837,1859,4656.86,8657103
2024,3,1,2024-03,1838,1097,5812.12,6375896
2024,3,1,2024-03,1839,844,5491.54,4634860
2024,3,1,2024-03,1840,1367,7194.03,9834239
2024,3,1,2024-03,1841,846,6290.52,5321780
2024,3,1,2024-03,1842,1664,5933.68,9873644
2024,3,1,2024-03,1843,1857,4513.02,8380678
2024,3,1,2024-03,1844,864,6283.92,5429307
2024,3,1,2024-03,1845,1168,4424.59,5167921
2024,3,1,2024-03,1846,1397,5310.98,7419439
2024,3,1,2024-03,1847,724,4561.01,3302171
2024,3,1,2024-03,1848,998,6562.68,6549555
2024,3,1,2024-03,1849,963,4821.24,4642854
2024,3,1,2024-03,1850,1622,5453.44,8845480
2024,3,1,2024-03,1851,1308,7249.03,9481731
2024,3,1,2024-03,1852,1023,4814.92,4925663
2024,3,1,2024-03,1853,1398,5815.99,8130754
2024,3,1,2024-03,1854,1358,5498.71,7467248
2024,3,1,2024-03,1855,1104,4215.61,4654033
2024,3,1,2024-03,1856,1825,6932.36,12651557
2024,3,1,2024-03,1857,1390,4347.92,6043609
2024,3,1,2024-03,1858,775,5738.86,4447616
2024,3,1,2024-03,1859,1024,5979.82,6123336
2024,3,1,2024-03,1860,1706,6270.9,10698155
2024,3,1,2024-03,1861,1918,6527.56,12519860
2024,3,1,2024-03,1862,1286,5010.93,6444056
2024,3,1,2024-03,1863,1606,4112.24,6604257
2024,3,1,2024-03,1864,1301,6653.58,8656308
2024,3,1,2024-03,1865,1364,5956.77,8125034
2024,3,1,2024-03,1866,1750,7063.42,12360985
2024,3,1,2024-03,1867,940,6940.84,6524390
2024,3,1,2024-03,1868,818,7065.44,5779530
2024,3,1,2024-03,1869,944,5774.15,5450798
2024,3,1,2024-03,1870,2029,5310.27,10774538
2024,3,1,2024-03,1871,1012,6747.04,6828004
2024,3,1,2024-03,1872,923,5657.31,5221697
2024,3,1,2024-03,1873,1432,4721.75,6761546
2024,3,1,2024-03,1874,1319,7017.91,9256623
2024,3,1,2024-03,1875,741,7232.85,5359542
2024,3,1,2024-03,1876,904,5711.67,5163350
2024,3,1,2024-03,1877,1796,4284.02,7694100
2024,3,1,2024-03,1878,870,5484.01,4771089
2024,3,1,2024-03,1879,1861,6884.72,12812464
2024,3,1,2024-03,1880,1279,7304.32,9342225
2024,3,1,2024-03,1881,588,4790.24,2816661
2024,3,1,2024-03,1882,577,4277.43,2468077
2024,3,1,2024-03,1883,1664,7135.56,11873572
2024,3,1,2024-03,1884,1237,5411.69,6694261
2024,3,1,2024-03,1885,1351,6025.81,8140869
2024,3,1,2024-03,1886,955,7555.83,7215818
2024,3,1,2024-03,1887,1875,4325.69,8110669
2024,3,1,2024-03,1888,2048,6364.27,13034025
2024,3,1,2024-03,1889,1127,4352.45,4905211
2024,3,1,2024-03,1890,812,5408.42,4391637
2024,3,1,2024-03,1891,1647,6892.09,11351272
2024,3,1,2024-03,1892,1070,5559.47,5948633
2024,3,1,2024-03,1893,1089,7593.5,8269322
2024,3,1,2024-03,1894,1341,6019.24,8071801
2024,3,1,2024-03,1895,1353,5206.68,7044638
2024,3,1,2024-03,1896,2031,4913.36,9979034
2024,3,1,2024-03,1897,1081,5317.96,5748715
2024,3,1,2024-03,1898,1972,5449.85,10747104
2024,3,1,2024-03,1899,1702,4302.1,7322174
2024,3,1,2024-03,1900,836,5365.65,4485683
2024,3,1,2024-03,1901,1129,5642.05,6369874
2024,3,1,2024-03,1902,1297,6659.32,8637138
2024,3,1,2024-03,1903,1501,6366,9555366
2024,3,1,2024-03,1904,773,6542.06,5057012
2024,3,1,2024-03,1905,757,4041.62,3059506
2024,3,1,2024-03,1906,911,4848.3,4416801
2024,3,1,2024-03,1907,1597,6387.16,10200295
2024,3,1,2024-03,1908,1239,5854.64,7253899
2024,3,1,2024-03,1909,940,4126.71,3879107
2024,3,1,2024-03,1910,1683,6897.57,11608610
2024,3,1,2024-03,1911,1597,6701.96,10703030
2024,3,1,2024-03,1912,612,6015.25,3681333
2024,3,1,2024-03,1913,1917,4280.11,8204971
2024,3,1,2024-03,1914,1501,6826.43,10246471
2024,3,1,2024-03,1915,754,6136.18,4626680
2024,3,1,2024-03,1916,668,6893.17,4604638
2024,3,1,2024-03,1917,789,6756.01,5330492
2024,3,1,2024-03,1918,1654,6858.84,11344521
2024,3,1,2024-03,1919,786,5868.04,4612279
2024,3,1,2024-03,1920,1359,4536.57,6165199
2024,3,1,2024-03,1921,1191,6439.31,7669218
2024,3,1,2024-03,1922,1859,6254.32,11626781
2024,3,1,2024-03,1923,984,6732.34,6624623
2024,3,1,2024-03,1924,1299,4684.88,6085659
2024,3,1,2024-03,1925,872,4732.64,4126862
2024,3,1,2024-03,1926,1378,7257.3,10000559
2024,3,1,2024-03,1927,1622,6674.81,10826542
2024,3,1,2024-03,1928,2124,7322.38,15552735
2024,3,1,2024-03,1929,948,6797.72,6444239
2024,3,1,2024-03,1930,1984,6195.83,12292527
2024,3,1,2024-03,1931,1151,6409.94,7377841
2024,3,1,2024-03,1932,1669,7252.48,12104389
2024,3,1,2024-03,1933,1263,6165.26,7786723
2024,3,1,2024-03,1934,1638,6342.26,10388622
2024,3,1,2024-03,1935,1536,4668.87,7171384
2024,3,1,2024-03,1936,1567,5673.91,8891017
2024,3,1,2024-03,1937,1690,6613.92,11177525
2024,3,1,2024-03,1938,669,5019.98,3358367
2024,3,1,2024-03,1939,878,4784.36,4200668
2024,3,1,2024-03,1940,1025,5215.27,5345652
2024,3,1,2024-03,1941,601,4923.04,2958747
2024,3,1,2024-03,1942,880,4826.56,4247373
2024,3,1,2024-03,1943,1624,5591.01,9079800
2024,3,1,2024-03,1944,674,7221.73,4867446
2024,3,1,2024-03,1945,1613,5932.7,9569445
2024,3,1,2024-03,1946,1905,4721.76,8994953
2024,3,1,2024-03,1947,1716,4397.94,7546865
2024,3,1,2024-03,1948,502,6497.44,3261715
2024,3,1,2024-03,1949,990,5379.22,5325428
2024,3,1,2024-03,1950,1447,6973.08,10090047
2024,3,1,2024-03,1951,1064,6407.04,6817091
2024,3,1,2024-03,1952,1798,6869.37,12351127
2024,3,1,2024-03,1953,1245,4989.42,6211828
2024,3,1,2024-03,1954,1541,6539.05,10076676
2024,3,1,2024-03,1955,610,5062.79,3088302
2024,3,1,2024-03,1956,1615,7475.38,12072739
2024,3,1,2024-03,1957,1442,6309.86,9098818
2024,3,1,2024-03,1958,1644,5164.2,8489945
2024,3,1,2024-03,1959,1475,5005.13,7382567
2024,3,1,2024-03,1960,887,4814.19,4270187
2024,3,1,2024-03,1961,1444,6576.79,9496885
2024,3,1,2024-03,1962,1789,4853.47,8682858
2024,3,1,2024-03,1963,1645,6155.82,10126324
2024,3,1,2024-03,1964,742,5040.63,3740147
2024,3,1,2024-03,1965,1679,6516,10940364
2024,3,1,2024-03,1966,1145,6952.37,7960464
2024,3,1,2024-03,1967,1803,6738.7,12149876
2024,3,1,2024-03,1968,1011,6720.05,6793971
2024,3,1,2024-03,1969,760,4728.58,3593721
2024,3,1,2024-03,1970,1240,4365.1,5412724
2024,3,1,2024-03,1971,918,6607.06,6065281
2024,3,1,2024-03,1972,855,5342.21,4567590
2024,3,1,2024-03,1973,1515,5588.83,8467077
2024,3,1,2024-03,1974,1109,4139.2,4590373
2024,3,1,2024-03,1975,1172,5016.64,5879502
2024,3,1,2024-03,1976,1878,4138.61,7772310
2024,3,1,2024-03,1977,873,7176.95,6265477
2024,3,1,2024-03,1978,1419,4855.43,6889855
2024,3,1,2024-03,1979,1543,6017.88,9285589
2024,3,1,2024-03,1980,1283,4271.04,5479744
2024,3,1,2024-03,1981,1185,6511.46,7716080
2024,3,1,2024-03,1982,471,5237.81,2467009
2024,3,1,2024-03,1983,994,7274.07,7230426
2024,3,1,2024-03,1984,776,7191,5580216
2024,3,1,2024-03,1985,1931,5224.5,10088510
2024,3,1,2024-03,1986,881,7272.5,6407072
2024,3,1,2024-03,1987,1428,7604.74,10859569
2024,3,1,2024-03,1988,2095,7032.38,14732836
2024,3,1,2024-03,1989,1361,7022.9,9558167
2024,3,1,2024-03,1990,681,5059.25,3445349
2024,3,1,2024-03,1991,1482,6183.73,9164288
2024,3,1,2024-03,1992,579,4260.35,2466743
2024,3,1,2024-03,1993,902,4400.21,3968989
2024,3,1,2024-03,1994,1188,7586.75,9013059
2024,3,1,2024-03,1995,1279,5248.97,6713433
2024,3,1,2024-03,1996,1355,6717.11,9101684
2024,3,1,2024-03,1997,2093,6844.65,14325852
2024,3,1,2024-03,1998,2030,7070.73,14353582
2024,3,1,2024-03,1999,1105,7668.89,8474123
2024,3,1,2024-03,2000,1297,4907.37,6364859
2024,3,1,2024-03,2001,640,4190.84,2682138
2024,3,1,2024-03,2002,1447,5551.48,8032992
2024,3,1,2024-03,2003,1058,4562.85,4827495
2024,3,1,2024-03,2004,780,4133.27,3223951
2024,3,1,2024-03,2005,1686,5243.16,8839968
2024,3,1,2024-03,2006,1646,6811.57,11211844
2024,3,1,2024-03,2007,1604,5976.68,9586595
2024,3,1,2024-03,2008,1065,5108.01,5440031
2024,3,1,2024-03,2009,998,6390.5,6377719
2024,3,1,2024-03,2010,1832,4885.55,8950328
2024,3,1,2024-03,2011,1448,4166.03,6032411
2024,3,1,2024-03,2012,878,6777.22,5950399
2024,3,1,2024-03,2013,1502,6238.57,9370332
2024,3,1,2024-03,2014,1585,6825.52,10818449
2024,3,1,2024-03,2015,684,4274.87,2924011
2024,3,1,2024-03,2016,1819,7079,12876701
2024,3,1,2024-03,2017,1251,6260.05,7831323
2024,3,1,2024-03,2018,1668,6049.38,10090366
2024,3,1,2024-03,2019,1776,6227.57,11060164
2024,3,1,2024-03,2020,1102,7099.44,7823583
2024,3,1,2024-03,2021,804,6126.88,4926012
2024,3,1,2024-03,2022,1480,6066.15,8977902
2024,3,1,2024-03,2023,1397,7569.38,10574424
2024,3,1,2024-03,2024,1262,6738.88,8504467
2024,3,1,2024-03,2025,774,5689.44,4403627
2024,3,1,2024-03,2026,1277,6503.06,8304408
2024,3,1,2024-03,2027,985,5450.94,5369176
2024,3,1,2024-03,2028,1720,4811.04,8274989
2024,3,1,2024-03,2029,1447,6094.33,8818496
2024,3,1,2024-03,2030,1181,7339.71,8668198
2024,3,1,2024-03,2031,857,7366.21,6312842
2024,3,1,2024-03,2032,614,5331.94,3273811
2024,3,1,2024-03,2033,890,5923.96,5272324
2024,3,1,2024-03,2034,901,4786.67,4312790
2024,3,1,2024-03,2035,1396,7570.5,10568418
2024,3,1,2024-03,2036,1448,7527.13,10899284
2024,3,1,2024-03,2037,1222,6211.34,7590257
2024,3,1,2024-03,2038,729,6884.45,5018764
2024,3,1,2024-03,2039,1099,6639.41,7296712
2024,3,1,2024-03,2040,660,6058.79,3998801
2024,3,1,2024-03,2041,1147,4228.69,4850307
2024,3,1,2024-03,2042,625,5663.5,3539688
2024,3,1,2024-03,2043,1632,6492.05,10595026
2024,3,1,2024-03,2044,913,6474.84,5911529
2024,3,1,2024-03,2045,1370,5404.81,7404590
2024,3,1,2024-03,2046,1711,7376.48,12621157
2024,3,1,2024-03,2047,1299,4574.14,5941808
2024,3,1,2024-03,2048,461,5814.97,2680701
2024,3,1,2024-03,2049,697,6510.7,4537958
2024,3,1,2024-03,2050,1631,6591.49,10750720
2024,3,1,2024-03,2051,1707,6302.48,10758333
2024,3,1,2024-03,2052,858,5131.52,4402844
2024,3,1,2024-03,2053,2060,4621.33,9519940
2024,3,1,2024-03,2054,2018,6287.26,12687691
2024,3,1,2024-03,2055,1048,6154.49,6449906
2024,3,1,2024-03,2056,994,4688.8,4660667
2024,3,1,2024-03,2057,1588,6564.83,10424950
2024,3,1,2024-03,2058,1826,5678.54,10369014
2024,3,1,2024-03,2059,1075,6463.49,6948252
2024,3,1,2024-03,2060,1797,7008.88,12594957
2024,3,1,2024-03,2061,1386,4666.49,6467755
2024,3,1,2024-03,2062,1360,4110.53,5590321
2024,3,1,2024-03,2063,775,6905.3,5351608
2024,3,1,2024-03,2064,838,6146.73,5150960
2024,3,1,2024-03,2065,1354,6644.83,8997100
2024,3,1,2024-03,2066,1557,7001.68,10901616
2024,3,1,2024-03,2067,1859,6866.76,12765307
2024,3,1,2024-03,2068,1586,7465.18,11839775
2024,3,1,2024-03,2069,697,5975.2,4164714
2024,3,1,2024-03,2070,1795,5780.24,10375531
2024,3,1,2024-03,2071,1472,5515.13,8118271
2024,3,1,2024-03,2072,999,4584.38,4579796
2024,3,1,2024-03,2073,818,6067.07,4962863
2024,3,1,2024-03,2074,1231,5002.05,6157524
2024,3,1,2024-03,2075,1362,7394.2,10070900
2024,3,1,2024-03,2076,1844,6151.01,11342462
2024,3,1,2024-03,2077,1692,6116.01,10348289
2024,3,1,2024-03,2078,1586,5300.69,8406894
2024,3,1,2024-03,2079,1157,4182.96,4839685
2024,3,1,2024-03,2080,1758,4293.11,7547287
2024,3,1,2024-03,2081,563,5572.84,3137509
2024,3,1,2024-03,2082,1131,4268.97,4828205
2024,3,1,2024-03,2083,684,6156.74,4211210
2024,3,1,2024-03,2084,1855,7137.61,13240267
2024,4,1,2024-04,1,1619,7223.57,11694960
2024,4,1,2024-04,2,2076,4745.29,9851222
2024,4,1,2024-04,3,1515,4440.12,6726782
2024,4,1,2024-04,4,1879,4991.23,9378521
2024,4,1,2024-04,5,1737,4169.68,7242734
2024,4,1,2024-04,6,1581,5974.45,9445605
2024,4,1,2024-04,7,1757,7351.66,12916867
2024,4,1,2024-04,8,568,4072.38,2313112
2024,4,1,2024-04,9,1123,4427.47,4972049
2024,4,1,2024-04,10,2105,5573.97,11733207
2024,4,1,2024-04,11,967,7359.78,7116907
2024,4,1,2024-04,12,1960,5156.84,10107406
2024,4,1,2024-04,13,761,5886.34,4479505
2024,4,1,2024-04,14,2008,4254.85,8543739
2024,4,1,2024-04,15,1802,4639.24,8359910
2024,4,1,2024-04,16,1556,7496.25,11664165
2024,4,1,2024-04,17,932,7493.55,6983989
2024,4,1,2024-04,18,1923,4077.74,7841494
2024,4,1,2024-04,19,1336,7394.68,9879292
2024,4,1,2024-04,20,926,6316.16,5848764
2024,4,1,2024-04,21,2006,7137.06,14316942
2024,4,1,2024-04,22,1506,5623.95,8469669
2024,4,1,2024-04,23,898,5920.46,5316573
2024,4,1,2024-04,24,1756,5777.97,10146115
2024,4,1,2024-04,25,1623,6394.44,10378176
2024,4,1,2024-04,26,1103,4467.17,4927289
2024,4,1,2024-04,27,1733,4182.95,7249052
2024,4,1,2024-04,28,1178,5125.66,6038027
2024,4,1,2024-04,29,1963,6540.54,12839080
2024,4,1,2024-04,30,772,4705.96,3633001
2024,4,1,2024-04,31,942,6465.81,6090793
2024,4,1,2024-04,32,1419,7431.71,10545596
2024,4,1,2024-04,33,1827,4259.73,7782527
2024,4,1,2024-04,34,1502,6390.74,9598891
2024,4,1,2024-04,35,1709,5622.21,9608357
2024,4,1,2024-04,36,1075,7135.11,7670243
2024,4,1,2024-04,37,2174,4662.27,10135775
2024,4,1,2024-04,38,1441,6486.29,9346744
2024,4,1,2024-04,39,1795,7019.95,12600810
2024,4,1,2024-04,40,605,7521.28,4550374
2024,4,1,2024-04,41,1570,6471.83,10160773
2024,4,1,2024-04,42,1295,5778.08,7482614
2024,4,1,2024-04,43,1522,6222.67,9470904
2024,4,1,2024-04,44,1056,7113.27,7511613
2024,4,1,2024-04,45,1893,6062.06,11475480
2024,4,1,2024-04,46,1581,4091.6,6468820
2024,4,1,2024-04,47,1661,7379.79,12257831
2024,4,1,2024-04,48,1328,6496.34,8627140
2024,4,1,2024-04,49,760,6401.07,4864813
2024,4,1,2024-04,50,1703,4839.21,8241175
2024,4,1,2024-04,51,928,6288.1,5835357
2024,4,1,2024-04,52,1939,5525.57,10714080
2024,4,1,2024-04,53,1103,6431.27,7093691
2024,4,1,2024-04,54,1364,4481.99,6113434
2024,4,1,2024-04,55,1011,6347.67,6417494
2024,4,1,2024-04,56,798,7598.8,6063842
2024,4,1,2024-04,57,885,4168.2,3688857
2024,4,1,2024-04,58,1587,7528.05,11947015
2024,4,1,2024-04,59,1957,5476.04,10716610
2024,4,1,2024-04,60,1155,7108.49,8210306
2024,4,1,2024-04,61,1505,6792.9,10223314
2024,4,1,2024-04,62,1896,6049.84,11470497
2024,4,1,2024-04,63,870,6789.56,5906917
2024,4,1,2024-04,64,1850,7215.62,13348897
2024,4,1,2024-04,65,1565,5469.2,8559298
2024,4,1,2024-04,66,2163,5182.25,11209207
2024,4,1,2024-04,67,2100,6432.8,13508880
2024,4,1,2024-04,68,1178,6877.3,8101459
2024,4,1,2024-04,69,1425,6732.16,9593328
2024,4,1,2024-04,70,743,6781.29,5038498
2024,4,1,2024-04,71,769,5581.56,4292220
2024,4,1,2024-04,72,1704,6945.73,11835524
2024,4,1,2024-04,73,2028,4428.44,8980876
2024,4,1,2024-04,74,1740,5986.12,10415849
2024,4,1,2024-04,75,1794,4050.4,7266418
2024,4,1,2024-04,76,2045,5157.74,10547578
2024,4,1,2024-04,77,1327,5368.03,7123376
2024,4,1,2024-04,78,1797,5428.85,9755643
2024,4,1,2024-04,79,2137,6457.02,13798652
2024,4,1,2024-04,80,1466,5330.53,7814557
2024,4,1,2024-04,81,906,5688.81,5154062
2024,4,1,2024-04,82,1451,4876.97,7076483
2024,4,1,2024-04,83,765,5358.96,4099604
2024,4,1,2024-04,84,1010,4832.69,4881017
2024,4,1,2024-04,85,1577,4340.08,6844306
2024,4,1,2024-04,86,914,6182.46,5650768
2024,4,1,2024-04,87,1293,6476.64,8374296
2024,4,1,2024-04,88,1990,6239.81,12417222
2024,4,1,2024-04,89,1082,5556.63,6012274
2024,4,1,2024-04,90,2067,5435.51,11235199
2024,4,1,2024-04,91,1931,7116.93,13742792
2024,4,1,2024-04,92,1476,5852.4,8638142
2024,4,1,2024-04,93,894,5721.38,5114914
2024,4,1,2024-04,94,1366,4101.85,5603127
2024,4,1,2024-04,95,1193,5185.22,6185967
2024,4,1,2024-04,96,1564,5419.44,8476004
2024,4,1,2024-04,97,1782,5426.32,9669702
2024,4,1,2024-04,98,1465,6053.98,8869081
2024,4,1,2024-04,99,1309,6120.43,8011643
2024,4,1,2024-04,100,1539,6140.05,9449537
2024,4,1,2024-04,101,628,6747.74,4237581
2024,4,1,2024-04,102,1085,6819.69,7399364
2024,4,1,2024-04,103,1299,6641.39,8627166
2024,4,1,2024-04,104,1549,7418.76,11491659
2024,4,1,2024-04,105,1848,4126.04,7624922
2024,4,1,2024-04,106,640,4679.92,2995149
2024,4,1,2024-04,107,650,3978.53,2586044
2024,4,1,2024-04,108,1355,6299.46,8535768
2024,4,1,2024-04,109,1937,7287.01,14114938
2024,4,1,2024-04,110,1730,4918.45,8508918
2024,4,1,2024-04,111,1210,7257.14,8781139
2024,4,1,2024-04,112,2010,4130.29,8301883
2024,4,1,2024-04,113,1679,7341.82,12326916
2024,4,1,2024-04,114,1746,5327.24,9301361
2024,4,1,2024-04,115,1122,4351.78,4882697
2024,4,1,2024-04,116,1067,5805.22,6194170
2024,4,1,2024-04,117,793,4945.59,3921853
2024,4,1,2024-04,118,982,5118.94,5026799
2024,4,1,2024-04,119,1175,5089.46,5980116
2024,4,1,2024-04,120,850,6884.99,5852242
2024,4,1,2024-04,121,1720,5917.32,10177790
2024,4,1,2024-04,122,699,5178.67,3619890
2024,4,1,2024-04,123,1992,6227.18,12404543
2024,4,1,2024-04,124,937,6501.49,6091896
2024,4,1,2024-04,125,781,5027.54,3926509
2024,4,1,2024-04,126,1601,5431.89,8696456
2024,4,1,2024-04,127,1881,4417.88,8310032
2024,4,1,2024-04,128,1689,4703.76,7944651
2024,4,1,2024-04,129,1788,6396.54,11437014
2024,4,1,2024-04,130,1299,4654.52,6046221
2024,4,1,2024-04,131,950,5931.07,5634516
2024,4,1,2024-04,132,1250,6571.27,8214088
2024,4,1,2024-04,133,805,4421.42,3559243
2024,4,1,2024-04,134,1255,6082.82,7633939
2024,4,1,2024-04,135,1368,4997.93,6837168
2024,4,1,2024-04,136,1745,7402.05,12916577
2024,4,1,2024-04,137,1352,5763.49,7792238
2024,4,1,2024-04,138,2198,6941.68,15257813
2024,4,1,2024-04,139,1298,6020.82,7815024
2024,4,1,2024-04,140,1611,4171.9,6720931
2024,4,1,2024-04,141,1809,6272.19,11346392
2024,4,1,2024-04,142,1387,7453.87,10338518
2024,4,1,2024-04,143,1704,6179.12,10529220
2024,4,1,2024-04,144,1205,6994.56,8428445
2024,4,1,2024-04,145,1501,7182.11,10780347
2024,4,1,2024-04,146,1327,4820.74,6397122
2024,4,1,2024-04,147,1397,4701.02,6567325
2024,4,1,2024-04,148,945,6192.53,5851941
2024,4,1,2024-04,149,1749,5434.52,9504975
2024,4,1,2024-04,150,1483,6936.71,10287141
2024,4,1,2024-04,151,2213,7194.62,15921694
2024,4,1,2024-04,152,1503,5316.14,7990158
2024,4,1,2024-04,153,1284,4858.01,6237685
2024,4,1,2024-04,154,1876,6815.48,12785840
2024,4,1,2024-04,155,1285,5034.48,6469307
2024,4,1,2024-04,156,1864,6955.93,12965854
2024,4,1,2024-04,157,594,5504.27,3269536
2024,4,1,2024-04,158,1012,6384.54,6461154
2024,4,1,2024-04,159,2027,4399.68,8918151
2024,4,1,2024-04,160,801,6247.64,5004360
2024,4,1,2024-04,161,1417,5520.69,7822818
2024,4,1,2024-04,162,1790,6100.1,10919179
2024,4,1,2024-04,163,1229,4647.3,5711532
2024,4,1,2024-04,164,1738,6660.04,11575150
2024,4,1,2024-04,165,1037,7054.9,7315931
2024,4,1,2024-04,166,1813,4763.54,8636298
2024,4,1,2024-04,167,1823,4277.88,7798575
2024,4,1,2024-04,168,1903,4133.28,7865632
2024,4,1,2024-04,169,1169,6341.39,7413085
2024,4,1,2024-04,170,1292,6183.04,7988488
2024,4,1,2024-04,171,1121,5957.91,6678817
2024,4,1,2024-04,172,1669,4802.68,8015673
2024,4,1,2024-04,173,1298,5433.11,7052177
2024,4,1,2024-04,174,1640,6070.15,9955046
2024,4,1,2024-04,175,1707,5830.59,9952817
2024,4,1,2024-04,176,2174,7572.57,16462767
2024,4,1,2024-04,177,2189,4563.35,9989173
2024,4,1,2024-04,178,1978,6505.28,12867444
2024,4,1,2024-04,179,2121,5442.59,11543733
2024,4,1,2024-04,180,1838,5570.59,10238744
2024,4,1,2024-04,181,727,6618.22,4811446
2024,4,1,2024-04,182,2184,6441.26,14067712
2024,4,1,2024-04,183,1988,7555.77,15020871
2024,4,1,2024-04,184,1941,4494.03,8722912
2024,4,1,2024-04,185,1830,4417.16,8083403
2024,4,1,2024-04,186,1229,6591.26,8100659
2024,4,1,2024-04,187,1262,6115.07,7717218
2024,4,1,2024-04,188,1783,4958.66,8841291
2024,4,1,2024-04,189,2152,4398.27,9465077
2024,4,1,2024-04,190,1781,4301.61,7661167
2024,4,1,2024-04,191,1569,7231.12,11345627
2024,4,1,2024-04,192,2327,4683.56,10898644
2024,4,1,2024-04,193,2007,5181.75,10399772
2024,4,1,2024-04,194,1210,4783.91,5788531
2024,4,1,2024-04,195,1061,5338.51,5664159
2024,4,1,2024-04,196,1825,4235.03,7728930
2024,4,1,2024-04,197,2090,5878.8,12286692
2024,4,1,2024-04,198,1412,4262.48,6018622
2024,4,1,2024-04,199,1243,6846.6,8510324
2024,4,1,2024-04,200,2081,4743.1,9870391
2024,4,1,2024-04,201,2149,5997.51,12888649
2024,4,1,2024-04,202,1679,7168.95,12036667
2024,4,1,2024-04,203,1674,6266.85,10490707
2024,4,1,2024-04,204,1040,5838.59,6072134
2024,4,1,2024-04,205,1282,5166.28,6623171
2024,4,1,2024-04,206,2011,5207.97,10473228
2024,4,1,2024-04,207,2202,6401.85,14096874
2024,4,1,2024-04,208,1974,7634.14,15069792
2024,4,1,2024-04,209,1615,6309.12,10189229
2024,4,1,2024-04,210,1512,6022.76,9106413
2024,4,1,2024-04,211,1677,6658.67,11166590
2024,4,1,2024-04,212,1272,5711.2,7264646
2024,4,1,2024-04,213,797,4278.94,3410315
2024,4,1,2024-04,214,775,6034.56,4676784
2024,4,1,2024-04,215,1263,7450.04,9409401
2024,4,1,2024-04,216,963,4634.52,4463043
2024,4,1,2024-04,217,1635,6416.75,10491386
2024,4,1,2024-04,218,1900,4755.55,9035545
2024,4,1,2024-04,219,927,5916.8,5484874
2024,4,1,2024-04,220,2040,4335.51,8844440
2024,4,1,2024-04,221,1932,5646.96,10909927
2024,4,1,2024-04,222,1810,6741.36,12201862
2024,4,1,2024-04,223,1270,5231.88,6644488
2024,4,1,2024-04,224,2228,6406.46,14273593
2024,4,1,2024-04,225,890,6857.03,6102757
2024,4,1,2024-04,226,1372,7338.94,10069026
2024,4,1,2024-04,227,2105,4917.36,10351043
2024,4,1,2024-04,228,704,5468.06,3849514
2024,4,1,2024-04,229,1940,4584.26,8893464
2024,4,1,2024-04,230,946,7523.43,7117165
2024,4,1,2024-04,231,959,7296.27,6997123
2024,4,1,2024-04,232,1414,5971.31,8443432
2024,4,1,2024-04,233,1080,6955.34,7511767
2024,4,1,2024-04,234,802,5865.86,4704420
2024,4,1,2024-04,235,1401,6213.5,8705114
2024,4,1,2024-04,236,853,4335.67,3698327
2024,4,1,2024-04,237,1609,6707.7,10792689
2024,4,1,2024-04,238,1425,4485.54,6391894
2024,4,1,2024-04,239,817,6990.79,5711475
2024,4,1,2024-04,240,1121,6856.32,7685935
2024,4,1,2024-04,241,1684,6598.39,11111689
2024,4,1,2024-04,242,1645,4142.54,6814478
2024,4,1,2024-04,243,931,5078.57,4728149
2024,4,1,2024-04,244,2113,4927.02,10410793
2024,4,1,2024-04,245,1129,5293.93,5976847
2024,4,1,2024-04,246,2107,4292.33,9043939
2024,4,1,2024-04,247,1257,7386.4,9284705
2024,4,1,2024-04,248,1387,6045.07,8384512
2024,4,1,2024-04,249,1727,5045.1,8712888
2024,4,1,2024-04,250,1136,5440.25,6180124
2024,4,1,2024-04,251,2040,5688.92,11605397
2024,4,1,2024-04,252,815,6099.19,4970840
2024,4,1,2024-04,253,1688,5929.55,10009080
2024,4,1,2024-04,254,1538,7263.94,11171940
2024,4,1,2024-04,255,1201,5769.01,6928581
2024,4,1,2024-04,256,1856,7589.89,14086836
2024,4,1,2024-04,257,1215,7083.12,8605991
2024,4,1,2024-04,258,973,4763.03,4634428
2024,4,1,2024-04,259,1569,7308.23,11466613
2024,4,1,2024-04,260,1485,4383.23,6509097
2024,4,1,2024-04,261,1191,6935.68,8260395
2024,4,1,2024-04,262,815,5371.94,4378131
2024,4,1,2024-04,263,1991,7119.29,14174506
2024,4,1,2024-04,264,1872,7108.08,13306326
2024,4,1,2024-04,265,1039,6909.32,7178783
2024,4,1,2024-04,266,795,6889.5,5477152
2024,4,1,2024-04,267,1266,5119.47,6481249
2024,4,1,2024-04,268,1305,4304.9,5617894
2024,4,1,2024-04,269,1735,5424.16,9410918
2024,4,1,2024-04,270,1478,4609.52,6812871
2024,4,1,2024-04,271,593,6512.06,3861652
2024,4,1,2024-04,272,1651,5270.57,8701711
2024,4,1,2024-04,273,2121,7493.09,15892844
2024,4,1,2024-04,274,817,6350.57,5188416
2024,4,1,2024-04,275,1041,6959.71,7245058
2024,4,1,2024-04,276,1640,4474.93,7338885
2024,4,1,2024-04,277,1919,7068.56,13564567
2024,4,1,2024-04,278,1718,7282.14,12510717
2024,4,1,2024-04,279,687,5782.63,3972667
2024,4,1,2024-04,280,1815,6158.08,11176915
2024,4,1,2024-04,281,1972,6756.26,13323345
2024,4,1,2024-04,282,1599,4609.52,7370622
2024,4,1,2024-04,283,652,5808.8,3787338
2024,4,1,2024-04,284,1913,5443.36,10413148
2024,4,1,2024-04,285,1047,4652.59,4871262
2024,4,1,2024-04,286,765,5276,4036140
2024,4,1,2024-04,287,834,4303.74,3589319
2024,4,1,2024-04,288,1842,4081.72,7518528
2024,4,1,2024-04,289,1310,4566.98,5982744
2024,4,1,2024-04,290,1151,7427.13,8548627
2024,4,1,2024-04,291,2212,6030.41,13339267
2024,4,1,2024-04,292,1944,7478.17,14537562
2024,4,1,2024-04,293,884,5506.55,4867790
2024,4,1,2024-04,294,947,5145.08,4872391
2024,4,1,2024-04,295,1899,5852.27,11113461
2024,4,1,2024-04,296,1726,5617.92,9696530
2024,4,1,2024-04,297,1204,4390.38,5286018
2024,4,1,2024-04,298,1977,6426.08,12704360
2024,4,1,2024-04,299,934,4882.19,4559965
2024,4,1,2024-04,300,790,6248.81,4936560
2024,4,1,2024-04,301,1494,6283.53,9387594
2024,4,1,2024-04,302,1518,4521.34,6863394
2024,4,1,2024-04,303,973,4230.92,4116685
2024,4,1,2024-04,304,1636,6803.98,11131311
2024,4,1,2024-04,305,1633,5626.65,9188319
2024,4,1,2024-04,306,1609,4207.2,6769385
2024,4,1,2024-04,307,1036,7482.26,7751621
2024,4,1,2024-04,308,1475,4133.04,6096234
2024,4,1,2024-04,309,1098,6503.24,7140558
2024,4,1,2024-04,310,1948,7603.52,14811657
2024,4,1,2024-04,311,1403,4807.33,6744684
2024,4,1,2024-04,312,2128,4521.9,9622603
2024,4,1,2024-04,313,1791,4456.27,7981180
2024,4,1,2024-04,314,1889,5122.46,9676327
2024,4,1,2024-04,315,1145,4361.61,4994043
2024,4,1,2024-04,316,1364,6442.87,8788075
2024,4,1,2024-04,317,1727,4275.45,7383702
2024,4,1,2024-04,318,1465,5752.83,8427896
2024,4,1,2024-04,319,1257,7595.47,9547506
2024,4,1,2024-04,320,1710,6890.54,11782823
2024,4,1,2024-04,321,1272,6228.99,7923275
2024,4,1,2024-04,322,2209,5168.53,11417283
2024,4,1,2024-04,323,1560,6218.07,9700189
2024,4,1,2024-04,324,1748,5887.02,10290511
2024,4,1,2024-04,325,745,5524.67,4115879
2024,4,1,2024-04,326,884,4592.88,4060106
2024,4,1,2024-04,327,2057,7179.96,14769178
2024,4,1,2024-04,328,1059,5620.28,5951877
2024,4,1,2024-04,329,1143,4714.36,5388513
2024,4,1,2024-04,330,1862,5396.5,10048283
2024,4,1,2024-04,331,725,5472.26,3967388
2024,4,1,2024-04,332,926,7010.8,6492001
2024,4,1,2024-04,333,1881,6606.03,12425942
2024,4,1,2024-04,334,1247,6730.18,8392534
2024,4,1,2024-04,335,998,4080.29,4072129
2024,4,1,2024-04,336,1542,5562.83,8577884
2024,4,1,2024-04,337,1644,5723.39,9409253
2024,4,1,2024-04,338,1079,4075.13,4397065
2024,4,1,2024-04,339,1600,4979.29,7966864
2024,4,1,2024-04,340,1455,6734.83,9799178
2024,4,1,2024-04,341,1346,4543.77,6115914
2024,4,1,2024-04,342,1301,5859.93,7623769
2024,4,1,2024-04,343,1772,4744.86,8407892
2024,4,1,2024-04,344,1825,4064.71,7418096
2024,4,1,2024-04,345,785,4904.67,3850166
2024,4,1,2024-04,346,1912,7498.19,14336539
2024,4,1,2024-04,347,2116,6885.98,14570734
2024,4,1,2024-04,348,632,7473.22,4723075
2024,4,1,2024-04,349,1386,5707.75,7910942
2024,4,1,2024-04,350,1649,4442.85,7326260
2024,4,1,2024-04,351,2074,6025.46,12496804
2024,4,1,2024-04,352,1197,5629.06,6737985
2024,4,1,2024-04,353,625,6996.32,4372700
2024,4,1,2024-04,354,1782,4414,7865748
2024,4,1,2024-04,355,1065,5842.61,6222380
2024,4,1,2024-04,356,2072,4565.96,9460669
2024,4,1,2024-04,357,995,5142.26,5116549
2024,4,1,2024-04,358,834,6653.27,5548827
2024,4,1,2024-04,359,782,5684.13,4444990
2024,4,1,2024-04,360,1431,5396.83,7722864
2024,4,1,2024-04,361,1791,5428.61,9722641
2024,4,1,2024-04,362,1129,5620.8,6345883
2024,4,1,2024-04,363,1901,6832.45,12988487
2024,4,1,2024-04,364,1976,7175.77,14179322
2024,4,1,2024-04,365,745,7371.62,5491857
2024,4,1,2024-04,366,886,6864.37,6081832
2024,4,1,2024-04,367,1607,5162.38,8295945
2024,4,1,2024-04,368,1653,6456.9,10673256
2024,4,1,2024-04,369,1863,5641.91,10510878
2024,4,1,2024-04,370,1850,4898.77,9062724
2024,4,1,2024-04,371,2154,7003.08,15084634
2024,4,1,2024-04,372,1023,4178.16,4274258
2024,4,1,2024-04,373,701,7279.2,5102719
2024,4,1,2024-04,374,1170,5687.4,6654258
2024,4,1,2024-04,375,1434,6271.02,8992643
2024,4,1,2024-04,376,1733,6364.71,11030042
2024,4,1,2024-04,377,1248,7187.04,8969426
2024,4,1,2024-04,378,1414,6279.55,8879284
2024,4,1,2024-04,379,2129,6201.88,13203803
2024,4,1,2024-04,380,1480,4280.67,6335392
2024,4,1,2024-04,381,1897,5841.75,11081800
2024,4,1,2024-04,382,547,4602.7,2517677
2024,4,1,2024-04,383,1296,6652.68,8621873
2024,4,1,2024-04,384,2068,5812.32,12019878
2024,4,1,2024-04,385,1393,6467.31,9008963
2024,4,1,2024-04,386,1889,4167.46,7872332
2024,4,1,2024-04,387,2017,4305.91,8685020
2024,4,1,2024-04,388,798,6642.27,5300531
2024,4,1,2024-04,389,1868,4267.23,7971186
2024,4,1,2024-04,390,1714,4257.92,7298075
2024,4,1,2024-04,391,2052,4110.67,8435095
2024,4,1,2024-04,392,1357,7457.63,10120004
2024,4,1,2024-04,393,1162,6688.02,7771479
2024,4,1,2024-04,394,1388,5258.55,7298867
2024,4,1,2024-04,395,883,5091.55,4495839
2024,4,1,2024-04,396,1311,5208.85,6828802
2024,4,1,2024-04,397,1322,6700.1,8857532
2024,4,1,2024-04,398,1564,6355.99,9940768
2024,4,1,2024-04,399,500,4686.76,2343380
2024,4,1,2024-04,400,1535,4753.11,7296024
2024,4,1,2024-04,401,677,4431.36,3000031
2024,4,1,2024-04,402,1135,6329.57,7184062
2024,4,1,2024-04,403,1440,6789.27,9776549
2024,4,1,2024-04,404,923,4908.82,4530841
2024,4,1,2024-04,405,1242,4167.94,5176581
2024,4,1,2024-04,406,1737,4294.53,7459599
2024,4,1,2024-04,407,1071,7449.6,7978522
2024,4,1,2024-04,408,1857,5123.67,9514655
2024,4,1,2024-04,409,1785,6742,12034470
2024,4,1,2024-04,410,1745,6330.36,11046478
2024,4,1,2024-04,411,1612,5360.53,8641174
2024,4,1,2024-04,412,1378,4797.64,6611148
2024,4,1,2024-04,413,1375,4462.32,6135690
2024,4,1,2024-04,414,925,6247.82,5779234
2024,4,1,2024-04,415,1163,6741.11,7839911
2024,4,1,2024-04,416,1776,6237.79,11078315
2024,4,1,2024-04,417,1588,5872.97,9326276
2024,4,1,2024-04,418,907,4155.68,3769202
2024,4,1,2024-04,419,999,7468.71,7461241
2024,4,1,2024-04,420,1034,6850.54,7083458
2024,4,1,2024-04,421,2044,4972.26,10163299
2024,4,1,2024-04,422,1085,7489.9,8126542
2024,4,1,2024-04,423,1407,6172.23,8684328
2024,4,1,2024-04,424,1662,6090.12,10121779
2024,4,1,2024-04,425,1663,6674.9,11100359
2024,4,1,2024-04,426,1875,6898.17,12934069
2024,4,1,2024-04,427,1121,6367.68,7138169
2024,4,1,2024-04,428,1380,4433.9,6118782
2024,4,1,2024-04,429,1806,5219.42,9426273
2024,4,1,2024-04,430,1264,7315.29,9246527
2024,4,1,2024-04,431,1605,4769,7654245
2024,4,1,2024-04,432,1575,5343.17,8415493
2024,4,1,2024-04,433,717,5475.59,3925998
2024,4,1,2024-04,434,1738,5560.54,9664219
2024,4,1,2024-04,435,1777,6225.04,11061896
2024,4,1,2024-04,436,1258,7405.62,9316270
2024,4,1,2024-04,437,1556,4883.12,7598135
2024,4,1,2024-04,438,1747,4467.63,7804950
2024,4,1,2024-04,439,1589,4756.3,7557761
2024,4,1,2024-04,440,1827,7191.57,13138998
2024,4,1,2024-04,441,543,6380.04,3464362
2024,4,1,2024-04,442,1538,4948.28,7610455
2024,4,1,2024-04,443,1459,6970.88,10170514
2024,4,1,2024-04,444,1560,6997.88,10916693
2024,4,1,2024-04,445,1293,7014.57,9069839
2024,4,1,2024-04,446,891,7333.84,6534451
2024,4,1,2024-04,447,1066,4951.61,5278416
2024,4,1,2024-04,448,1439,6672.95,9602375
2024,4,1,2024-04,449,1674,5664.3,9482038
2024,4,1,2024-04,450,1381,6999.88,9666834
2024,4,1,2024-04,451,816,6660.05,5434601
2024,4,1,2024-04,452,1282,6789.44,8704062
2024,4,1,2024-04,453,1661,6334.84,10522169
2024,4,1,2024-04,454,2020,4674.12,9441722
2024,4,1,2024-04,455,1668,5993.78,9997625
2024,4,1,2024-04,456,2056,7526.62,15474731
2024,4,1,2024-04,457,730,7396.2,5399226
2024,4,1,2024-04,458,1507,4248.49,6402474
2024,4,1,2024-04,459,1793,4518.34,8101384
2024,4,1,2024-04,460,1913,4548.26,8700821
2024,4,1,2024-04,461,1464,6677.41,9775728
2024,4,1,2024-04,462,1516,6960.54,10552179
2024,4,1,2024-04,463,1407,4771.54,6713557
2024,4,1,2024-04,464,1064,5757.89,6126395
2024,4,1,2024-04,465,1752,7023.95,12305960
2024,4,1,2024-04,466,1713,6619.17,11338638
2024,4,1,2024-04,467,1890,5895.18,11141890
2024,4,1,2024-04,468,1094,6099.78,6673159
2024,4,1,2024-04,469,1186,5835.18,6920523
2024,4,1,2024-04,470,2083,5097.39,10617863
2024,4,1,2024-04,471,1518,5992.91,9097237
2024,4,1,2024-04,472,1817,6373.59,11580813
2024,4,1,2024-04,473,1822,7126.86,12985139
2024,4,1,2024-04,474,1347,6251.84,8421228
2024,4,1,2024-04,475,1998,6718.64,13423843
2024,4,1,2024-04,476,1452,4502.94,6538269
2024,4,1,2024-04,477,1458,5655.65,8245938
2024,4,1,2024-04,478,1679,4074.3,6840750
2024,4,1,2024-04,479,1058,4883.92,5167187
2024,4,1,2024-04,480,1961,6619.33,12980506
2024,4,1,2024-04,481,688,7547.62,5192763
2024,4,1,2024-04,482,2182,4289.21,9359056
2024,4,1,2024-04,483,1596,5459.56,8713458
2024,4,1,2024-04,484,1749,6841.85,11966396
2024,4,1,2024-04,485,1236,4692.2,5799559
2024,4,1,2024-04,486,2238,6034.11,13504338
2024,4,1,2024-04,487,1808,6650.37,12023869
2024,4,1,2024-04,488,1828,6193.2,11321170
2024,4,1,2024-04,489,1574,4687.74,7378503
2024,4,1,2024-04,490,1638,5298.71,8679287
2024,4,1,2024-04,491,908,6742.67,6122344
2024,4,1,2024-04,492,1661,5949.2,9881621
2024,4,1,2024-04,493,1558,3993.74,6222247
2024,4,1,2024-04,494,1043,6760.2,7050889
2024,4,1,2024-04,495,1900,4220.62,8019178
2024,4,1,2024-04,496,1572,6710.01,10548136
2024,4,1,2024-04,497,744,4751.57,3535168
2024,4,1,2024-04,498,1104,7394.34,8163351
2024,4,1,2024-04,499,1091,5369.6,5858234
2024,4,1,2024-04,500,1089,5173.73,5634192
2024,4,1,2024-04,501,1346,4509.66,6070002
2024,4,1,2024-04,502,2044,5146.5,10519446
2024,4,1,2024-04,503,1970,7210.07,14203838
2024,4,1,2024-04,504,1080,7610.24,8219059
2024,4,1,2024-04,505,769,5444.61,4186905
2024,4,1,2024-04,506,1311,5589.79,7328215
2024,4,1,2024-04,507,1983,6577.93,13044035
2024,4,1,2024-04,508,1351,7144.63,9652395
2024,4,1,2024-04,509,1804,6099.04,11002668
2024,4,1,2024-04,510,2021,5483.24,11081628
2024,4,1,2024-04,511,1309,5445.73,7128461
2024,4,1,2024-04,512,963,6480.07,6240307
2024,4,1,2024-04,513,1359,4092.48,5561680
2024,4,1,2024-04,514,1684,6250.98,10526650
2024,4,1,2024-04,515,1941,5246.17,10182816
2024,4,1,2024-04,516,1235,6852.58,8462936
2024,4,1,2024-04,517,1664,4279.41,7120938
2024,4,1,2024-04,518,1417,6112.63,8661597
2024,4,1,2024-04,519,815,5742.77,4680358
2024,4,1,2024-04,520,1012,6321.01,6396862
2024,4,1,2024-04,521,1245,4340.01,5403312
2024,4,1,2024-04,522,1536,6125.82,9409260
2024,4,1,2024-04,523,863,5973.73,5155329
2024,4,1,2024-04,524,2161,6028.36,13027286
2024,4,1,2024-04,525,1642,6173.24,10136460
2024,4,1,2024-04,526,1386,6520.37,9037233
2024,4,1,2024-04,527,898,6874.83,6173597
2024,4,1,2024-04,528,1847,4992.26,9220704
2024,4,1,2024-04,529,1515,6978.25,10572049
2024,4,1,2024-04,530,2103,5752.81,12098159
2024,4,1,2024-04,531,1962,4230.44,8300123
2024,4,1,2024-04,532,2122,4222.86,8960909
2024,4,1,2024-04,533,1753,5246.1,9196413
2024,4,1,2024-04,534,1859,6763.97,12574220
2024,4,1,2024-04,535,1087,6543.22,7112480
2024,4,1,2024-04,536,1064,6806.19,7241786
2024,4,1,2024-04,537,782,5781.62,4521227
2024,4,1,2024-04,538,2101,5604.42,11774886
2024,4,1,2024-04,539,1956,4568.47,8935927
2024,4,1,2024-04,540,1050,5224.7,5485935
2024,4,1,2024-04,541,1503,5607.14,8427531
2024,4,1,2024-04,542,730,4335.73,3165083
2024,4,1,2024-04,543,1264,4828.94,6103780
2024,4,1,2024-04,544,1637,6165.87,10093529
2024,4,1,2024-04,545,805,6531.7,5258018
2024,4,1,2024-04,546,1415,7516.68,10636102
2024,4,1,2024-04,547,1525,7318.24,11160316
2024,4,1,2024-04,548,1565,6317.88,9887482
2024,4,1,2024-04,549,1568,5538.4,8684211
2024,4,1,2024-04,550,1114,6322.09,7042808
2024,4,1,2024-04,551,783,6856.1,5368326
2024,4,1,2024-04,552,1221,4454.6,5439067
2024,4,1,2024-04,553,2042,5508.05,11247438
2024,4,1,2024-04,554,1356,7087.82,9611084
2024,4,1,2024-04,555,1793,5411.43,9702694
2024,4,1,2024-04,556,1101,6061.94,6674196
2024,4,1,2024-04,557,2046,6140.75,12563974
2024,4,1,2024-04,558,2229,4718.78,10518161
2024,4,1,2024-04,559,1643,5385.65,8848623
2024,4,1,2024-04,560,1952,5167.8,10087546
2024,4,1,2024-04,561,1787,4043.9,7226449
2024,4,1,2024-04,562,1433,4119.86,5903759
2024,4,1,2024-04,563,1355,6924.89,9383226
2024,4,1,2024-04,564,2119,4986.77,10566966
2024,4,1,2024-04,565,1153,5953.12,6863947
2024,4,1,2024-04,566,1473,5089.62,7497010
2024,4,1,2024-04,567,1036,7379.19,7644841
2024,4,1,2024-04,568,1461,4930.84,7203957
2024,4,1,2024-04,569,1773,5624.06,9971458
2024,4,1,2024-04,570,1563,7155.3,11183734
2024,4,1,2024-04,571,1704,7005.37,11937150
2024,4,1,2024-04,572,754,4754.46,3584863
2024,4,1,2024-04,573,1355,6894.66,9342264
2024,4,1,2024-04,574,1845,5639.39,10404675
2024,4,1,2024-04,575,626,5652.47,3538446
2024,4,1,2024-04,576,2234,4506.41,10067320
2024,4,1,2024-04,577,847,4291.36,3634782
2024,4,1,2024-04,578,807,6605.79,5330873
2024,4,1,2024-04,579,1612,5777.85,9313894
2024,4,1,2024-04,580,1574,5499.61,8656386
2024,4,1,2024-04,581,2027,6740.92,13663845
2024,4,1,2024-04,582,810,6722.71,5445395
2024,4,1,2024-04,583,1177,4620.97,5438882
2024,4,1,2024-04,584,1477,6190.36,9143162
2024,4,1,2024-04,585,1938,4383.73,8495669
2024,4,1,2024-04,586,1201,6696.85,8042917
2024,4,1,2024-04,587,1248,6372.21,7952518
2024,4,1,2024-04,588,1606,7410.83,11901793
2024,4,1,2024-04,589,770,4335.45,3338296
2024,4,1,2024-04,590,1111,4308.35,4786577
2024,4,1,2024-04,591,1115,5043.41,5623402
2024,4,1,2024-04,592,1923,4976.5,9569810
2024,4,1,2024-04,593,749,4853.08,3634957
2024,4,1,2024-04,594,940,7203.76,6771534
2024,4,1,2024-04,595,1073,4884.65,5241229
2024,4,1,2024-04,596,1205,5083.99,6126208
2024,4,1,2024-04,597,1235,6707.44,8283688
2024,4,1,2024-04,598,1959,5687.22,11141264
2024,4,1,2024-04,599,1477,6761.34,9986499
2024,4,1,2024-04,600,2215,4214.05,9334121
2024,4,1,2024-04,601,707,5740.33,4058413
2024,4,1,2024-04,602,1417,4120.46,5838692
2024,4,1,2024-04,603,1531,4215.03,6453211
2024,4,1,2024-04,604,1839,7326.71,13473820
2024,4,1,2024-04,605,1048,4518.35,4735231
2024,4,1,2024-04,606,1552,5913.82,9178249
2024,4,1,2024-04,607,1606,5491.29,8819012
2024,4,1,2024-04,608,1484,5303.99,7871121
2024,4,1,2024-04,609,2293,7234.02,16587608
2024,4,1,2024-04,610,1749,4115.83,7198587
2024,4,1,2024-04,611,2026,6437,13041362
2024,4,1,2024-04,612,1262,7411.43,9353225
2024,4,1,2024-04,613,1673,5984.02,10011265
2024,4,1,2024-04,614,765,7369.67,5637798
2024,4,1,2024-04,615,1759,4178.76,7350439
2024,4,1,2024-04,616,1831,5507.15,10083592
2024,4,1,2024-04,617,1486,4902.31,7284833
2024,4,1,2024-04,618,1152,6591.4,7593293
2024,4,1,2024-04,619,2018,7573.34,15283000
2024,4,1,2024-04,620,1428,4922.49,7029316
2024,4,1,2024-04,621,1793,6336.28,11360950
2024,4,1,2024-04,622,1972,4693.42,9255424
2024,4,1,2024-04,623,1929,6000.28,11574540
2024,4,1,2024-04,624,1366,5631.87,7693134
2024,4,1,2024-04,625,850,7432.14,6317319
2024,4,1,2024-04,626,1438,6162.48,8861646
2024,4,1,2024-04,627,1216,5265.33,6402641
2024,4,1,2024-04,628,1427,4459.94,6364334
2024,4,1,2024-04,629,1707,4559.78,7783544
2024,4,1,2024-04,630,1683,4782.36,8048712
2024,4,1,2024-04,631,1529,4894.8,7484149
2024,4,1,2024-04,632,1114,7030.31,7831765
2024,4,1,2024-04,633,1660,5995.72,9952895
2024,4,1,2024-04,634,1966,5873.53,11547360
2024,4,1,2024-04,635,1851,4473.54,8280523
2024,4,1,2024-04,636,1787,7121.67,12726424
2024,4,1,2024-04,637,1884,6673.53,12572931
2024,4,1,2024-04,638,1184,4225.37,5002838
2024,4,1,2024-04,639,2392,6498.01,15543240
2024,4,1,2024-04,640,1733,5945.8,10304071
2024,4,1,2024-04,641,1368,4368.17,5975657
2024,4,1,2024-04,642,1395,5563.76,7761445
2024,4,1,2024-04,643,1782,5757.72,10260257
2024,4,1,2024-04,644,690,4600.15,3174103
2024,4,1,2024-04,645,2007,7424.49,14900951
2024,4,1,2024-04,646,2063,7074.02,14593703
2024,4,1,2024-04,647,985,6437.73,6341164
2024,4,1,2024-04,648,1976,5694.77,11252866
2024,4,1,2024-04,649,1917,5618.64,10770933
2024,4,1,2024-04,650,1143,6425.8,7344689
2024,4,1,2024-04,651,1274,6006.31,7652039
2024,4,1,2024-04,652,2081,4224.48,8791143
2024,4,1,2024-04,653,935,5834.84,5455575
2024,4,1,2024-04,654,2116,6951.45,14709268
2024,4,1,2024-04,655,1604,5715.28,9167309
2024,4,1,2024-04,656,1757,4171.25,7328886
2024,4,1,2024-04,657,1842,6738.02,12411433
2024,4,1,2024-04,658,2324,4659.85,10829491
2024,4,1,2024-04,659,1091,4999.22,5454149
2024,4,1,2024-04,660,1628,4672.79,7607302
2024,4,1,2024-04,661,1979,5202.52,10295787
2024,4,1,2024-04,662,807,6737.26,5436969
2024,4,1,2024-04,663,890,5956.5,5301285
2024,4,1,2024-04,664,1507,4845.47,7302123
2024,4,1,2024-04,665,822,7185.02,5906086
2024,4,1,2024-04,666,1743,7159.7,12479357
2024,4,1,2024-04,667,1949,7109.12,13855675
2024,4,1,2024-04,668,1114,4863.1,5417493
2024,4,1,2024-04,669,1288,5598.44,7210791
2024,4,1,2024-04,670,1542,7565.87,11666572
2024,4,1,2024-04,671,1841,6771.2,12465779
2024,4,1,2024-04,672,1991,4084.26,8131762
2024,4,1,2024-04,673,1092,4307.59,4703888
2024,4,1,2024-04,674,1144,5703.43,6524724
2024,4,1,2024-04,675,1773,7277.96,12903823
2024,4,1,2024-04,676,1366,5937.94,8111226
2024,4,1,2024-04,677,2178,5819.94,12675829
2024,4,1,2024-04,678,1681,4384.69,7370664
2024,4,1,2024-04,679,1150,6490.82,7464443
2024,4,1,2024-04,680,986,7058.44,6959622
2024,4,1,2024-04,681,1070,5343.99,5718069
2024,4,1,2024-04,682,1082,6778.26,7334077
2024,4,1,2024-04,683,1873,7422.96,13903204
2024,4,1,2024-04,684,2153,4666.45,10046867
2024,4,1,2024-04,685,1981,5967.16,11820944
2024,4,1,2024-04,686,1504,5041.4,7582266
2024,4,1,2024-04,687,1468,6802.19,9985615
2024,4,1,2024-04,688,1547,6005.87,9291081
2024,4,1,2024-04,689,2111,6297.09,13293157
2024,4,1,2024-04,690,981,6885.59,6754764
2024,4,1,2024-04,691,826,5454.73,4505607
2024,4,1,2024-04,692,1398,7335.45,10254959
2024,4,1,2024-04,693,1154,5965.27,6883922
2024,4,1,2024-04,694,835,4529.57,3782191
2024,4,1,2024-04,695,1591,6456.72,10272642
2024,4,1,2024-04,696,1774,6896.74,12234817
2024,4,1,2024-04,697,811,5125.97,4157162
2024,4,1,2024-04,698,1429,7014.81,10024163
2024,4,1,2024-04,699,1759,7193.58,12653507
2024,4,1,2024-04,700,1160,5053.81,5862420
2024,4,1,2024-04,701,1686,7572.68,12767538
2024,4,1,2024-04,702,1895,4531.78,8587723
2024,4,1,2024-04,703,1810,4702.19,8510964
2024,4,1,2024-04,704,1998,4678.34,9347323
2024,4,1,2024-04,705,2121,7204.87,15281529
2024,4,1,2024-04,706,967,6337.52,6128382
2024,4,1,2024-04,707,1825,4597.41,8390273
2024,4,1,2024-04,708,2003,5572.77,11162258
2024,4,1,2024-04,709,1840,6242.6,11486384
2024,4,1,2024-04,710,2285,4336.9,9909816
2024,4,1,2024-04,711,2079,7105.92,14773208
2024,4,1,2024-04,712,1767,6979.45,12332688
2024,4,1,2024-04,713,1416,5851.69,8285993
2024,4,1,2024-04,714,1167,7401.18,8637177
2024,4,1,2024-04,715,1528,5449.26,8326469
2024,4,1,2024-04,716,1822,7604.69,13855745
2024,4,1,2024-04,717,1966,6414.02,12609963
2024,4,1,2024-04,718,1444,6312.61,9115409
2024,4,1,2024-04,719,1468,4633.48,6801949
2024,4,1,2024-04,720,1593,7217.97,11498226
2024,4,1,2024-04,721,940,5599.54,5263568
2024,4,1,2024-04,722,1700,4563.27,7757559
2024,4,1,2024-04,723,1932,4091.86,7905474
2024,4,1,2024-04,724,1449,5957.02,8631722
2024,4,1,2024-04,725,949,5855.91,5557259
2024,4,1,2024-04,726,1551,6575.68,10198880
2024,4,1,2024-04,727,1970,7122.22,14030773
2024,4,1,2024-04,728,2032,4272.42,8681557
2024,4,1,2024-04,729,1117,6534.88,7299461
2024,4,1,2024-04,730,776,4691.64,3640713
2024,4,1,2024-04,731,1440,7158.27,10307909
2024,4,1,2024-04,732,2066,6946.32,14351097
2024,4,1,2024-04,733,1763,5954.2,10497255
2024,4,1,2024-04,734,1138,6540.68,7443294
2024,4,1,2024-04,735,1419,5189.13,7363375
2024,4,1,2024-04,736,1657,5702.02,9448247
2024,4,1,2024-04,737,572,6904.59,3949425
2024,4,1,2024-04,738,1257,5669.55,7126624
2024,4,1,2024-04,739,1341,5369.96,7201116
2024,4,1,2024-04,740,1766,5722.29,10105564
2024,4,1,2024-04,741,1711,6935.29,11866281
2024,4,1,2024-04,742,1831,5214.85,9548390
2024,4,1,2024-04,743,1844,4628.09,8534198
2024,4,1,2024-04,744,1243,6582.06,8181501
2024,4,1,2024-04,745,1394,6925.3,9653868
2024,4,1,2024-04,746,1556,4359.28,6783040
2024,4,1,2024-04,747,1529,4881.97,7464532
2024,4,1,2024-04,748,1590,4534.41,7209712
2024,4,1,2024-04,749,1891,5382.11,10177570
2024,4,1,2024-04,750,1153,5665.37,6532172
2024,4,1,2024-04,751,1631,6625.1,10805538
2024,4,1,2024-04,752,965,6300.44,6079925
2024,4,1,2024-04,753,1438,6177.1,8882670
2024,4,1,2024-04,754,1263,5353.39,6761332
2024,4,1,2024-04,755,755,6976.59,5267325
2024,4,1,2024-04,756,1516,5731.21,8688514
2024,4,1,2024-04,757,1515,7537.48,11419282
2024,4,1,2024-04,758,2063,6219.53,12830890
2024,4,1,2024-04,759,1816,4455.65,8091460
2024,4,1,2024-04,760,1590,6423.48,10213333
2024,4,1,2024-04,761,1461,5112.38,7469187
2024,4,1,2024-04,762,1765,6551.9,11564104
2024,4,1,2024-04,763,1901,4280.26,8136774
2024,4,1,2024-04,764,958,4719.55,4521329
2024,4,1,2024-04,765,1550,7175.02,11121281
2024,4,1,2024-04,766,718,4841.52,3476211
2024,4,1,2024-04,767,993,7025.8,6976619
2024,4,1,2024-04,768,1899,4984.66,9465869
2024,4,1,2024-04,769,741,6376.66,4725105
2024,4,1,2024-04,770,1662,6497.32,10798546
2024,4,1,2024-04,771,2008,5833.24,11713146
2024,4,1,2024-04,772,612,5078.4,3107981
2024,4,1,2024-04,773,1867,4785.81,8935107
2024,4,1,2024-04,774,1748,4170.58,7290174
2024,4,1,2024-04,775,1424,5117.24,7286950
2024,4,1,2024-04,776,1155,6374.12,7362109
2024,4,1,2024-04,777,2187,7360.37,16097129
2024,4,1,2024-04,778,838,7153.52,5994650
2024,4,1,2024-04,779,1939,6777.23,13141049
2024,4,1,2024-04,780,1138,6890.38,7841252
2024,4,1,2024-04,781,1116,6431.75,7177833
2024,4,1,2024-04,782,1112,4959.35,5514797
2024,4,1,2024-04,783,1487,7277.81,10822103
2024,4,1,2024-04,784,1231,6364.15,7834269
2024,4,1,2024-04,785,1224,6080.19,7442153
2024,4,1,2024-04,786,1444,4408.8,6366307
2024,4,1,2024-04,787,1548,5612.76,8688552
2024,4,1,2024-04,788,1833,5644.28,10345965
2024,4,1,2024-04,789,1526,7067.23,10784593
2024,4,1,2024-04,790,1682,5936.71,9985546
2024,4,1,2024-04,791,1360,5332.21,7251806
2024,4,1,2024-04,792,1260,7496.57,9445678
2024,4,1,2024-04,793,2087,4456.57,9300862
2024,4,1,2024-04,794,671,5529.97,3710610
2024,4,1,2024-04,795,1894,4203.97,7962319
2024,4,1,2024-04,796,1658,6684.27,11082520
2024,4,1,2024-04,797,1784,7277.76,12983524
2024,4,1,2024-04,798,1256,5078.54,6378646
2024,4,1,2024-04,799,586,7129.91,4178127
2024,4,1,2024-04,800,578,5103.21,2949655
2024,4,1,2024-04,801,1263,7290.6,9208028
2024,4,1,2024-04,802,1281,6697.45,8579433
2024,4,1,2024-04,803,2120,6879.01,14583501
2024,4,1,2024-04,804,921,4087.13,3764247
2024,4,1,2024-04,805,1737,7519.46,13061302
2024,4,1,2024-04,806,1012,6665.73,6745719
2024,4,1,2024-04,807,561,5046.03,2830823
2024,4,1,2024-04,808,2028,6993.41,14182635
2024,4,1,2024-04,809,767,4916.19,3770718
2024,4,1,2024-04,810,1917,7116.47,13642273
2024,4,1,2024-04,811,806,4395.23,3542555
2024,4,1,2024-04,812,898,6558.49,5889524
2024,4,1,2024-04,813,1421,5903.32,8388618
2024,4,1,2024-04,814,1228,4299.71,5280044
2024,4,1,2024-04,815,571,4864.36,2777550
2024,4,1,2024-04,816,1445,4068.14,5878462
2024,4,1,2024-04,817,2238,5617.55,12572077
2024,4,1,2024-04,818,875,5149.72,4506005
2024,4,1,2024-04,819,1753,6148.83,10778899
2024,4,1,2024-04,820,1041,5085.29,5293787
2024,4,1,2024-04,821,1125,5143.33,5786246
2024,4,1,2024-04,822,1524,6641.37,10121448
2024,4,1,2024-04,823,1422,4262.59,6061403
2024,4,1,2024-04,824,930,7244.06,6736976
2024,4,1,2024-04,825,1167,7098.91,8284428
2024,4,1,2024-04,826,1567,6425.5,10068758
2024,4,1,2024-04,827,2080,6170.49,12834619
2024,4,1,2024-04,828,1795,7209.46,12940981
2024,4,1,2024-04,829,1995,4664.05,9304780
2024,4,1,2024-04,830,1888,4393.1,8294173
2024,4,1,2024-04,831,1395,4877.4,6803973
2024,4,1,2024-04,832,1418,6808.18,9653999
2024,4,1,2024-04,833,838,4213.99,3531324
2024,4,1,2024-04,834,1208,6088.45,7354848
2024,4,1,2024-04,835,858,7496.25,6431782
2024,4,1,2024-04,836,2235,7038.42,15730869
2024,4,1,2024-04,837,1248,5795.52,7232809
2024,4,1,2024-04,838,1260,4216.17,5312374
2024,4,1,2024-04,839,1367,7067.89,9661806
2024,4,1,2024-04,840,2024,6180.76,12509858
2024,4,1,2024-04,841,730,4433.88,3236732
2024,4,1,2024-04,842,1599,4332.96,6928403
2024,4,1,2024-04,843,2006,7261.6,14566770
2024,4,1,2024-04,844,1801,6460.66,11635649
2024,4,1,2024-04,845,1317,6899.09,9086102
2024,4,1,2024-04,846,1140,7290.8,8311512
2024,4,1,2024-04,847,1819,6023.37,10956510
2024,4,1,2024-04,848,1014,5858.15,5940164
2024,4,1,2024-04,849,717,5551.89,3980705
2024,4,1,2024-04,850,1527,5146.06,7858034
2024,4,1,2024-04,851,1961,5543.72,10871235
2024,4,1,2024-04,852,1630,6823.13,11121702
2024,4,1,2024-04,853,1282,6221.94,7976527
2024,4,1,2024-04,854,1465,7249.81,10620972
2024,4,1,2024-04,855,1665,5609.28,9339451
2024,4,1,2024-04,856,733,6162.51,4517120
2024,4,1,2024-04,857,656,6267.03,4111172
2024,4,1,2024-04,858,1511,6130.25,9262808
2024,4,1,2024-04,859,1340,6485.6,8690704
2024,4,1,2024-04,860,795,4878.92,3878741
2024,4,1,2024-04,861,791,5932.23,4692394
2024,4,1,2024-04,862,2137,4388.27,9377733
2024,4,1,2024-04,863,1906,5417.85,10326422
2024,4,1,2024-04,864,1349,5733.63,7734667
2024,4,1,2024-04,865,1692,6389.83,10811592
2024,4,1,2024-04,866,811,7384.07,5988481
2024,4,1,2024-04,867,1094,6147.47,6725332
2024,4,1,2024-04,868,812,6699.06,5439637
2024,4,1,2024-04,869,2414,5784.93,13964821
2024,4,1,2024-04,870,832,6304.82,5245610
2024,4,1,2024-04,871,665,4324.5,2875792
2024,4,1,2024-04,872,738,4938.71,3644768
2024,4,1,2024-04,873,632,5353.65,3383507
2024,4,1,2024-04,874,1397,5650.96,7894391
2024,4,1,2024-04,875,1800,4207.21,7572978
2024,4,1,2024-04,876,1595,4503.04,7182349
2024,4,1,2024-04,877,571,5028.67,2871371
2024,4,1,2024-04,878,1856,7559.74,14030877
2024,4,1,2024-04,879,1609,5071.46,8159979
2024,4,1,2024-04,880,1104,5715.19,6309570
2024,4,1,2024-04,881,1305,4620.42,6029648
2024,4,1,2024-04,882,1145,6146.79,7038075
2024,4,1,2024-04,883,1977,5003.74,9892394
2024,4,1,2024-04,884,1792,4801.06,8603500
2024,4,1,2024-04,885,1348,5902.61,7956718
2024,4,1,2024-04,886,543,4078.95,2214870
2024,4,1,2024-04,887,1426,4076.8,5813517
2024,4,1,2024-04,888,647,4745.07,3070060
2024,4,1,2024-04,889,1262,4191.3,5289421
2024,4,1,2024-04,890,1719,4378.96,7527432
2024,4,1,2024-04,891,2219,5252.73,11655808
2024,4,1,2024-04,892,1744,6844.81,11937349
2024,4,1,2024-04,893,2092,6055.96,12669068
2024,4,1,2024-04,894,1205,5849.29,7048394
2024,4,1,2024-04,895,1378,5086.34,7008977
2024,4,1,2024-04,896,1197,7308.94,8748801
2024,4,1,2024-04,897,2047,5469.71,11196496
2024,4,1,2024-04,898,1503,4275.73,6426422
2024,4,1,2024-04,899,1283,6301.12,8084337
2024,4,1,2024-04,900,728,4396.37,3200557
2024,4,1,2024-04,901,1191,5167.17,6154099
2024,4,1,2024-04,902,1023,5830.35,5964448
2024,4,1,2024-04,903,1744,7123.03,12422564
2024,4,1,2024-04,904,1099,5742.84,6311381
2024,4,1,2024-04,905,1663,6588.94,10957407
2024,4,1,2024-04,906,1951,7598.42,14824517
2024,4,1,2024-04,907,1371,4513.92,6188584
2024,4,1,2024-04,908,992,4960.91,4921223
2024,4,1,2024-04,909,640,5407.39,3460730
2024,4,1,2024-04,910,1573,5500.92,8652947
2024,4,1,2024-04,911,885,5407.67,4785788
2024,4,1,2024-04,912,995,7272.84,7236476
2024,4,1,2024-04,913,1697,6585.87,11176221
2024,4,1,2024-04,914,790,6197.43,4895970
2024,4,1,2024-04,915,526,5137.66,2702409
2024,4,1,2024-04,916,1634,6910.76,11292182
2024,4,1,2024-04,917,735,7389.57,5431334
2024,4,1,2024-04,918,1089,6938.25,7555754
2024,4,1,2024-04,919,1736,4092.14,7103955
2024,4,1,2024-04,920,1332,6345.86,8452686
2024,4,1,2024-04,921,1902,4229.87,8045213
2024,4,1,2024-04,922,494,5033.51,2486554
2024,4,1,2024-04,923,1409,4259.46,6001579
2024,4,1,2024-04,924,1967,6205.9,12207005
2024,4,1,2024-04,925,1476,6539.1,9651712
2024,4,1,2024-04,926,1139,4463.81,5084280
2024,4,1,2024-04,927,1267,5467.15,6926879
2024,4,1,2024-04,928,655,5652.4,3702322
2024,4,1,2024-04,929,1381,5311.42,7335071
2024,4,1,2024-04,930,1352,4451.52,6018455
2024,4,1,2024-04,931,962,5528.85,5318754
2024,4,1,2024-04,932,719,6662.1,4790050
2024,4,1,2024-04,933,862,4245.41,3659543
2024,4,1,2024-04,934,1929,4291.14,8277609
2024,4,1,2024-04,935,2186,5239.88,11454378
2024,4,1,2024-04,936,860,7355.81,6325997
2024,4,1,2024-04,937,1466,6441.33,9442990
2024,4,1,2024-04,938,1125,6480,7290000
2024,4,1,2024-04,939,1116,5251.68,5860875
2024,4,1,2024-04,940,1946,6155.05,11977727
2024,4,1,2024-04,941,1446,4057.27,5866812
2024,4,1,2024-04,942,1670,6339.75,10587382
2024,4,1,2024-04,943,1504,7268.75,10932200
2024,4,1,2024-04,944,1566,6152.8,9635285
2024,4,1,2024-04,945,1348,7117.8,9594794
2024,4,1,2024-04,946,1280,6551.93,8386470
2024,4,1,2024-04,947,1970,4352.68,8574780
2024,4,1,2024-04,948,1499,7239.83,10852505
2024,4,1,2024-04,949,1379,4284.55,5908394
2024,4,1,2024-04,950,1847,5936.7,10965085
2024,4,1,2024-04,951,1927,4473.28,8620011
2024,4,1,2024-04,952,1342,4005.14,5374898
2024,4,1,2024-04,953,843,5538.97,4669352
2024,4,1,2024-04,954,1336,5152.74,6884061
2024,4,1,2024-04,955,1808,5815.52,10514460
2024,4,1,2024-04,956,2046,6069.23,12417645
2024,4,1,2024-04,957,2020,4189.75,8463295
2024,4,1,2024-04,958,821,4503.96,3697751
2024,4,1,2024-04,959,1982,6009.8,11911424
2024,4,1,2024-04,960,808,5187.46,4191468
2024,4,1,2024-04,961,1491,6497.46,9687713
2024,4,1,2024-04,962,1219,6358.39,7750877
2024,4,1,2024-04,963,968,7030.58,6805601
2024,4,1,2024-04,964,1811,6416.79,11620807
2024,4,1,2024-04,965,730,5493.1,4009963
2024,4,1,2024-04,966,2057,6412.11,13189710
2024,4,1,2024-04,967,837,4981.63,4169624
2024,4,1,2024-04,968,1133,5180.97,5870039
2024,4,1,2024-04,969,870,6901.48,6004288
2024,4,1,2024-04,970,1891,5577.86,10547733
2024,4,1,2024-04,971,675,6938.83,4683710
2024,4,1,2024-04,972,726,7029.62,5103504
2024,4,1,2024-04,973,828,7095.34,5874942
2024,4,1,2024-04,974,2117,7250.91,15350176
2024,4,1,2024-04,975,778,5566.43,4330683
2024,4,1,2024-04,976,1220,5065.64,6180081
2024,4,1,2024-04,977,2209,6073.82,13417068
2024,4,1,2024-04,978,1272,5359.78,6817640
2024,4,1,2024-04,979,1243,6184.92,7687856
2024,4,1,2024-04,980,1055,6520.23,6878843
2024,4,1,2024-04,981,1416,6482.14,9178710
2024,4,1,2024-04,982,1333,5313.99,7083549
2024,4,1,2024-04,983,1887,4682.6,8836066
2024,4,1,2024-04,984,2003,5624.6,11266074
2024,4,1,2024-04,985,2018,4564.7,9211565
2024,4,1,2024-04,986,993,7186.13,7135827
2024,4,1,2024-04,987,1525,5220.53,7961308
2024,4,1,2024-04,988,2395,4613.1,11048374
2024,4,1,2024-04,989,1908,4123.31,7867275
2024,4,1,2024-04,990,2096,6282.05,13167177
2024,4,1,2024-04,991,1358,6342.96,8613740
2024,4,1,2024-04,992,991,5218.65,5171682
2024,4,1,2024-04,993,1420,4241.11,6022376
2024,4,1,2024-04,994,1421,5527.52,7854606
2024,4,1,2024-04,995,1926,5098.52,9819750
2024,4,1,2024-04,996,1560,6444.4,10053264
2024,4,1,2024-04,997,2096,6242.09,13083421
2024,4,1,2024-04,998,1069,5377.56,5748612
2024,4,1,2024-04,999,1621,4816.6,7807709
2024,4,1,2024-04,1000,2011,7494.64,15071721
2024,4,1,2024-04,1001,1531,5620.76,8605384
2024,4,1,2024-04,1002,1600,6587.24,10539584
2024,4,1,2024-04,1003,1049,4568.1,4791937
2024,4,1,2024-04,1004,1115,5745.38,6406099
2024,4,1,2024-04,1005,1635,4065.78,6647550
2024,4,1,2024-04,1006,932,5741.12,5350724
2024,4,1,2024-04,1007,1361,7516.44,10229875
2024,4,1,2024-04,1008,1547,5449.85,8430918
2024,4,1,2024-04,1009,1876,4161.6,7807162
2024,4,1,2024-04,1010,458,4116.15,1885197
2024,4,1,2024-04,1011,2282,5458.79,12456959
2024,4,1,2024-04,1012,1116,4528.33,5053616
2024,4,1,2024-04,1013,434,4197.46,1821698
2024,4,1,2024-04,1014,714,6753.97,4822335
2024,4,1,2024-04,1015,1373,5602.88,7692754
2024,4,1,2024-04,1016,777,5091.02,3955723
2024,4,1,2024-04,1017,1435,7203.03,10336348
2024,4,1,2024-04,1018,1286,4378.28,5630468
2024,4,1,2024-04,1019,1702,7468.09,12710689
2024,4,1,2024-04,1020,1310,5094.1,6673271
2024,4,1,2024-04,1021,2019,7132,14399508
2024,4,1,2024-04,1022,805,6196.05,4987820
2024,4,1,2024-04,1023,1469,6967.48,10235228
2024,4,1,2024-04,1024,1334,7578.58,10109826
2024,4,1,2024-04,1025,2138,5039.15,10773703
2024,4,1,2024-04,1026,1661,7433.93,12347758
2024,4,1,2024-04,1027,1991,5321.43,10594967
2024,4,1,2024-04,1028,908,5421.53,4922749
2024,4,1,2024-04,1029,2259,5237.22,11830880
2024,4,1,2024-04,1030,912,6008.29,5479560
2024,4,1,2024-04,1031,1996,4608.11,9197788
2024,4,1,2024-04,1032,1783,6013.63,10722302
2024,4,1,2024-04,1033,1591,5922.99,9423477
2024,4,1,2024-04,1034,1460,6722.36,9814646
2024,4,1,2024-04,1035,894,7021.61,6277319
2024,4,1,2024-04,1036,1153,5592.47,6448118
2024,4,1,2024-04,1037,1051,5166.14,5429613
2024,4,1,2024-04,1038,963,5008.16,4822858
2024,4,1,2024-04,1039,1440,4706.99,6778066
2024,4,1,2024-04,1040,775,4234.02,3281366
2024,4,1,2024-04,1041,766,5209.62,3990569
2024,4,1,2024-04,1042,1372,4983.31,6837101
2024,4,1,2024-04,1043,1217,7513.06,9143394
2024,4,1,2024-04,1044,886,5988.47,5305784
2024,4,1,2024-04,1045,1303,5246.07,6835629
2024,4,1,2024-04,1046,1109,6041.51,6700035
2024,4,1,2024-04,1047,1744,4495.26,7839733
2024,4,1,2024-04,1048,1508,5635.25,8497957
2024,4,1,2024-04,1049,538,6246.46,3360595
2024,4,1,2024-04,1050,989,5715.76,5652887
2024,4,1,2024-04,1051,980,5466.47,5357141
2024,4,1,2024-04,1052,1563,7565.82,11825377
2024,4,1,2024-04,1053,748,7213.72,5395863
2024,4,1,2024-04,1054,1913,6241.09,11939205
2024,4,1,2024-04,1055,902,6009.77,5420813
2024,4,1,2024-04,1056,2049,6280.77,12869298
2024,4,1,2024-04,1057,891,4698.47,4186337
2024,4,1,2024-04,1058,1439,5374.68,7734165
2024,4,1,2024-04,1059,1374,4118.17,5658366
2024,4,1,2024-04,1060,1678,5692.48,9551981
2024,4,1,2024-04,1061,2170,5875.52,12749878
2024,4,1,2024-04,1062,1843,4758.68,8770247
2024,4,1,2024-04,1063,1032,7496.94,7736842
2024,4,1,2024-04,1064,971,7259.5,7048974
2024,4,1,2024-04,1065,1255,6591.85,8272772
2024,4,1,2024-04,1066,1213,5923.68,7185424
2024,4,1,2024-04,1067,2013,7151.79,14396553
2024,4,1,2024-04,1068,1752,4453.29,7802164
2024,4,1,2024-04,1069,1235,6868.28,8482326
2024,4,1,2024-04,1070,1158,4474.42,5181378
2024,4,1,2024-04,1071,1871,6813.17,12747441
2024,4,1,2024-04,1072,2064,5035,10392240
2024,4,1,2024-04,1073,1573,7154.37,11253824
2024,4,1,2024-04,1074,2048,7343.44,15039365
2024,4,1,2024-04,1075,1331,4511.16,6004354
2024,4,1,2024-04,1076,1716,5695.66,9773753
2024,4,1,2024-04,1077,887,7567.92,6712745
2024,4,1,2024-04,1078,1537,5760.72,8854227
2024,4,1,2024-04,1079,2023,7143.52,14451341
2024,4,1,2024-04,1080,1514,6179.03,9355051
2024,4,1,2024-04,1081,1759,5352.48,9415012
2024,4,1,2024-04,1082,777,5050.72,3924409
2024,4,1,2024-04,1083,1699,4779.04,8119589
2024,4,1,2024-04,1084,2162,6689.06,14461748
2024,4,1,2024-04,1085,610,5449.13,3323969
2024,4,1,2024-04,1086,2214,5908.72,13081906
2024,4,1,2024-04,1087,1286,5746.58,7390102
2024,4,1,2024-04,1088,872,6211.86,5416742
2024,4,1,2024-04,1089,1572,7146.49,11234282
2024,4,1,2024-04,1090,1753,7514.52,13172954
2024,4,1,2024-04,1091,852,5384.15,4587296
2024,4,1,2024-04,1092,1091,6970.9,7605252
2024,4,1,2024-04,1093,948,6769.41,6417401
2024,4,1,2024-04,1094,2013,6083.2,12245482
2024,4,1,2024-04,1095,1235,7374.36,9107335
2024,4,1,2024-04,1096,1483,4709.35,6983966
2024,4,1,2024-04,1097,1063,4444.49,4724493
2024,4,1,2024-04,1098,1456,7095.99,10331761
2024,4,1,2024-04,1099,1188,5632.58,6691505
2024,4,1,2024-04,1100,943,7049.73,6647895
2024,4,1,2024-04,1101,1715,7207.42,12360725
2024,4,1,2024-04,1102,1307,4269.99,5580877
2024,4,1,2024-04,1103,842,7178.77,6044524
2024,4,1,2024-04,1104,1805,5554.03,10025024
2024,4,1,2024-04,1105,1583,5912.79,9359947
2024,4,1,2024-04,1106,1178,6300.05,7421459
2024,4,1,2024-04,1107,1460,7346.6,10726036
2024,4,1,2024-04,1108,700,4030.86,2821602
2024,4,1,2024-04,1109,1713,5762.29,9870803
2024,4,1,2024-04,1110,748,6456.8,4829686
2024,4,1,2024-04,1111,1440,6638.65,9559656
2024,4,1,2024-04,1112,1176,6518.29,7665509
2024,4,1,2024-04,1113,1596,4488.34,7163391
2024,4,1,2024-04,1114,1328,5139.19,6824844
2024,4,1,2024-04,1115,2073,5249.74,10882711
2024,4,1,2024-04,1116,1632,6895.26,11253064
2024,4,1,2024-04,1117,2054,5092.91,10460837
2024,4,1,2024-04,1118,1136,4797.5,5449960
2024,4,1,2024-04,1119,1861,7479.44,13919238
2024,4,1,2024-04,1120,1426,4059.44,5788761
2024,4,1,2024-04,1121,1207,7581.33,9150665
2024,4,1,2024-04,1122,966,6382.75,6165736
2024,4,1,2024-04,1123,1243,6971.41,8665463
2024,4,1,2024-04,1124,1971,5105.14,10062231
2024,4,1,2024-04,1125,1813,4026.08,7299283
2024,4,1,2024-04,1126,1757,6612.03,11617337
2024,4,1,2024-04,1127,1654,7017.53,11606995
2024,4,1,2024-04,1128,2187,6701.86,14656968
2024,4,1,2024-04,1129,1633,4624.32,7551515
2024,4,1,2024-04,1130,1007,6698.5,6745390
2024,4,1,2024-04,1131,2107,6754.97,14232722
2024,4,1,2024-04,1132,821,6409.91,5262536
2024,4,1,2024-04,1133,1082,6781.76,7337864
2024,4,1,2024-04,1134,1171,7029.03,8230994
2024,4,1,2024-04,1135,1461,6210.98,9074242
2024,4,1,2024-04,1136,1627,4311.94,7015526
2024,4,1,2024-04,1137,1546,5711.03,8829252
2024,4,1,2024-04,1138,1837,4295.07,7890044
2024,4,1,2024-04,1139,1262,5546,6999052
2024,4,1,2024-04,1140,1096,5443.59,5966175
2024,4,1,2024-04,1141,812,4195.07,3406397
2024,4,1,2024-04,1142,1535,5222.92,8017182
2024,4,1,2024-04,1143,817,4443.98,3630732
2024,4,1,2024-04,1144,1887,6925.57,13068551
2024,4,1,2024-04,1145,2067,7460.71,15421288
2024,4,1,2024-04,1146,1574,4329.9,6815263
2024,4,1,2024-04,1147,701,7443.41,5217830
2024,4,1,2024-04,1148,1020,5916.94,6035279
2024,4,1,2024-04,1149,1665,5058.73,8422785
2024,4,1,2024-04,1150,714,4329.36,3091163
2024,4,1,2024-04,1151,2041,5804.49,11846964
2024,4,1,2024-04,1152,799,6895.63,5509608
2024,4,1,2024-04,1153,1389,6564.43,9117993
2024,4,1,2024-04,1154,1289,4182.06,5390675
2024,4,1,2024-04,1155,2064,4234.7,8740421
2024,4,1,2024-04,1156,1389,5438.32,7553826
2024,4,1,2024-04,1157,2003,5085.52,10186297
2024,4,1,2024-04,1158,734,4816.18,3535076
2024,4,1,2024-04,1159,733,5019.39,3679213
2024,4,1,2024-04,1160,1955,6938.27,13564318
2024,4,1,2024-04,1161,1689,7390.58,12482690
2024,4,1,2024-04,1162,1195,5490.3,6560908
2024,4,1,2024-04,1163,1777,7316.62,13001634
2024,4,1,2024-04,1164,1509,5113.71,7716588
2024,4,1,2024-04,1165,880,5781.53,5087746
2024,4,1,2024-04,1166,1433,4769.05,6834049
2024,4,1,2024-04,1167,1108,6308.53,6989851
2024,4,1,2024-04,1168,880,7478.54,6581115
2024,4,1,2024-04,1169,1126,6209.45,6991841
2024,4,1,2024-04,1170,1184,5229.69,6191953
2024,4,1,2024-04,1171,868,6254.83,5429192
2024,4,1,2024-04,1172,960,4433.13,4255805
2024,4,1,2024-04,1173,1587,7160.41,11363571
2024,4,1,2024-04,1174,1890,5792.47,10947768
2024,4,1,2024-04,1175,1692,5596.18,9468737
2024,4,1,2024-04,1176,1538,6144.27,9449887
2024,4,1,2024-04,1177,1330,6248.31,8310252
2024,4,1,2024-04,1178,1386,4349.91,6028975
2024,4,1,2024-04,1179,2040,6468.73,13196209
2024,4,1,2024-04,1180,1517,4926.65,7473728
2024,4,1,2024-04,1181,1127,6596.17,7433884
2024,4,1,2024-04,1182,1850,6916.84,12796154
2024,4,1,2024-04,1183,2100,6867.58,14421918
2024,4,1,2024-04,1184,1670,6039.11,10085314
2024,4,1,2024-04,1185,1572,5799.16,9116280
2024,4,1,2024-04,1186,776,4555.63,3535169
2024,4,1,2024-04,1187,1683,6780.97,11412373
2024,4,1,2024-04,1188,1679,4958.54,8325389
2024,4,1,2024-04,1189,1268,5783.4,7333351
2024,4,1,2024-04,1190,2022,5110.85,10334139
2024,4,1,2024-04,1191,1792,4423.9,7927629
2024,4,1,2024-04,1192,895,6214.3,5561798
2024,4,1,2024-04,1193,1672,4130.79,6906681
2024,4,1,2024-04,1194,2110,6674.07,14082288
2024,4,1,2024-04,1195,1940,5128.61,9949503
2024,4,1,2024-04,1196,2033,4031.97,8196995
2024,4,1,2024-04,1197,1485,5825.27,8650526
2024,4,1,2024-04,1198,1993,4211.62,8393759
2024,4,1,2024-04,1199,1464,4973.58,7281321
2024,4,1,2024-04,1200,1896,6639.59,12588663
2024,4,1,2024-04,1201,1830,4275.48,7824128
2024,4,1,2024-04,1202,955,7040.38,6723563
2024,4,1,2024-04,1203,1829,4066.08,7436860
2024,4,1,2024-04,1204,1717,4857.32,8340018
2024,4,1,2024-04,1205,1396,6655.08,9290492
2024,4,1,2024-04,1206,1669,5142.86,8583433
2024,4,1,2024-04,1207,1266,4366.35,5527799
2024,4,1,2024-04,1208,1234,5293.17,6531772
2024,4,1,2024-04,1209,1604,5025.75,8061303
2024,4,1,2024-04,1210,1343,7026.57,9436684
2024,4,1,2024-04,1211,2028,5155.08,10454502
2024,4,1,2024-04,1212,1850,6761.44,12508664
2024,4,1,2024-04,1213,2074,7125.83,14778971
2024,4,1,2024-04,1214,1683,5528.69,9304785
2024,4,1,2024-04,1215,1065,7342.72,7819997
2024,4,1,2024-04,1216,2192,5460.09,11968517
2024,4,1,2024-04,1217,1021,7506.21,7663840
2024,4,1,2024-04,1218,882,4324.91,3814571
2024,4,1,2024-04,1219,1735,6493.23,11265754
2024,4,1,2024-04,1220,1157,5841.91,6759090
2024,4,1,2024-04,1221,880,5489.99,4831191
2024,4,1,2024-04,1222,1206,6228.64,7511740
2024,4,1,2024-04,1223,614,6543.26,4017562
2024,4,1,2024-04,1224,1152,4025.31,4637157
2024,4,1,2024-04,1225,1854,4645.96,8613610
2024,4,1,2024-04,1226,1104,6569.2,7252397
2024,4,1,2024-04,1227,1018,6355.45,6469848
2024,4,1,2024-04,1228,1022,7486.76,7651469
2024,4,1,2024-04,1229,1329,6706.63,8913111
2024,4,1,2024-04,1230,1720,7412.94,12750257
2024,4,1,2024-04,1231,1739,6529.95,11355583
2024,4,1,2024-04,1232,1403,5162.98,7243661
2024,4,1,2024-04,1233,1485,4414.41,6555399
2024,4,1,2024-04,1234,2004,6808.08,13643392
2024,4,1,2024-04,1235,1833,6353.76,11646442
2024,4,1,2024-04,1236,1313,4156.3,5457222
2024,4,1,2024-04,1237,666,5312.68,3538245
2024,4,1,2024-04,1238,1922,7464.57,14346904
2024,4,1,2024-04,1239,1413,5835.09,8244982
2024,4,1,2024-04,1240,1957,5543.46,10848551
2024,4,1,2024-04,1241,848,5672.71,4810458
2024,4,1,2024-04,1242,1117,4799.71,5361276
2024,4,1,2024-04,1243,823,5298.27,4360476
2024,4,1,2024-04,1244,1804,5315.76,9589631
2024,4,1,2024-04,1245,1260,4196.44,5287514
2024,4,1,2024-04,1246,1524,6866.09,10463921
2024,4,1,2024-04,1247,774,5475.78,4238254
2024,4,1,2024-04,1248,2077,6970.62,14477978
2024,4,1,2024-04,1249,1683,7040.55,11849246
2024,4,1,2024-04,1250,1568,4738,7429184
2024,4,1,2024-04,1251,1740,6399.66,11135408
2024,4,1,2024-04,1252,1827,5644.84,10313123
2024,4,1,2024-04,1253,2093,7227.69,15127555
2024,4,1,2024-04,1254,1131,4746.78,5368608
2024,4,1,2024-04,1255,988,6411.26,6334325
2024,4,1,2024-04,1256,897,6217.12,5576757
2024,4,1,2024-04,1257,1147,5111.11,5862443
2024,4,1,2024-04,1258,1660,4521.86,7506288
2024,4,1,2024-04,1259,2061,6323.91,13033579
2024,4,1,2024-04,1260,1418,6586.25,9339302
2024,4,1,2024-04,1261,892,5145.68,4589947
2024,4,1,2024-04,1262,1734,6285.36,10898814
2024,4,1,2024-04,1263,1667,5541.77,9238131
2024,4,1,2024-04,1264,1087,6573.4,7145286
2024,4,1,2024-04,1265,1061,4676.61,4961883
2024,4,1,2024-04,1266,1527,7183.64,10969418
2024,4,1,2024-04,1267,1411,5083.22,7172423
2024,4,1,2024-04,1268,1992,5388.03,10732956
2024,4,1,2024-04,1269,598,4217.49,2522059
2024,4,1,2024-04,1270,1291,4416.56,5701779
2024,4,1,2024-04,1271,730,5889.14,4299072
2024,4,1,2024-04,1272,1975,4936.34,9749272
2024,4,1,2024-04,1273,956,7019.05,6710212
2024,4,1,2024-04,1274,2442,4089.51,9986583
2024,4,1,2024-04,1275,1034,5400.05,5583652
2024,4,1,2024-04,1276,1853,5225.42,9682703
2024,4,1,2024-04,1277,2158,4022.78,8681159
2024,4,1,2024-04,1278,1642,4477.99,7352860
2024,4,1,2024-04,1279,690,5459.81,3767269
2024,4,1,2024-04,1280,1496,5859.39,8765647
2024,4,1,2024-04,1281,1145,5544.83,6348830
2024,4,1,2024-04,1282,2125,5865.97,12465186
2024,4,1,2024-04,1283,2106,6107.91,12863258
2024,4,1,2024-04,1284,1492,3955.8,5902054
2024,4,1,2024-04,1285,942,5712.23,5380921
2024,4,1,2024-04,1286,1078,7434.12,8013981
2024,4,1,2024-04,1287,1731,5887.21,10190761
2024,4,1,2024-04,1288,1833,6415.98,11760491
2024,4,1,2024-04,1289,1026,5064.21,5195879
2024,4,1,2024-04,1290,2103,6793.64,14287025
2024,4,1,2024-04,1291,1435,6838.34,9813018
2024,4,1,2024-04,1292,1588,5881.84,9340362
2024,4,1,2024-04,1293,2029,7458.32,15132931
2024,4,1,2024-04,1294,1730,4465.28,7724934
2024,4,1,2024-04,1295,800,4107.8,3286240
2024,4,1,2024-04,1296,1537,6761.41,10392287
2024,4,1,2024-04,1297,1320,6852.98,9045934
2024,4,1,2024-04,1298,2178,4543.79,9896375
2024,4,1,2024-04,1299,821,4903.22,4025544
2024,4,1,2024-04,1300,2134,4189.21,8939774
2024,4,1,2024-04,1301,763,5065.97,3865335
2024,4,1,2024-04,1302,797,6821.51,5436743
2024,4,1,2024-04,1303,2219,5880.89,13049695
2024,4,1,2024-04,1304,1932,5226.01,10096651
2024,4,1,2024-04,1305,1973,5409.61,10673161
2024,4,1,2024-04,1306,2312,4056.81,9379345
2024,4,1,2024-04,1307,1721,5088.99,8758152
2024,4,1,2024-04,1308,1574,6362.15,10014024
2024,4,1,2024-04,1309,1000,7491.87,7491870
2024,4,1,2024-04,1310,1293,6945.66,8980738
2024,4,1,2024-04,1311,1213,4031.42,4890112
2024,4,1,2024-04,1312,1040,7227.36,7516454
2024,4,1,2024-04,1313,1842,6802.7,12530573
2024,4,1,2024-04,1314,1348,6802.9,9170309
2024,4,1,2024-04,1315,1875,5642.08,10578900
2024,4,1,2024-04,1316,1937,5393,10446241
2024,4,1,2024-04,1317,1257,5042.18,6338020
2024,4,1,2024-04,1318,1698,4220.46,7166341
2024,4,1,2024-04,1319,1699,4872.05,8277613
2024,4,1,2024-04,1320,2111,4866.83,10273878
2024,4,1,2024-04,1321,2143,5797.28,12423571
2024,4,1,2024-04,1322,924,6642.85,6137993
2024,4,1,2024-04,1323,1748,5767.11,10080908
2024,4,1,2024-04,1324,1765,4207.33,7425937
2024,4,1,2024-04,1325,1992,7425.69,14791974
2024,4,1,2024-04,1326,1746,7372.36,12872141
2024,4,1,2024-04,1327,1510,6850.29,10343938
2024,4,1,2024-04,1328,1354,7570.49,10250443
2024,4,1,2024-04,1329,1337,5972.04,7984617
2024,4,1,2024-04,1330,1015,7453.66,7565465
2024,4,1,2024-04,1331,903,4268.23,3854212
2024,4,1,2024-04,1332,1058,5377.57,5689469
2024,4,1,2024-04,1333,1866,4831.8,9016139
2024,4,1,2024-04,1334,1341,4748.4,6367604
2024,4,1,2024-04,1335,1671,4535.35,7578570
2024,4,1,2024-04,1336,1649,6224.7,10264530
2024,4,1,2024-04,1337,573,6918.09,3964066
2024,4,1,2024-04,1338,832,6141.72,5109911
2024,4,1,2024-04,1339,1608,4524,7274592
2024,4,1,2024-04,1340,767,7008.94,5375857
2024,4,1,2024-04,1341,1614,6333.68,10222560
2024,4,1,2024-04,1342,800,5359.2,4287360
2024,4,1,2024-04,1343,2052,6467.77,13271864
2024,4,1,2024-04,1344,1622,4969.76,8060951
2024,4,1,2024-04,1345,1998,5262.6,10514675
2024,4,1,2024-04,1346,1281,7341.5,9404462
2024,4,1,2024-04,1347,769,5075.48,3903044
2024,4,1,2024-04,1348,1394,5609.71,7819936
2024,4,1,2024-04,1349,1354,7137.43,9664080
2024,4,1,2024-04,1350,1434,6509.36,9334422
2024,4,1,2024-04,1351,1287,4335.87,5580265
2024,4,1,2024-04,1352,1633,4578.84,7477246
2024,4,1,2024-04,1353,2193,4076.58,8939940
2024,4,1,2024-04,1354,1132,6278.86,7107670
2024,4,1,2024-04,1355,1398,5579.11,7799596
2024,4,1,2024-04,1356,1643,4437.65,7291059
2024,4,1,2024-04,1357,833,7484.88,6234905
2024,4,1,2024-04,1358,945,5987.78,5658452
2024,4,1,2024-04,1359,1419,4917.3,6977649
2024,4,1,2024-04,1360,1521,5787.23,8802377
2024,4,1,2024-04,1361,2008,6429.25,12909934
2024,4,1,2024-04,1362,1457,4327.31,6304891
2024,4,1,2024-04,1363,1971,4998.56,9852162
2024,4,1,2024-04,1364,1834,6894.66,12644806
2024,4,1,2024-04,1365,1437,5639.11,8103401
2024,4,1,2024-04,1366,1641,5943.4,9753119
2024,4,1,2024-04,1367,2129,5562.19,11841903
2024,4,1,2024-04,1368,2141,4109.54,8798525
2024,4,1,2024-04,1369,1266,4643.16,5878241
2024,4,1,2024-04,1370,1282,5528.95,7088114
2024,4,1,2024-04,1371,1987,4818.12,9573604
2024,4,1,2024-04,1372,1309,4178.73,5469958
2024,4,1,2024-04,1373,966,7027.2,6788275
2024,4,1,2024-04,1374,899,7548.11,6785751
2024,4,1,2024-04,1375,1401,6839.5,9582140
2024,4,1,2024-04,1376,1283,7035.46,9026495
2024,4,1,2024-04,1377,1782,4900,8731800
2024,4,1,2024-04,1378,1998,7548.59,15082083
2024,4,1,2024-04,1379,1019,4761.91,4852386
2024,4,1,2024-04,1380,1147,7382.77,8468037
2024,4,1,2024-04,1381,1031,7555.75,7789978
2024,4,1,2024-04,1382,795,6540.65,5199817
2024,4,1,2024-04,1383,1882,7476.4,14070585
2024,4,1,2024-04,1384,1999,6082.12,12158158
2024,4,1,2024-04,1385,1920,4935.07,9475334
2024,4,1,2024-04,1386,2037,5596.8,11400682
2024,4,1,2024-04,1387,2077,6023.12,12510020
2024,4,1,2024-04,1388,1361,4315.91,5873954
2024,4,1,2024-04,1389,836,6216.78,5197228
2024,4,1,2024-04,1390,1290,7477.71,9646246
2024,4,1,2024-04,1391,1147,4641.96,5324328
2024,4,1,2024-04,1392,650,6809.11,4425922
2024,4,1,2024-04,1393,1819,7242.4,13173926
2024,4,1,2024-04,1394,1262,7429.31,9375789
2024,4,1,2024-04,1395,1334,7427.95,9908885
2024,4,1,2024-04,1396,937,5927.91,5554452
2024,4,1,2024-04,1397,1708,7522.3,12848088
2024,4,1,2024-04,1398,1734,6806.55,11802558
2024,4,1,2024-04,1399,876,4578.21,4010512
2024,4,1,2024-04,1400,645,5743.41,3704499
2024,4,1,2024-04,1401,2019,6641.89,13409976
2024,4,1,2024-04,1402,666,4934.6,3286444
2024,4,1,2024-04,1403,1520,6300.91,9577383
2024,4,1,2024-04,1404,746,6379.29,4758950
2024,4,1,2024-04,1405,1482,4516.96,6694135
2024,4,1,2024-04,1406,1769,6028.47,10664363
2024,4,1,2024-04,1407,2140,6734.22,14411231
2024,4,1,2024-04,1408,1865,5778.85,10777555
2024,4,1,2024-04,1409,1214,4069.75,4940676
2024,4,1,2024-04,1410,1056,3986.24,4209469
2024,4,1,2024-04,1411,694,5252.68,3645360
2024,4,1,2024-04,1412,1870,7344.32,13733878
2024,4,1,2024-04,1413,1433,4782.76,6853695
2024,4,1,2024-04,1414,1417,6284.24,8904768
2024,4,1,2024-04,1415,778,4753.07,3697888
2024,4,1,2024-04,1416,1384,5194.96,7189825
2024,4,1,2024-04,1417,886,7077.78,6270913
2024,4,1,2024-04,1418,1381,6678.81,9223437
2024,4,1,2024-04,1419,1202,4420.47,5313405
2024,4,1,2024-04,1420,1412,5565.27,7858161
2024,4,1,2024-04,1421,2283,4049,9243867
2024,4,1,2024-04,1422,1766,5739.12,10135286
2024,4,1,2024-04,1423,1707,6406.98,10936715
2024,4,1,2024-04,1424,2075,4452.26,9238440
2024,4,1,2024-04,1425,1243,5129.19,6375583
2024,4,1,2024-04,1426,996,5501.27,5479265
2024,4,1,2024-04,1427,1010,7304.31,7377353
2024,4,1,2024-04,1428,1563,7599.57,11878128
2024,4,1,2024-04,1429,2078,4118.42,8558077
2024,4,1,2024-04,1430,1508,6746.38,10173541
2024,4,1,2024-04,1431,1161,5292.89,6145045
2024,4,1,2024-04,1432,1894,5415.63,10257203
2024,4,1,2024-04,1433,1907,6683.28,12745015
2024,4,1,2024-04,1434,1555,7269.89,11304679
2024,4,1,2024-04,1435,818,7378.53,6035638
2024,4,1,2024-04,1436,805,6064.16,4881649
2024,4,1,2024-04,1437,1869,5271.95,9853275
2024,4,1,2024-04,1438,723,6861.01,4960510
2024,4,1,2024-04,1439,1478,4907.39,7253122
2024,4,1,2024-04,1440,1615,6033.59,9744248
2024,4,1,2024-04,1441,1125,5315.98,5980477
2024,4,1,2024-04,1442,1443,6378.63,9204363
2024,4,1,2024-04,1443,1397,4833.38,6752232
2024,4,1,2024-04,1444,2096,4695.55,9841873
2024,4,1,2024-04,1445,1977,7309.2,14450288
2024,4,1,2024-04,1446,772,4347.64,3356378
2024,4,1,2024-04,1447,633,5783.69,3661076
2024,4,1,2024-04,1448,1225,4758.99,5829763
2024,4,1,2024-04,1449,1249,4172.17,5211040
2024,4,1,2024-04,1450,1213,4139.48,5021189
2024,4,1,2024-04,1451,834,4642.26,3871645
2024,4,1,2024-04,1452,729,7034.89,5128435
2024,4,1,2024-04,1453,1820,5034.72,9163190
2024,4,1,2024-04,1454,2042,7418.84,15149271
2024,4,1,2024-04,1455,1392,6110.07,8505217
2024,4,1,2024-04,1456,1635,5646.04,9231275
2024,4,1,2024-04,1457,2319,6058.56,14049801
2024,4,1,2024-04,1458,1869,5888.66,11005906
2024,4,1,2024-04,1459,1681,6744.96,11338278
2024,4,1,2024-04,1460,1241,5052.08,6269631
2024,4,1,2024-04,1461,1153,5269.2,6075388
2024,4,1,2024-04,1462,886,7246.78,6420647
2024,4,1,2024-04,1463,1012,7366.32,7454716
2024,4,1,2024-04,1464,2084,7185.81,14975228
2024,4,1,2024-04,1465,889,5511.6,4899812
2024,4,1,2024-04,1466,1372,6796.57,9324894
2024,4,1,2024-04,1467,997,5739.6,5722381
2024,4,1,2024-04,1468,1718,5810.11,9981769
2024,4,1,2024-04,1469,1849,4766.21,8812722
2024,4,1,2024-04,1470,685,6191.6,4241246
2024,4,1,2024-04,1471,1522,4678.63,7120875
2024,4,1,2024-04,1472,575,5254.09,3021102
2024,4,1,2024-04,1473,660,7025.23,4636652
2024,4,1,2024-04,1474,1689,4756.88,8034370
2024,4,1,2024-04,1475,866,4274.98,3702133
2024,4,1,2024-04,1476,1894,4211.46,7976505
2024,4,1,2024-04,1477,924,7380.94,6819989
2024,4,1,2024-04,1478,980,5837.05,5720309
2024,4,1,2024-04,1479,2266,5511.03,12487994
2024,4,1,2024-04,1480,764,6937.39,5300166
2024,4,1,2024-04,1481,1468,6947.17,10198446
2024,4,1,2024-04,1482,1034,5262.61,5441539
2024,4,1,2024-04,1483,1113,6476.76,7208634
2024,4,1,2024-04,1484,1587,6746.72,10707045
2024,4,1,2024-04,1485,1374,6380.68,8767054
2024,4,1,2024-04,1486,1645,4603.12,7572132
2024,4,1,2024-04,1487,1662,7126.24,11843811
2024,4,1,2024-04,1488,1184,5944.57,7038371
2024,4,1,2024-04,1489,609,5072.51,3089159
2024,4,1,2024-04,1490,1995,5498.67,10969847
2024,4,1,2024-04,1491,677,4032.3,2729867
2024,4,1,2024-04,1492,1166,4504.41,5252142
2024,4,1,2024-04,1493,1130,6795.23,7678610
2024,4,1,2024-04,1494,2060,3952.56,8142274
2024,4,1,2024-04,1495,1038,5508.75,5718082
2024,4,1,2024-04,1496,1602,5865.02,9395762
2024,4,1,2024-04,1497,1375,4224.87,5809196
2024,4,1,2024-04,1498,1748,7400.99,12936931
2024,4,1,2024-04,1499,1221,4773.55,5828505
2024,4,1,2024-04,1500,1720,5129.17,8822172
2024,4,1,2024-04,1501,1905,5102.07,9719443
2024,4,1,2024-04,1502,1318,4913.59,6476112
2024,4,1,2024-04,1503,529,4056.01,2145629
2024,4,1,2024-04,1504,1939,6581.63,12761781
2024,4,1,2024-04,1505,1431,7504.22,10738539
2024,4,1,2024-04,1506,1715,4900.93,8405095
2024,4,1,2024-04,1507,1313,6385.31,8383912
2024,4,1,2024-04,1508,1040,6687.85,6955364
2024,4,1,2024-04,1509,1863,7086.72,13202559
2024,4,1,2024-04,1510,1826,5523.77,10086404
2024,4,1,2024-04,1511,839,5009.27,4202778
2024,4,1,2024-04,1512,1147,5209.22,5974975
2024,4,1,2024-04,1513,1020,6601.32,6733346
2024,4,1,2024-04,1514,1389,7002.58,9726584
2024,4,1,2024-04,1515,798,4622.35,3688635
2024,4,1,2024-04,1516,1449,5299.53,7679019
2024,4,1,2024-04,1517,1157,7209.39,8341264
2024,4,1,2024-04,1518,1630,6893.22,11235949
2024,4,1,2024-04,1519,1477,7560.3,11166563
2024,4,1,2024-04,1520,2189,6663.31,14585986
2024,4,1,2024-04,1521,1344,5469.04,7350390
2024,4,1,2024-04,1522,2048,6170.81,12637819
2024,4,1,2024-04,1523,1448,6423.04,9300562
2024,4,1,2024-04,1524,1061,4290.06,4551754
2024,4,1,2024-04,1525,1379,5865.26,8088194
2024,4,1,2024-04,1526,1608,6625.62,10653997
2024,4,1,2024-04,1527,1119,4594.22,5140932
2024,4,1,2024-04,1528,2070,6840.13,14159069
2024,4,1,2024-04,1529,1498,6111.36,9154817
2024,4,1,2024-04,1530,1913,7470.49,14291047
2024,4,1,2024-04,1531,1745,4173.23,7282286
2024,4,1,2024-04,1532,1834,4973.46,9121326
2024,4,1,2024-04,1533,1531,6177.38,9457569
2024,4,1,2024-04,1534,1186,5100.53,6049229
2024,4,1,2024-04,1535,984,6516.17,6411911
2024,4,1,2024-04,1536,1897,6815.13,12928302
2024,4,1,2024-04,1537,836,4386.64,3667231
2024,4,1,2024-04,1538,1544,5882.45,9082503
2024,4,1,2024-04,1539,2099,5907.08,12398961
2024,4,1,2024-04,1540,1591,5340.69,8497038
2024,4,1,2024-04,1541,1542,7306.07,11265960
2024,4,1,2024-04,1542,932,6928.74,6457586
2024,4,1,2024-04,1543,1743,6490.14,11312314
2024,4,1,2024-04,1544,1155,6586.41,7607304
2024,4,1,2024-04,1545,865,5690.36,4922161
2024,4,1,2024-04,1546,1291,7359.19,9500714
2024,4,1,2024-04,1547,2084,6431.91,13404100
2024,4,1,2024-04,1548,1719,6633.64,11403227
2024,4,1,2024-04,1549,1632,7124.59,11627331
2024,4,1,2024-04,1550,1877,5027.57,9436749
2024,4,1,2024-04,1551,1184,6793.36,8043338
2024,4,1,2024-04,1552,1713,4703.71,8057455
2024,4,1,2024-04,1553,804,5292.3,4255009
2024,4,1,2024-04,1554,1115,5184.42,5780628
2024,4,1,2024-04,1555,2113,7460.11,15763212
2024,4,1,2024-04,1556,1975,7103.88,14030163
2024,4,1,2024-04,1557,1687,6537.96,11029539
2024,4,1,2024-04,1558,1859,6627.18,12319928
2024,4,1,2024-04,1559,1079,5999.42,6473374
2024,4,1,2024-04,1560,1413,7342.24,10374585
2024,4,1,2024-04,1561,1769,5836.55,10324857
2024,4,1,2024-04,1562,1180,5531.3,6526934
2024,4,1,2024-04,1563,1054,4532.71,4777476
2024,4,1,2024-04,1564,776,6873.63,5333937
2024,4,1,2024-04,1565,1455,6635.44,9654565
2024,4,1,2024-04,1566,2081,5409.07,11256275
2024,4,1,2024-04,1567,2071,4111.41,8514730
2024,4,1,2024-04,1568,1843,7114.75,13112484
2024,4,1,2024-04,1569,1756,4028.89,7074731
2024,4,1,2024-04,1570,1514,6506.45,9850765
2024,4,1,2024-04,1571,598,7487.44,4477489
2024,4,1,2024-04,1572,1474,5610.41,8269744
2024,4,1,2024-04,1573,1260,4922.2,6201972
2024,4,1,2024-04,1574,1011,6559.82,6631978
2024,4,1,2024-04,1575,870,6948.13,6044873
2024,4,1,2024-04,1576,1488,5952.85,8857841
2024,4,1,2024-04,1577,1620,7495.58,12142840
2024,4,1,2024-04,1578,985,4176.4,4113754
2024,4,1,2024-04,1579,2145,5833.36,12512557
2024,4,1,2024-04,1580,1912,6576.32,12573924
2024,4,1,2024-04,1581,1008,7056.05,7112498
2024,4,1,2024-04,1582,1046,4733.59,4951335
2024,4,1,2024-04,1583,1565,6832.83,10693379
2024,4,1,2024-04,1584,1643,5977.38,9820835
2024,4,1,2024-04,1585,2211,5366.98,11866393
2024,4,1,2024-04,1586,1109,4486.38,4975395
2024,4,1,2024-04,1587,914,7129.25,6516134
2024,4,1,2024-04,1588,1090,4544.27,4953254
2024,4,1,2024-04,1589,843,5047.05,4254663
2024,4,1,2024-04,1590,2086,5041.63,10516840
2024,4,1,2024-04,1591,1852,7124.5,13194574
2024,4,1,2024-04,1592,959,6412.41,6149501
2024,4,1,2024-04,1593,1078,6936.41,7477450
2024,4,1,2024-04,1594,1058,4932.46,5218543
2024,4,1,2024-04,1595,992,6263.98,6213868
2024,4,1,2024-04,1596,1187,6077.84,7214396
2024,4,1,2024-04,1597,1523,7008.53,10673991
2024,4,1,2024-04,1598,1812,7235.25,13110273
2024,4,1,2024-04,1599,1176,4025.51,4734000
2024,4,1,2024-04,1600,1126,6538.9,7362801
2024,4,1,2024-04,1601,1635,4202.52,6871120
2024,4,1,2024-04,1602,2203,5982.36,13179139
2024,4,1,2024-04,1603,1574,5051.94,7951754
2024,4,1,2024-04,1604,1738,5084.1,8836166
2024,4,1,2024-04,1605,853,5290.88,4513121
2024,4,1,2024-04,1606,710,6182.12,4389305
2024,4,1,2024-04,1607,1567,5247.64,8223052
2024,4,1,2024-04,1608,2101,6625.4,13919965
2024,4,1,2024-04,1609,1314,5517.5,7249995
2024,4,1,2024-04,1610,1660,4291.28,7123525
2024,4,1,2024-04,1611,2061,6836.72,14090480
2024,4,1,2024-04,1612,1920,5007.5,9614400
2024,4,1,2024-04,1613,1836,5570.58,10227585
2024,4,1,2024-04,1614,2168,6502.42,14097247
2024,4,1,2024-04,1615,545,5214.98,2842164
2024,4,1,2024-04,1616,1798,4164.95,7488580
2024,4,1,2024-04,1617,992,5401.94,5358724
2024,4,1,2024-04,1618,1481,7425.99,10997891
2024,4,1,2024-04,1619,1080,6245.03,6744632
2024,4,1,2024-04,1620,1393,6424.29,8949036
2024,4,1,2024-04,1621,2211,6315.54,13963659
2024,4,1,2024-04,1622,1503,4706.85,7074396
2024,4,1,2024-04,1623,1858,5456.33,10137861
2024,4,1,2024-04,1624,1948,6653.6,12961213
2024,4,1,2024-04,1625,1911,4380.84,8371785
2024,4,1,2024-04,1626,1711,5056.91,8652373
2024,4,1,2024-04,1627,828,4960.64,4107410
2024,4,1,2024-04,1628,1404,5516.17,7744703
2024,4,1,2024-04,1629,815,7506.41,6117724
2024,4,1,2024-04,1630,1553,4295.91,6671548
2024,4,1,2024-04,1631,1534,5952.77,9131549
2024,4,1,2024-04,1632,1046,4667.8,4882519
2024,4,1,2024-04,1633,863,7455.14,6433786
2024,4,1,2024-04,1634,680,4392.45,2986866
2024,4,1,2024-04,1635,1729,5525.17,9553019
2024,4,1,2024-04,1636,1303,6598.59,8597963
2024,4,1,2024-04,1637,1607,6545.29,10518281
2024,4,1,2024-04,1638,1849,5590.93,10337630
2024,4,1,2024-04,1639,1819,5252.78,9554807
2024,4,1,2024-04,1640,1125,5393.42,6067598
2024,4,1,2024-04,1641,1528,4990.44,7625392
2024,4,1,2024-04,1642,1377,4761.12,6556062
2024,4,1,2024-04,1643,683,5767.86,3939448
2024,4,1,2024-04,1644,1726,5007.84,8643532
2024,4,1,2024-04,1645,879,5072.6,4458815
2024,4,1,2024-04,1646,883,6379.45,5633054
2024,4,1,2024-04,1647,1109,7508.34,8326749
2024,4,1,2024-04,1648,1562,6237.42,9742850
2024,4,1,2024-04,1649,1788,4263.5,7623138
2024,4,1,2024-04,1650,1690,4281.83,7236293
2024,4,1,2024-04,1651,1947,7452.57,14510154
2024,4,1,2024-04,1652,1150,5081.07,5843230
2024,4,1,2024-04,1653,1236,4295.69,5309473
2024,4,1,2024-04,1654,2016,6175.32,12449445
2024,4,1,2024-04,1655,1863,6225.96,11598963
2024,4,1,2024-04,1656,1584,6432.12,10188478
2024,4,1,2024-04,1657,1900,5022.47,9542693
2024,4,1,2024-04,1658,1298,4130.33,5361168
2024,4,1,2024-04,1659,1645,7467.19,12283528
2024,4,1,2024-04,1660,1769,4932.87,8726247
2024,4,1,2024-04,1661,1905,6419.43,12229014
2024,4,1,2024-04,1662,1441,6506.25,9375506
2024,4,1,2024-04,1663,2160,6158.4,13302144
2024,4,1,2024-04,1664,999,5236.18,5230944
2024,4,1,2024-04,1665,1428,5008.8,7152566
2024,4,1,2024-04,1666,2023,6095.91,12332026
2024,4,1,2024-04,1667,663,7155.86,4744335
2024,4,1,2024-04,1668,1718,7518.17,12916216
2024,4,1,2024-04,1669,1872,4332.8,8111002
2024,4,1,2024-04,1670,1495,4603.37,6882038
2024,4,1,2024-04,1671,1884,7342.49,13833251
2024,4,1,2024-04,1672,1633,6702.6,10945346
2024,4,1,2024-04,1673,2184,7076.57,15455229
2024,4,1,2024-04,1674,1696,4750.36,8056611
2024,4,1,2024-04,1675,843,6139.45,5175556
2024,4,1,2024-04,1676,1025,6462.08,6623632
2024,4,1,2024-04,1677,1769,6469.39,11444351
2024,4,1,2024-04,1678,1889,5458.74,10311560
2024,4,1,2024-04,1679,1383,4156.7,5748716
2024,4,1,2024-04,1680,1108,6038.79,6690979
2024,4,1,2024-04,1681,803,4967.66,3989031
2024,4,1,2024-04,1682,1919,5625.28,10794912
2024,4,1,2024-04,1683,1657,7497.02,12422562
2024,4,1,2024-04,1684,1390,5506.39,7653882
2024,4,1,2024-04,1685,1501,7007.51,10518273
2024,4,1,2024-04,1686,1323,4694.55,6210890
2024,4,1,2024-04,1687,1919,6463.02,12402535
2024,4,1,2024-04,1688,1847,7531.56,13910791
2024,4,1,2024-04,1689,1946,4382.32,8527995
2024,4,1,2024-04,1690,646,4016.43,2594614
2024,4,1,2024-04,1691,1009,5586.77,5637051
2024,4,1,2024-04,1692,1181,4304.55,5083674
2024,4,1,2024-04,1693,644,6722.02,4328981
2024,4,1,2024-04,1694,1581,7335.34,11597173
2024,4,1,2024-04,1695,1749,5534.72,9680225
2024,4,1,2024-04,1696,1769,4928,8717632
2024,4,1,2024-04,1697,828,5544.88,4591161
2024,4,1,2024-04,1698,2140,6651.36,14233910
2024,4,1,2024-04,1699,1992,4059.01,8085548
2024,4,1,2024-04,1700,860,6109.67,5254316
2024,4,1,2024-04,1701,1846,6240.28,11519557
2024,4,1,2024-04,1702,934,6276.5,5862251
2024,4,1,2024-04,1703,1607,4878.1,7839107
2024,4,1,2024-04,1704,750,6520.26,4890195
2024,4,1,2024-04,1705,1091,4387.89,4787188
2024,4,1,2024-04,1706,1367,4685.69,6405338
2024,4,1,2024-04,1707,1423,7217.63,10270687
2024,4,1,2024-04,1708,1625,6669.16,10837385
2024,4,1,2024-04,1709,1022,4066.23,4155687
2024,4,1,2024-04,1710,1287,4909.34,6318321
2024,4,1,2024-04,1711,2107,4865.74,10252114
2024,4,1,2024-04,1712,1854,4929.33,9138978
2024,4,1,2024-04,1713,1024,4849.77,4966164
2024,4,1,2024-04,1714,1062,4290.39,4556394
2024,4,1,2024-04,1715,895,5619.29,5029265
2024,4,1,2024-04,1716,1374,6603.78,9073594
2024,4,1,2024-04,1717,476,6167.81,2935878
2024,4,1,2024-04,1718,603,6474.24,3903967
2024,4,1,2024-04,1719,1224,4350.06,5324473
2024,4,1,2024-04,1720,1428,7410.74,10582537
2024,4,1,2024-04,1721,1677,7032.18,11792966
2024,4,1,2024-04,1722,1683,6911.99,11632879
2024,4,1,2024-04,1723,1345,6913.75,9298994
2024,4,1,2024-04,1724,1109,7308.07,8104650
2024,4,1,2024-04,1725,1921,5873.31,11282629
2024,4,1,2024-04,1726,1130,4805.51,5430226
2024,4,1,2024-04,1727,878,6193.44,5437840
2024,4,1,2024-04,1728,2146,6673.84,14322061
2024,4,1,2024-04,1729,961,6679.78,6419269
2024,4,1,2024-04,1730,925,5839.94,5401944
2024,4,1,2024-04,1731,2034,4230.23,8604288
2024,4,1,2024-04,1732,1239,5306.14,6574307
2024,4,1,2024-04,1733,848,7177.18,6086249
2024,4,1,2024-04,1734,1943,6105.36,11862714
2024,4,1,2024-04,1735,1919,6049.02,11608069
2024,4,1,2024-04,1736,1784,4959.12,8847070
2024,4,1,2024-04,1737,2009,5315.48,10678799
2024,4,1,2024-04,1738,743,7200.25,5349786
2024,4,1,2024-04,1739,1076,6414.76,6902282
2024,4,1,2024-04,1740,1803,6871.59,12389477
2024,4,1,2024-04,1741,1589,5606.82,8909237
2024,4,1,2024-04,1742,1193,6292.42,7506857
2024,4,1,2024-04,1743,1168,4906.09,5730313
2024,4,1,2024-04,1744,1685,6553.25,11042226
2024,4,1,2024-04,1745,1260,5569.31,7017331
2024,4,1,2024-04,1746,1219,5558.43,6775726
2024,4,1,2024-04,1747,1721,6315.95,10869750
2024,4,1,2024-04,1748,1915,7383.66,14139709
2024,4,1,2024-04,1749,1160,4246.19,4925580
2024,4,1,2024-04,1750,1322,7000.79,9255044
2024,4,1,2024-04,1751,2230,5056.84,11276753
2024,4,1,2024-04,1752,1180,5652.66,6670139
2024,4,1,2024-04,1753,1824,4014.09,7321700
2024,4,1,2024-04,1754,1902,5112.29,9723576
2024,4,1,2024-04,1755,1664,5758.51,9582161
2024,4,1,2024-04,1756,2099,4275.04,8973309
2024,4,1,2024-04,1757,1066,5768.69,6149424
2024,4,1,2024-04,1758,1255,7314.83,9180112
2024,4,1,2024-04,1759,2150,4362.9,9380235
2024,4,1,2024-04,1760,783,6779.97,5308717
2024,4,1,2024-04,1761,1545,5510.64,8513939
2024,4,1,2024-04,1762,884,6347.81,5611464
2024,4,1,2024-04,1763,1760,4982.16,8768602
2024,4,1,2024-04,1764,1454,4602.91,6692631
2024,4,1,2024-04,1765,1083,4600.31,4982136
2024,4,1,2024-04,1766,1968,4310.85,8483753
2024,4,1,2024-04,1767,2013,4767.75,9597481
2024,4,1,2024-04,1768,1582,6405.42,10133374
2024,4,1,2024-04,1769,693,7180.95,4976398
2024,4,1,2024-04,1770,1594,6968.61,11107964
2024,4,1,2024-04,1771,958,6424.46,6154633
2024,4,1,2024-04,1772,1598,4409.8,7046860
2024,4,1,2024-04,1773,1271,5038.08,6403400
2024,4,1,2024-04,1774,1492,5142.49,7672595
2024,4,1,2024-04,1775,1537,4925.32,7570217
2024,4,1,2024-04,1776,794,5939.81,4716209
2024,4,1,2024-04,1777,1254,6001.41,7525768
2024,4,1,2024-04,1778,1870,5228.68,9777632
2024,4,1,2024-04,1779,1110,5301.88,5885087
2024,4,1,2024-04,1780,963,7010.6,6751208
2024,4,1,2024-04,1781,2027,6842.51,13869768
2024,4,1,2024-04,1782,1594,5098.58,8127137
2024,4,1,2024-04,1783,1233,7344.69,9056003
2024,4,1,2024-04,1784,940,7436.67,6990470
2024,4,1,2024-04,1785,1453,5142.41,7471922
2024,4,1,2024-04,1786,1327,5331.99,7075551
2024,4,1,2024-04,1787,1795,5848.3,10497698
2024,4,1,2024-04,1788,1853,7351.15,13621681
2024,4,1,2024-04,1789,962,7114.69,6844332
2024,4,1,2024-04,1790,1092,4354.18,4754765
2024,4,1,2024-04,1791,1716,5477.93,9400128
2024,4,1,2024-04,1792,769,6024,4632456
2024,4,1,2024-04,1793,1504,5861.37,8815500
2024,4,1,2024-04,1794,1690,4724.74,7984811
2024,4,1,2024-04,1795,1422,7055.96,10033575
2024,4,1,2024-04,1796,700,6402.36,4481652
2024,4,1,2024-04,1797,1692,7060.37,11946146
2024,4,1,2024-04,1798,1244,7106.53,8840523
2024,4,1,2024-04,1799,1365,6680.8,9119292
2024,4,1,2024-04,1800,2100,5591.36,11741856
2024,4,1,2024-04,1801,1382,6246.27,8632345
2024,4,1,2024-04,1802,1803,4621.44,8332456
2024,4,1,2024-04,1803,1148,6422.2,7372686
2024,4,1,2024-04,1804,1800,4661.37,8390466
2024,4,1,2024-04,1805,1205,6472.18,7798977
2024,4,1,2024-04,1806,496,4844.01,2402629
2024,4,1,2024-04,1807,1905,4430.48,8440064
2024,4,1,2024-04,1808,1278,4611.38,5893344
2024,4,1,2024-04,1809,1270,4007,5088890
2024,4,1,2024-04,1810,1000,6526.86,6526860
2024,4,1,2024-04,1811,1600,6678.78,10686048
2024,4,1,2024-04,1812,1560,5886.2,9182472
2024,4,1,2024-04,1813,1932,4587.71,8863456
2024,4,1,2024-04,1814,1578,4307.72,6797582
2024,4,1,2024-04,1815,1618,4029.98,6520508
2024,4,1,2024-04,1816,1719,4663.25,8016127
2024,4,1,2024-04,1817,2315,7257.31,16800673
2024,4,1,2024-04,1818,1632,4881.58,7966739
2024,4,1,2024-04,1819,2024,5302.23,10731714
2024,4,1,2024-04,1820,1348,4355.41,5871093
2024,4,1,2024-04,1821,2249,4821.01,10842451
2024,4,1,2024-04,1822,1474,5844.76,8615176
2024,4,1,2024-04,1823,823,6160.59,5070166
2024,4,1,2024-04,1824,920,4886.16,4495267
2024,4,1,2024-04,1825,1354,4211.03,5701735
2024,4,1,2024-04,1826,559,5412.84,3025778
2024,4,1,2024-04,1827,2319,4906.94,11379194
2024,4,1,2024-04,1828,2034,4712.11,9584432
2024,4,1,2024-04,1829,1825,7422.95,13546884
2024,4,1,2024-04,1830,1237,6250.3,7731621
2024,4,1,2024-04,1831,1527,6018.74,9190616
2024,4,1,2024-04,1832,1776,5471.75,9717828
2024,4,1,2024-04,1833,1782,5648.53,10065680
2024,4,1,2024-04,1834,1669,6074.36,10138107
2024,4,1,2024-04,1835,1550,6506.9,10085695
2024,4,1,2024-04,1836,1275,6483.36,8266284
2024,4,1,2024-04,1837,2108,4625.19,9749901
2024,4,1,2024-04,1838,1054,5756.84,6067709
2024,4,1,2024-04,1839,922,5511.25,5081372
2024,4,1,2024-04,1840,1734,7154.29,12405539
2024,4,1,2024-04,1841,1010,6320.12,6383321
2024,4,1,2024-04,1842,1781,5941.04,10580992
2024,4,1,2024-04,1843,1887,4446.03,8389659
2024,4,1,2024-04,1844,1364,6138.51,8372928
2024,4,1,2024-04,1845,1343,4387.18,5891983
2024,4,1,2024-04,1846,1619,5135.74,8314763
2024,4,1,2024-04,1847,739,4537.25,3353028
2024,4,1,2024-04,1848,1193,6530.91,7791376
2024,4,1,2024-04,1849,891,4811.54,4287082
2024,4,1,2024-04,1850,1605,5459.25,8762096
2024,4,1,2024-04,1851,1446,7201.54,10413427
2024,4,1,2024-04,1852,1112,4836.48,5378166
2024,4,1,2024-04,1853,1537,5792.3,8902765
2024,4,1,2024-04,1854,1491,5474.51,8162494
2024,4,1,2024-04,1855,1288,4123.39,5310926
2024,4,1,2024-04,1856,1606,6914.36,11104462
2024,4,1,2024-04,1857,1433,4351.14,6235184
2024,4,1,2024-04,1858,734,5760.23,4228009
2024,4,1,2024-04,1859,1026,6056.59,6214061
2024,4,1,2024-04,1860,1992,6301.69,12552966
2024,4,1,2024-04,1861,1822,6467.27,11783366
2024,4,1,2024-04,1862,1334,4891.33,6525034
2024,4,1,2024-04,1863,1761,4072.21,7171162
2024,4,1,2024-04,1864,1533,6527.62,10006841
2024,4,1,2024-04,1865,1367,5920.43,8093228
2024,4,1,2024-04,1866,1541,6981.81,10758969
2024,4,1,2024-04,1867,1232,6979.42,8598645
2024,4,1,2024-04,1868,991,7041.3,6977928
2024,4,1,2024-04,1869,921,5820.91,5361058
2024,4,1,2024-04,1870,2039,5250.92,10706626
2024,4,1,2024-04,1871,1295,6818.04,8829362
2024,4,1,2024-04,1872,923,5663.75,5227641
2024,4,1,2024-04,1873,1624,4600.66,7471472
2024,4,1,2024-04,1874,1172,7105.89,8328103
2024,4,1,2024-04,1875,827,7137.72,5902894
2024,4,1,2024-04,1876,912,5659.68,5161628
2024,4,1,2024-04,1877,1906,4354.63,8299925
2024,4,1,2024-04,1878,1265,5424.7,6862246
2024,4,1,2024-04,1879,1822,6880.83,12536872
2024,4,1,2024-04,1880,1433,7285.55,10440193
2024,4,1,2024-04,1881,592,4816.11,2851137
2024,4,1,2024-04,1882,638,4218.09,2691141
2024,4,1,2024-04,1883,1771,7120.6,12610583
2024,4,1,2024-04,1884,1298,5449.31,7073204
2024,4,1,2024-04,1885,1402,5969.87,8369758
2024,4,1,2024-04,1886,704,7392.44,5204278
2024,4,1,2024-04,1887,2125,4341.84,9226410
2024,4,1,2024-04,1888,2169,6314.36,13695847
2024,4,1,2024-04,1889,1432,4243.29,6076391
2024,4,1,2024-04,1890,936,5363.63,5020358
2024,4,1,2024-04,1891,1956,6931.1,13557232
2024,4,1,2024-04,1892,995,5621,5592895
2024,4,1,2024-04,1893,1369,7582.59,10380566
2024,4,1,2024-04,1894,1855,6131.87,11374619
2024,4,1,2024-04,1895,1945,5296.5,10301692
2024,4,1,2024-04,1896,2328,4829.3,11242610
2024,4,1,2024-04,1897,1351,5271.36,7121607
2024,4,1,2024-04,1898,2122,5337.49,11326154
2024,4,1,2024-04,1899,1708,4262.41,7280196
2024,4,1,2024-04,1900,769,5409.37,4159806
2024,4,1,2024-04,1901,1319,5694.76,7511388
2024,4,1,2024-04,1902,1303,6640.57,8652663
2024,4,1,2024-04,1903,1615,6397.26,10331575
2024,4,1,2024-04,1904,862,6578.87,5670986
2024,4,1,2024-04,1905,699,4103.1,2868067
2024,4,1,2024-04,1906,742,4837.66,3589544
2024,4,1,2024-04,1907,1403,6405.15,8986425
2024,4,1,2024-04,1908,1419,5833.09,8277155
2024,4,1,2024-04,1909,826,3983.84,3290652
2024,4,1,2024-04,1910,1740,6905.67,12015866
2024,4,1,2024-04,1911,1710,6756.21,11553119
2024,4,1,2024-04,1912,848,6021.2,5105978
2024,4,1,2024-04,1913,1870,4187.72,7831036
2024,4,1,2024-04,1914,1511,6768,10226448
2024,4,1,2024-04,1915,610,6127.38,3737702
2024,4,1,2024-04,1916,876,6867.61,6016026
2024,4,1,2024-04,1917,710,6685.82,4746932
2024,4,1,2024-04,1918,1653,7013.17,11592770
2024,4,1,2024-04,1919,537,5844.99,3138760
2024,4,1,2024-04,1920,1472,4473.41,6584860
2024,4,1,2024-04,1921,1090,6444.74,7024767
2024,4,1,2024-04,1922,2046,6231.01,12748646
2024,4,1,2024-04,1923,849,6753.85,5734019
2024,4,1,2024-04,1924,1199,4558.48,5465618
2024,4,1,2024-04,1925,910,4721.11,4296210
2024,4,1,2024-04,1926,1676,7236.1,12127704
2024,4,1,2024-04,1927,1816,6668.54,12110069
2024,4,1,2024-04,1928,2185,7200.17,15732371
2024,4,1,2024-04,1929,859,6794.86,5836785
2024,4,1,2024-04,1930,2165,6115.83,13240772
2024,4,1,2024-04,1931,1299,6403.74,8318458
2024,4,1,2024-04,1932,1929,7153.13,13798388
2024,4,1,2024-04,1933,1408,6073.82,8551939
2024,4,1,2024-04,1934,1904,6313.32,12020561
2024,4,1,2024-04,1935,2036,4598.16,9361854
2024,4,1,2024-04,1936,1700,5672.26,9642842
2024,4,1,2024-04,1937,1817,6602.67,11997051
2024,4,1,2024-04,1938,799,4892.64,3909219
2024,4,1,2024-04,1939,1033,4691.45,4846268
2024,4,1,2024-04,1940,1161,5221.86,6062579
2024,4,1,2024-04,1941,483,4877.77,2355963
2024,4,1,2024-04,1942,1157,4822.91,5580107
2024,4,1,2024-04,1943,1847,5570.2,10288159
2024,4,1,2024-04,1944,908,7245.95,6579323
2024,4,1,2024-04,1945,1666,5837.62,9725475
2024,4,1,2024-04,1946,1892,4641.58,8781869
2024,4,1,2024-04,1947,1850,4304.58,7963473
2024,4,1,2024-04,1948,782,6484.55,5070918
2024,4,1,2024-04,1949,1046,5483.38,5735615
2024,4,1,2024-04,1950,1699,6923.2,11762517
2024,4,1,2024-04,1951,1226,6399.05,7845235
2024,4,1,2024-04,1952,1699,6851.19,11640172
2024,4,1,2024-04,1953,1361,5030.57,6846606
2024,4,1,2024-04,1954,1312,6432.03,8438823
2024,4,1,2024-04,1955,786,4959.92,3898497
2024,4,1,2024-04,1956,1618,7399.45,11972310
2024,4,1,2024-04,1957,1748,6304.04,11019462
2024,4,1,2024-04,1958,1704,5203.72,8867139
2024,4,1,2024-04,1959,1708,4947.98,8451150
2024,4,1,2024-04,1960,872,4689.48,4089227
2024,4,1,2024-04,1961,1560,6500.37,10140577
2024,4,1,2024-04,1962,1935,4839.26,9363968
2024,4,1,2024-04,1963,1919,6209.86,11916721
2024,4,1,2024-04,1964,909,4884.28,4439811
2024,4,1,2024-04,1965,1713,6370.33,10912375
2024,4,1,2024-04,1966,1528,6900.53,10544010
2024,4,1,2024-04,1967,2036,6763.75,13770995
2024,4,1,2024-04,1968,1308,6749.31,8828097
2024,4,1,2024-04,1969,1011,4695.11,4746756
2024,4,1,2024-04,1970,1505,4288.94,6454855
2024,4,1,2024-04,1971,1109,6463.88,7168443
2024,4,1,2024-04,1972,1035,5358.5,5546048
2024,4,1,2024-04,1973,1651,5516.81,9108253
2024,4,1,2024-04,1974,1337,4104.07,5487142
2024,4,1,2024-04,1975,1152,4991.42,5750116
2024,4,1,2024-04,1976,2078,4152.11,8628085
2024,4,1,2024-04,1977,939,7228.91,6787946
2024,4,1,2024-04,1978,1413,4887.35,6905826
2024,4,1,2024-04,1979,1690,6112.1,10329449
2024,4,1,2024-04,1980,1389,4154.99,5771281
2024,4,1,2024-04,1981,1273,6456.01,8218501
2024,4,1,2024-04,1982,967,5138.32,4968755
2024,4,1,2024-04,1983,1257,7196.81,9046390
2024,4,1,2024-04,1984,751,7267.25,5457705
2024,4,1,2024-04,1985,1946,5152.9,10027543
2024,4,1,2024-04,1986,918,7227.13,6634505
2024,4,1,2024-04,1987,1645,7546.6,12414157
2024,4,1,2024-04,1988,2036,7018.13,14288913
2024,4,1,2024-04,1989,1441,6982.49,10061768
2024,4,1,2024-04,1990,805,4971.02,4001671
2024,4,1,2024-04,1991,1571,6091.68,9570029
2024,4,1,2024-04,1992,815,4272.48,3482071
2024,4,1,2024-04,1993,1072,4360.13,4674059
2024,4,1,2024-04,1994,1281,7642.4,9789914
2024,4,1,2024-04,1995,1136,5179.13,5883492
2024,4,1,2024-04,1996,1306,6660.14,8698143
2024,4,1,2024-04,1997,1859,6924.09,12871883
2024,4,1,2024-04,1998,1962,7079.96,13890882
2024,4,1,2024-04,1999,947,7669.84,7263338
2024,4,1,2024-04,2000,1505,4926.43,7414277
2024,4,1,2024-04,2001,861,4183.76,3602217
2024,4,1,2024-04,2002,1663,5555.03,9238015
2024,4,1,2024-04,2003,1340,4422.82,5926579
2024,4,1,2024-04,2004,1212,4129.48,5004930
2024,4,1,2024-04,2005,2068,5314.07,10989497
2024,4,1,2024-04,2006,1674,6809.77,11399555
2024,4,1,2024-04,2007,1365,6030.51,8231646
2024,4,1,2024-04,2008,1256,5189.67,6518226
2024,4,1,2024-04,2009,1080,6273.75,6775650
2024,4,1,2024-04,2010,1988,4872.86,9687246
2024,4,1,2024-04,2011,1626,4011.18,6522179
2024,4,1,2024-04,2012,1195,6738.79,8052854
2024,4,1,2024-04,2013,1262,6246.14,7882629
2024,4,1,2024-04,2014,2044,6815.22,13930310
2024,4,1,2024-04,2015,995,4139.1,4118405
2024,4,1,2024-04,2016,1898,7011.71,13308226
2024,4,1,2024-04,2017,1357,6178.08,8383655
2024,4,1,2024-04,2018,2052,6055.98,12426871
2024,4,1,2024-04,2019,1877,6191.62,11621671
2024,4,1,2024-04,2020,1076,7026.64,7560665
2024,4,1,2024-04,2021,698,6049.26,4222383
2024,4,1,2024-04,2022,1442,6083.05,8771758
2024,4,1,2024-04,2023,1465,7546.31,11055344
2024,4,1,2024-04,2024,1513,6773.68,10248578
2024,4,1,2024-04,2025,808,5669.89,4581271
2024,4,1,2024-04,2026,1539,6614.11,10179115
2024,4,1,2024-04,2027,1181,5463.97,6452949
2024,4,1,2024-04,2028,1879,4933.78,9270573
2024,4,1,2024-04,2029,1482,6173.01,9148401
2024,4,1,2024-04,2030,1275,7355.12,9377778
2024,4,1,2024-04,2031,1043,7419.61,7738653
2024,4,1,2024-04,2032,669,5193.29,3474311
2024,4,1,2024-04,2033,1094,5948.15,6507276
2024,4,1,2024-04,2034,889,4776.79,4246566
2024,4,1,2024-04,2035,1208,7634.48,9222452
2024,4,1,2024-04,2036,1790,7575.92,13560897
2024,4,1,2024-04,2037,1304,6332.89,8258089
2024,4,1,2024-04,2038,988,6838.43,6756369
2024,4,1,2024-04,2039,951,6634.9,6309790
2024,4,1,2024-04,2040,678,6118.06,4148045
2024,4,1,2024-04,2041,971,4219.94,4097562
2024,4,1,2024-04,2042,928,5595.51,5192633
2024,4,1,2024-04,2043,1532,6414.19,9826539
2024,4,1,2024-04,2044,829,6485.94,5376844
2024,4,1,2024-04,2045,1418,5372.08,7617609
2024,4,1,2024-04,2046,1806,7348.34,13271102
2024,4,1,2024-04,2047,1417,4536.48,6428192
2024,4,1,2024-04,2048,898,5839.42,5243799
2024,4,1,2024-04,2049,797,6469.13,5155897
2024,4,1,2024-04,2050,1759,6517.98,11465127
2024,4,1,2024-04,2051,1884,6331.02,11927642
2024,4,1,2024-04,2052,1136,4986.75,5664948
2024,4,1,2024-04,2053,2005,4609.16,9241366
2024,4,1,2024-04,2054,1961,6252.82,12261780
2024,4,1,2024-04,2055,997,6167.99,6149486
2024,4,1,2024-04,2056,900,4682.47,4214223
2024,4,1,2024-04,2057,1761,6599.29,11621350
2024,4,1,2024-04,2058,1910,5649.67,10790870
2024,4,1,2024-04,2059,918,6351.73,5830888
2024,4,1,2024-04,2060,2090,7040.51,14714666
2024,4,1,2024-04,2061,1689,4589.52,7751699
2024,4,1,2024-04,2062,1417,4062.38,5756392
2024,4,1,2024-04,2063,1050,6779.89,7118884
2024,4,1,2024-04,2064,1303,6190.01,8065583
2024,4,1,2024-04,2065,1481,6577.22,9740863
2024,4,1,2024-04,2066,1641,7042.3,11556414
2024,4,1,2024-04,2067,1939,6837.43,13257777
2024,4,1,2024-04,2068,1830,7518.78,13759367
2024,4,1,2024-04,2069,770,5983.05,4606948
2024,4,1,2024-04,2070,2090,5784.89,12090420
2024,4,1,2024-04,2071,1532,5353.03,8200842
2024,4,1,2024-04,2072,1115,4534.31,5055756
2024,4,1,2024-04,2073,1014,6066.47,6151401
2024,4,1,2024-04,2074,1242,5086.53,6317470
2024,4,1,2024-04,2075,1504,7369.11,11083141
2024,4,1,2024-04,2076,2015,6060.36,12211625
2024,4,1,2024-04,2077,1744,6062.6,10573174
2024,4,1,2024-04,2078,1914,5281.65,10109078
2024,4,1,2024-04,2079,1385,4215.97,5839118
2024,4,1,2024-04,2080,2003,4081.6,8175445
2024,4,1,2024-04,2081,755,5494.6,4148423
2024,4,1,2024-04,2082,968,4421.03,4279557
2024,4,1,2024-04,2083,613,6171.33,3783025
2024,4,1,2024-04,2084,2199,7152.1,15727468
2024,5,1,2024-05,1,1818,7180.69,13054494
2024,5,1,2024-05,2,2187,4765.45,10422039
2024,5,1,2024-05,3,1708,4424.72,7557422
2024,5,1,2024-05,4,2050,5107.85,10471092
2024,5,1,2024-05,5,1927,4283.57,8254439
2024,5,1,2024-05,6,1903,6024.85,11465290
2024,5,1,2024-05,7,2235,7416.65,16576213
2024,5,1,2024-05,8,1020,4211.01,4295230
2024,5,1,2024-05,9,1165,4566.06,5319460
2024,5,1,2024-05,10,2030,5700.96,11572949
2024,5,1,2024-05,11,1239,7420.05,9193442
2024,5,1,2024-05,12,2425,5180.28,12562179
2024,5,1,2024-05,13,708,5919.88,4191275
2024,5,1,2024-05,14,2039,4214.91,8594201
2024,5,1,2024-05,15,1992,4574.45,9112304
2024,5,1,2024-05,16,1608,7688.97,12363864
2024,5,1,2024-05,17,850,7501.83,6376556
2024,5,1,2024-05,18,2168,4051.91,8784541
2024,5,1,2024-05,19,1677,7518.99,12609346
2024,5,1,2024-05,20,1127,6382.04,7192559
2024,5,1,2024-05,21,2017,7138.48,14398314
2024,5,1,2024-05,22,1555,5689.71,8847499
2024,5,1,2024-05,23,1059,5940.62,6291117
2024,5,1,2024-05,24,2095,5824.53,12202390
2024,5,1,2024-05,25,2014,6485.91,13062623
2024,5,1,2024-05,26,1124,4568.1,5134544
2024,5,1,2024-05,27,2050,4213.66,8638003
2024,5,1,2024-05,28,1370,5155.25,7062692
2024,5,1,2024-05,29,2312,6556.48,15158582
2024,5,1,2024-05,30,764,4837.84,3696110
2024,5,1,2024-05,31,1059,6487.09,6869828
2024,5,1,2024-05,32,1674,7563.34,12661031
2024,5,1,2024-05,33,1556,4460.16,6940009
2024,5,1,2024-05,34,1106,6445.26,7128458
2024,5,1,2024-05,35,1839,5677.98,10441805
2024,5,1,2024-05,36,1474,7273.51,10721154
2024,5,1,2024-05,37,2329,4695.06,10934795
2024,5,1,2024-05,38,1456,6488.23,9446863
2024,5,1,2024-05,39,1910,7098.9,13558899
2024,5,1,2024-05,40,1068,7367.2,7868170
2024,5,1,2024-05,41,1677,6459.64,10832816
2024,5,1,2024-05,42,1476,5845.03,8627264
2024,5,1,2024-05,43,1647,6274.26,10333706
2024,5,1,2024-05,44,1392,7180.3,9994978
2024,5,1,2024-05,45,2156,6206.22,13380610
2024,5,1,2024-05,46,1349,4182.13,5641693
2024,5,1,2024-05,47,1845,7367.34,13592742
2024,5,1,2024-05,48,1660,6502.6,10794316
2024,5,1,2024-05,49,793,6464.47,5126325
2024,5,1,2024-05,50,1852,4785.18,8862153
2024,5,1,2024-05,51,826,6447.26,5325437
2024,5,1,2024-05,52,2046,5489.51,11231537
2024,5,1,2024-05,53,1226,6415.74,7865697
2024,5,1,2024-05,54,1375,4486.41,6168814
2024,5,1,2024-05,55,1280,6446.21,8251149
2024,5,1,2024-05,56,812,7575.58,6151371
2024,5,1,2024-05,57,1140,4229.3,4821402
2024,5,1,2024-05,58,1458,7547.55,11004328
2024,5,1,2024-05,59,2214,5584.48,12364039
2024,5,1,2024-05,60,1339,7244.36,9700198
2024,5,1,2024-05,61,1590,6843.78,10881610
2024,5,1,2024-05,62,2232,6049.48,13502439
2024,5,1,2024-05,63,1068,6713.24,7169740
2024,5,1,2024-05,64,2132,7191.8,15332918
2024,5,1,2024-05,65,1819,5508.86,10020616
2024,5,1,2024-05,66,2265,5292.05,11986493
2024,5,1,2024-05,67,2277,6465.25,14721374
2024,5,1,2024-05,68,1422,6932.25,9857660
2024,5,1,2024-05,69,1761,6761.55,11907090
2024,5,1,2024-05,70,996,6853.41,6825996
2024,5,1,2024-05,71,928,5650.18,5243367
2024,5,1,2024-05,72,1756,7002.2,12295863
2024,5,1,2024-05,73,1983,4524.34,8971766
2024,5,1,2024-05,74,1914,6012.91,11508710
2024,5,1,2024-05,75,1771,4042.87,7159923
2024,5,1,2024-05,76,2354,5231.12,12314056
2024,5,1,2024-05,77,1254,5429.38,6808443
2024,5,1,2024-05,78,1996,5486.8,10951653
2024,5,1,2024-05,79,2101,6626.58,13922445
2024,5,1,2024-05,80,1576,5468.34,8618104
2024,5,1,2024-05,81,1261,5760.22,7263637
2024,5,1,2024-05,82,1410,5010.08,7064213
2024,5,1,2024-05,83,997,5361.96,5345874
2024,5,1,2024-05,84,1262,4852.09,6123338
2024,5,1,2024-05,85,1891,4310.58,8151307
2024,5,1,2024-05,86,1437,6147.29,8833656
2024,5,1,2024-05,87,1646,6476.24,10659891
2024,5,1,2024-05,88,2176,6301.07,13711128
2024,5,1,2024-05,89,1211,5733.16,6942857
2024,5,1,2024-05,90,2328,5370.62,12502803
2024,5,1,2024-05,91,1971,7223.42,14237361
2024,5,1,2024-05,92,1938,5838.34,11314703
2024,5,1,2024-05,93,1011,5720.98,5783911
2024,5,1,2024-05,94,1732,4201.26,7276582
2024,5,1,2024-05,95,989,5302.31,5243985
2024,5,1,2024-05,96,1654,5399.5,8930773
2024,5,1,2024-05,97,1859,5496.11,10217268
2024,5,1,2024-05,98,1470,6146.87,9035899
2024,5,1,2024-05,99,1057,6027.79,6371374
2024,5,1,2024-05,100,1512,6185.33,9352219
2024,5,1,2024-05,101,1169,6813.61,7965110
2024,5,1,2024-05,102,1095,7020.74,7687710
2024,5,1,2024-05,103,1356,6588.63,8934182
2024,5,1,2024-05,104,1867,7478.74,13962808
2024,5,1,2024-05,105,1967,4132.28,8128195
2024,5,1,2024-05,106,838,4696.15,3935374
2024,5,1,2024-05,107,962,4109.99,3953810
2024,5,1,2024-05,108,1107,6397.16,7081656
2024,5,1,2024-05,109,2186,7343.14,16052104
2024,5,1,2024-05,110,1866,4938.11,9214513
2024,5,1,2024-05,111,1370,7399.05,10136698
2024,5,1,2024-05,112,2337,4351.24,10168848
2024,5,1,2024-05,113,2031,7376.89,14982464
2024,5,1,2024-05,114,2161,5271.99,11392770
2024,5,1,2024-05,115,1335,4437.4,5923929
2024,5,1,2024-05,116,862,5795.52,4995738
2024,5,1,2024-05,117,1239,4982.44,6173243
2024,5,1,2024-05,118,883,5067.8,4474867
2024,5,1,2024-05,119,1244,5129.07,6380563
2024,5,1,2024-05,120,935,6978.68,6525066
2024,5,1,2024-05,121,1871,5993.73,11214269
2024,5,1,2024-05,122,751,5282.25,3966970
2024,5,1,2024-05,123,1724,6201.93,10692127
2024,5,1,2024-05,124,810,6716.78,5440592
2024,5,1,2024-05,125,1061,5056.27,5364702
2024,5,1,2024-05,126,1433,5547.04,7948908
2024,5,1,2024-05,127,1808,4455.44,8055436
2024,5,1,2024-05,128,2082,4686.73,9757772
2024,5,1,2024-05,129,2085,6558.07,13673576
2024,5,1,2024-05,130,1123,4597.62,5163127
2024,5,1,2024-05,131,1057,5863.89,6198132
2024,5,1,2024-05,132,1675,6528.6,10935405
2024,5,1,2024-05,133,783,4504.09,3526702
2024,5,1,2024-05,134,1570,6125.78,9617475
2024,5,1,2024-05,135,1333,4940.18,6585260
2024,5,1,2024-05,136,1764,7486.26,13205763
2024,5,1,2024-05,137,1538,5801.94,8923384
2024,5,1,2024-05,138,2112,6993.12,14769469
2024,5,1,2024-05,139,1441,5988.56,8629515
2024,5,1,2024-05,140,1825,4230.82,7721246
2024,5,1,2024-05,141,2127,6314.7,13431367
2024,5,1,2024-05,142,1235,7461.71,9215212
2024,5,1,2024-05,143,1408,6177.25,8697568
2024,5,1,2024-05,144,907,7003.78,6352428
2024,5,1,2024-05,145,1842,7191.25,13246282
2024,5,1,2024-05,146,1707,4888.38,8344465
2024,5,1,2024-05,147,1202,4897.15,5886374
2024,5,1,2024-05,148,1013,6298.01,6379884
2024,5,1,2024-05,149,1902,5599.75,10650724
2024,5,1,2024-05,150,1820,7082.38,12889932
2024,5,1,2024-05,151,2055,7333.9,15071164
2024,5,1,2024-05,152,1462,5250.45,7676158
2024,5,1,2024-05,153,1324,4839.21,6407114
2024,5,1,2024-05,154,2036,6811.09,13867379
2024,5,1,2024-05,155,1398,5008.78,7002274
2024,5,1,2024-05,156,1955,7053.73,13790042
2024,5,1,2024-05,157,559,5514.69,3082712
2024,5,1,2024-05,158,1137,6391.94,7267636
2024,5,1,2024-05,159,2259,4405.41,9951821
2024,5,1,2024-05,160,1074,6303.18,6769615
2024,5,1,2024-05,161,1537,5722.03,8794760
2024,5,1,2024-05,162,1872,6152,11516544
2024,5,1,2024-05,163,1269,4661.43,5915355
2024,5,1,2024-05,164,1856,6740.4,12510182
2024,5,1,2024-05,165,1131,7109.53,8040878
2024,5,1,2024-05,166,1894,4849.12,9184233
2024,5,1,2024-05,167,1913,4437.19,8488344
2024,5,1,2024-05,168,1982,4137.56,8200644
2024,5,1,2024-05,169,1280,6400.41,8192525
2024,5,1,2024-05,170,1337,6198.61,8287542
2024,5,1,2024-05,171,1307,6091.85,7962048
2024,5,1,2024-05,172,1915,4883.73,9352343
2024,5,1,2024-05,173,1455,5445.62,7923377
2024,5,1,2024-05,174,1740,6126.38,10659901
2024,5,1,2024-05,175,1978,5792.89,11458336
2024,5,1,2024-05,176,2086,7559.71,15769555
2024,5,1,2024-05,177,2183,4506.17,9836969
2024,5,1,2024-05,178,2316,6498.29,15050040
2024,5,1,2024-05,179,2251,5515.23,12414783
2024,5,1,2024-05,180,2096,5625.56,11791174
2024,5,1,2024-05,181,894,6644.24,5939951
2024,5,1,2024-05,182,2034,6397.97,13013471
2024,5,1,2024-05,183,2190,7561.76,16560254
2024,5,1,2024-05,184,2288,4579.37,10477599
2024,5,1,2024-05,185,2073,4381.04,9081896
2024,5,1,2024-05,186,1471,6650.28,9782562
2024,5,1,2024-05,187,1486,6085.35,9042830
2024,5,1,2024-05,188,1690,5107.33,8631388
2024,5,1,2024-05,189,2047,4317.61,8838148
2024,5,1,2024-05,190,2251,4406.59,9919234
2024,5,1,2024-05,191,1743,7229.5,12601018
2024,5,1,2024-05,192,2141,4645.64,9946315
2024,5,1,2024-05,193,2310,5245.47,12117036
2024,5,1,2024-05,194,1607,4792.64,7701772
2024,5,1,2024-05,195,1142,5296.08,6048123
2024,5,1,2024-05,196,1953,4401.65,8596422
2024,5,1,2024-05,197,2064,6063.72,12515518
2024,5,1,2024-05,198,1380,4312.12,5950726
2024,5,1,2024-05,199,1416,6887,9751992
2024,5,1,2024-05,200,2256,4905.36,11066492
2024,5,1,2024-05,201,2301,5938.55,13664604
2024,5,1,2024-05,202,2093,7192.72,15054363
2024,5,1,2024-05,203,1809,6465.58,11696234
2024,5,1,2024-05,204,1181,5981.92,7064648
2024,5,1,2024-05,205,1450,5163.7,7487365
2024,5,1,2024-05,206,1903,5276.94,10042017
2024,5,1,2024-05,207,2063,6382.88,13167881
2024,5,1,2024-05,208,2186,7534.46,16470330
2024,5,1,2024-05,209,1887,6467.06,12203342
2024,5,1,2024-05,210,1856,6026.76,11185667
2024,5,1,2024-05,211,1630,6749.07,11000984
2024,5,1,2024-05,212,1501,5683.18,8530453
2024,5,1,2024-05,213,1090,4339.78,4730360
2024,5,1,2024-05,214,853,6151.11,5246897
2024,5,1,2024-05,215,1270,7495.56,9519361
2024,5,1,2024-05,216,1323,4682.05,6194352
2024,5,1,2024-05,217,1601,6506.14,10416330
2024,5,1,2024-05,218,1769,4762.97,8425694
2024,5,1,2024-05,219,1294,5910.66,7648394
2024,5,1,2024-05,220,2142,4443.81,9518641
2024,5,1,2024-05,221,2191,5704.92,12499480
2024,5,1,2024-05,222,1976,6759.02,13355824
2024,5,1,2024-05,223,1798,5312.02,9551012
2024,5,1,2024-05,224,2126,6423.15,13655617
2024,5,1,2024-05,225,1212,6854.86,8308090
2024,5,1,2024-05,226,1550,7321.18,11347829
2024,5,1,2024-05,227,2316,4881.93,11306550
2024,5,1,2024-05,228,1036,5477.73,5674928
2024,5,1,2024-05,229,2187,4665.96,10204455
2024,5,1,2024-05,230,1032,7643.09,7887669
2024,5,1,2024-05,231,1157,7448.55,8617972
2024,5,1,2024-05,232,1710,6028.54,10308803
2024,5,1,2024-05,233,1095,7004.57,7670004
2024,5,1,2024-05,234,1175,5862.85,6888849
2024,5,1,2024-05,235,1732,6248.33,10822108
2024,5,1,2024-05,236,984,4372.14,4302186
2024,5,1,2024-05,237,1635,6731.22,11005545
2024,5,1,2024-05,238,1588,4556.92,7236389
2024,5,1,2024-05,239,875,7071.93,6187939
2024,5,1,2024-05,240,1273,6807.31,8665706
2024,5,1,2024-05,241,2137,6526.13,13946340
2024,5,1,2024-05,242,1884,4272.93,8050200
2024,5,1,2024-05,243,782,5162.42,4037012
2024,5,1,2024-05,244,2162,4985.06,10777700
2024,5,1,2024-05,245,1258,5426.7,6826789
2024,5,1,2024-05,246,2178,4438.76,9667619
2024,5,1,2024-05,247,1465,7388.15,10823640
2024,5,1,2024-05,248,1455,6086.08,8855246
2024,5,1,2024-05,249,1719,5212.41,8960133
2024,5,1,2024-05,250,1340,5524.8,7403232
2024,5,1,2024-05,251,2285,5723.42,13078015
2024,5,1,2024-05,252,917,6171.23,5659018
2024,5,1,2024-05,253,2054,5911.99,12143227
2024,5,1,2024-05,254,1687,7426.11,12527848
2024,5,1,2024-05,255,1261,5826.46,7347166
2024,5,1,2024-05,256,1891,7582.81,14339094
2024,5,1,2024-05,257,1256,7114.42,8935712
2024,5,1,2024-05,258,1187,4742.98,5629917
2024,5,1,2024-05,259,1484,7406.75,10991617
2024,5,1,2024-05,260,1496,4410.3,6597809
2024,5,1,2024-05,261,1206,7045.14,8496439
2024,5,1,2024-05,262,917,5355.71,4911186
2024,5,1,2024-05,263,2216,7242.42,16049203
2024,5,1,2024-05,264,1868,7135.96,13329973
2024,5,1,2024-05,265,881,6899.39,6078363
2024,5,1,2024-05,266,1056,6891.43,7277350
2024,5,1,2024-05,267,1171,5171.01,6055253
2024,5,1,2024-05,268,1611,4362.86,7028567
2024,5,1,2024-05,269,1665,5523.77,9197077
2024,5,1,2024-05,270,1795,4720.42,8473154
2024,5,1,2024-05,271,869,6460.31,5614009
2024,5,1,2024-05,272,1849,5311.5,9820964
2024,5,1,2024-05,273,2127,7491.39,15934187
2024,5,1,2024-05,274,1080,6301.02,6805102
2024,5,1,2024-05,275,1160,6956.58,8069633
2024,5,1,2024-05,276,1841,4454.19,8200164
2024,5,1,2024-05,277,1937,7146.73,13843216
2024,5,1,2024-05,278,1668,7284.56,12150646
2024,5,1,2024-05,279,837,5826.88,4877099
2024,5,1,2024-05,280,2182,6302.51,13752077
2024,5,1,2024-05,281,2077,6870.63,14270299
2024,5,1,2024-05,282,1531,4644.92,7111373
2024,5,1,2024-05,283,1016,5810.58,5903549
2024,5,1,2024-05,284,1951,5528.22,10785557
2024,5,1,2024-05,285,1393,4594.94,6400751
2024,5,1,2024-05,286,1178,5378.6,6335991
2024,5,1,2024-05,287,709,4254.36,3016341
2024,5,1,2024-05,288,2014,4167.41,8393164
2024,5,1,2024-05,289,1504,4591.31,6905330
2024,5,1,2024-05,290,1375,7473.39,10275911
2024,5,1,2024-05,291,2105,6052.53,12740576
2024,5,1,2024-05,292,2343,7525.01,17631098
2024,5,1,2024-05,293,1062,5584.48,5930718
2024,5,1,2024-05,294,1000,5180.72,5180720
2024,5,1,2024-05,295,2207,5829.67,12866082
2024,5,1,2024-05,296,1949,5677.41,11065272
2024,5,1,2024-05,297,1493,4400.73,6570290
2024,5,1,2024-05,298,2479,6330.68,15693756
2024,5,1,2024-05,299,908,4881.71,4432593
2024,5,1,2024-05,300,1015,6258.21,6352083
2024,5,1,2024-05,301,1642,6348.94,10424959
2024,5,1,2024-05,302,1495,4620.83,6908141
2024,5,1,2024-05,303,1180,4369.64,5156175
2024,5,1,2024-05,304,1458,6909.54,10074109
2024,5,1,2024-05,305,2250,5738.78,12912255
2024,5,1,2024-05,306,1906,4322.22,8238151
2024,5,1,2024-05,307,955,7644.75,7300736
2024,5,1,2024-05,308,1933,4286.41,8285631
2024,5,1,2024-05,309,1134,6592.24,7475600
2024,5,1,2024-05,310,2066,7597.19,15695795
2024,5,1,2024-05,311,1580,4921.31,7775670
2024,5,1,2024-05,312,2220,4586.05,10181031
2024,5,1,2024-05,313,1934,4518.13,8738063
2024,5,1,2024-05,314,2086,5166.32,10776944
2024,5,1,2024-05,315,1093,4447,4860571
2024,5,1,2024-05,316,1467,6496.44,9530277
2024,5,1,2024-05,317,1804,4282.91,7726370
2024,5,1,2024-05,318,1508,5831.47,8793857
2024,5,1,2024-05,319,1142,7639.87,8724732
2024,5,1,2024-05,320,1663,6991.2,11626366
2024,5,1,2024-05,321,1537,6325.49,9722278
2024,5,1,2024-05,322,2101,5176.68,10876205
2024,5,1,2024-05,323,1921,6280.48,12064802
2024,5,1,2024-05,324,1498,5932.41,8886750
2024,5,1,2024-05,325,728,5620.01,4091367
2024,5,1,2024-05,326,1050,4505.83,4731122
2024,5,1,2024-05,327,2097,7241.91,15186285
2024,5,1,2024-05,328,1437,5718.48,8217456
2024,5,1,2024-05,329,1235,4855.76,5996864
2024,5,1,2024-05,330,2279,5434.74,12385772
2024,5,1,2024-05,331,682,5524.64,3767804
2024,5,1,2024-05,332,1071,6990.56,7486890
2024,5,1,2024-05,333,2157,6717.2,14489000
2024,5,1,2024-05,334,1490,6806.63,10141879
2024,5,1,2024-05,335,1016,4042.67,4107353
2024,5,1,2024-05,336,1520,5672.16,8621683
2024,5,1,2024-05,337,1585,5796.02,9186692
2024,5,1,2024-05,338,1251,4194.57,5247407
2024,5,1,2024-05,339,1929,4982.37,9610992
2024,5,1,2024-05,340,1612,6782.66,10933648
2024,5,1,2024-05,341,1460,4566.14,6666564
2024,5,1,2024-05,342,1203,5968.62,7180250
2024,5,1,2024-05,343,1776,4803.94,8531797
2024,5,1,2024-05,344,1926,4212,8112312
2024,5,1,2024-05,345,750,4946.9,3710175
2024,5,1,2024-05,346,1792,7482.7,13408998
2024,5,1,2024-05,347,1991,6935.9,13809377
2024,5,1,2024-05,348,1000,7430.78,7430780
2024,5,1,2024-05,349,1337,5773.42,7719063
2024,5,1,2024-05,350,1906,4466.4,8512958
2024,5,1,2024-05,351,2126,6050.32,12862980
2024,5,1,2024-05,352,1401,5578.42,7815366
2024,5,1,2024-05,353,909,7161.41,6509722
2024,5,1,2024-05,354,1768,4390.35,7762139
2024,5,1,2024-05,355,958,5802.75,5559034
2024,5,1,2024-05,356,2209,4674.52,10326015
2024,5,1,2024-05,357,1413,5305.95,7497307
2024,5,1,2024-05,358,1185,6674.32,7909069
2024,5,1,2024-05,359,1013,5817.07,5892692
2024,5,1,2024-05,360,1495,5418.9,8101255
2024,5,1,2024-05,361,2220,5597.57,12426605
2024,5,1,2024-05,362,1547,5679.76,8786589
2024,5,1,2024-05,363,1824,6946.58,12670562
2024,5,1,2024-05,364,2017,7228.25,14579380
2024,5,1,2024-05,365,1093,7432.07,8123253
2024,5,1,2024-05,366,905,6865.43,6213214
2024,5,1,2024-05,367,1814,5122.02,9291344
2024,5,1,2024-05,368,1861,6484.58,12067803
2024,5,1,2024-05,369,2207,5617.68,12398220
2024,5,1,2024-05,370,2094,4967.62,10402196
2024,5,1,2024-05,371,2105,7112.99,14972844
2024,5,1,2024-05,372,960,4244,4074240
2024,5,1,2024-05,373,753,7287.53,5487510
2024,5,1,2024-05,374,1566,5639.14,8830893
2024,5,1,2024-05,375,1440,6248.58,8997955
2024,5,1,2024-05,376,2153,6399.89,13778963
2024,5,1,2024-05,377,1632,7227.81,11795786
2024,5,1,2024-05,378,1300,6316.12,8210956
2024,5,1,2024-05,379,1875,6334.57,11877319
2024,5,1,2024-05,380,1717,4280.46,7349550
2024,5,1,2024-05,381,1903,5881.61,11192704
2024,5,1,2024-05,382,950,4605.78,4375491
2024,5,1,2024-05,383,1221,6679.08,8155157
2024,5,1,2024-05,384,2107,5925.34,12484691
2024,5,1,2024-05,385,1449,6509.3,9431976
2024,5,1,2024-05,386,2020,4302.02,8690080
2024,5,1,2024-05,387,2327,4359.41,10144347
2024,5,1,2024-05,388,1168,6714.01,7841964
2024,5,1,2024-05,389,2013,4358.58,8773822
2024,5,1,2024-05,390,1736,4348.1,7548302
2024,5,1,2024-05,391,2227,4023.59,8960535
2024,5,1,2024-05,392,1643,7388.28,12138944
2024,5,1,2024-05,393,1226,6630.3,8128748
2024,5,1,2024-05,394,1721,5340.56,9191104
2024,5,1,2024-05,395,1098,5162.41,5668326
2024,5,1,2024-05,396,1253,5342.33,6693939
2024,5,1,2024-05,397,1502,6837.05,10269249
2024,5,1,2024-05,398,1717,6471.58,11111703
2024,5,1,2024-05,399,672,4784.74,3215345
2024,5,1,2024-05,400,1406,4677.53,6576607
2024,5,1,2024-05,401,934,4446.23,4152779
2024,5,1,2024-05,402,1259,6444.4,8113500
2024,5,1,2024-05,403,1405,6834.93,9603077
2024,5,1,2024-05,404,1382,5030.8,6952566
2024,5,1,2024-05,405,1308,4156.5,5436702
2024,5,1,2024-05,406,1773,4335.99,7687710
2024,5,1,2024-05,407,1292,7534.35,9734380
2024,5,1,2024-05,408,2213,5109.29,11306859
2024,5,1,2024-05,409,1900,6767.86,12858934
2024,5,1,2024-05,410,2286,6313.39,14432410
2024,5,1,2024-05,411,1849,5387.35,9961210
2024,5,1,2024-05,412,1555,4802.21,7467437
2024,5,1,2024-05,413,1610,4486.7,7223587
2024,5,1,2024-05,414,817,6240.13,5098186
2024,5,1,2024-05,415,1182,6898.52,8154051
2024,5,1,2024-05,416,1971,6442.3,12697773
2024,5,1,2024-05,417,1790,5949.66,10649891
2024,5,1,2024-05,418,1056,4264.48,4503291
2024,5,1,2024-05,419,939,7456.18,7001353
2024,5,1,2024-05,420,1429,6868.08,9814486
2024,5,1,2024-05,421,2315,5112.46,11835345
2024,5,1,2024-05,422,1205,7520.34,9062010
2024,5,1,2024-05,423,1436,6235.46,8954121
2024,5,1,2024-05,424,1742,6162.03,10734256
2024,5,1,2024-05,425,1891,6738.33,12742182
2024,5,1,2024-05,426,1760,7074.38,12450909
2024,5,1,2024-05,427,1212,6430.03,7793196
2024,5,1,2024-05,428,1478,4553.06,6729423
2024,5,1,2024-05,429,1618,5299.3,8574267
2024,5,1,2024-05,430,1016,7342.55,7460031
2024,5,1,2024-05,431,1934,4959.48,9591634
2024,5,1,2024-05,432,1755,5335.3,9363452
2024,5,1,2024-05,433,662,5625.18,3723869
2024,5,1,2024-05,434,1832,5672.01,10391122
2024,5,1,2024-05,435,2053,6302.3,12938622
2024,5,1,2024-05,436,1644,7422.61,12202771
2024,5,1,2024-05,437,1819,4962.57,9026915
2024,5,1,2024-05,438,1898,4456.42,8458285
2024,5,1,2024-05,439,1788,4849.98,8671764
2024,5,1,2024-05,440,1955,7228.83,14132363
2024,5,1,2024-05,441,949,6353.03,6029025
2024,5,1,2024-05,442,1617,5061.82,8184963
2024,5,1,2024-05,443,1462,6996.15,10228371
2024,5,1,2024-05,444,1815,7073.83,12839001
2024,5,1,2024-05,445,1490,7131.71,10626248
2024,5,1,2024-05,446,1187,7323.54,8693042
2024,5,1,2024-05,447,1118,5029.04,5622467
2024,5,1,2024-05,448,1447,6709.43,9708545
2024,5,1,2024-05,449,1726,5719.91,9872565
2024,5,1,2024-05,450,1704,7100.7,12099593
2024,5,1,2024-05,451,771,6700.35,5165970
2024,5,1,2024-05,452,1546,6818.5,10541401
2024,5,1,2024-05,453,1770,6356.77,11251483
2024,5,1,2024-05,454,2207,4682.7,10334719
2024,5,1,2024-05,455,1451,6068.08,8804784
2024,5,1,2024-05,456,2439,7679.26,18729715
2024,5,1,2024-05,457,967,7343.28,7100952
2024,5,1,2024-05,458,1424,4190.76,5967642
2024,5,1,2024-05,459,2057,4580.27,9421615
2024,5,1,2024-05,460,2338,4515.43,10557075
2024,5,1,2024-05,461,1738,6632.88,11527945
2024,5,1,2024-05,462,1757,6935.53,12185726
2024,5,1,2024-05,463,1494,4906.91,7330924
2024,5,1,2024-05,464,1404,5927.34,8321985
2024,5,1,2024-05,465,1494,7082.1,10580657
2024,5,1,2024-05,466,2043,6680.98,13649242
2024,5,1,2024-05,467,1885,6045.79,11396314
2024,5,1,2024-05,468,1514,6132.31,9284317
2024,5,1,2024-05,469,1110,5895.41,6543905
2024,5,1,2024-05,470,1985,5104.85,10133127
2024,5,1,2024-05,471,1684,6192.42,10428035
2024,5,1,2024-05,472,1989,6468.04,12864932
2024,5,1,2024-05,473,2021,7175.35,14501382
2024,5,1,2024-05,474,1474,6283.15,9261363
2024,5,1,2024-05,475,2258,6820.89,15401570
2024,5,1,2024-05,476,1345,4675.04,6287929
2024,5,1,2024-05,477,1447,5686.2,8227931
2024,5,1,2024-05,478,1670,4047.25,6758908
2024,5,1,2024-05,479,1044,4933.12,5150177
2024,5,1,2024-05,480,1791,6631.9,11877733
2024,5,1,2024-05,481,1116,7613.48,8496644
2024,5,1,2024-05,482,2309,4496.79,10383088
2024,5,1,2024-05,483,1895,5532.93,10484902
2024,5,1,2024-05,484,1825,6960.25,12702456
2024,5,1,2024-05,485,1232,4798.05,5911198
2024,5,1,2024-05,486,2330,6170.45,14377148
2024,5,1,2024-05,487,2076,6692.15,13892903
2024,5,1,2024-05,488,1949,6301.56,12281740
2024,5,1,2024-05,489,1922,4790.53,9207399
2024,5,1,2024-05,490,1869,5336.26,9973470
2024,5,1,2024-05,491,778,6877.31,5350547
2024,5,1,2024-05,492,1647,6022.78,9919519
2024,5,1,2024-05,493,1701,4089.32,6955933
2024,5,1,2024-05,494,1331,6852.43,9120584
2024,5,1,2024-05,495,1894,4248.28,8046242
2024,5,1,2024-05,496,1541,6763.05,10421860
2024,5,1,2024-05,497,953,4833.66,4606478
2024,5,1,2024-05,498,1253,7488.48,9383065
2024,5,1,2024-05,499,1238,5426.05,6717450
2024,5,1,2024-05,500,1095,5230.13,5726992
2024,5,1,2024-05,501,1421,4527.86,6434089
2024,5,1,2024-05,502,2265,5243.31,11876097
2024,5,1,2024-05,503,2096,7190.29,15070848
2024,5,1,2024-05,504,1308,7674.19,10037841
2024,5,1,2024-05,505,901,5368.38,4836910
2024,5,1,2024-05,506,1219,5550.32,6765840
2024,5,1,2024-05,507,1834,6644.35,12185738
2024,5,1,2024-05,508,1506,7150.68,10768924
2024,5,1,2024-05,509,1993,6221,12398453
2024,5,1,2024-05,510,2026,5457.27,11056429
2024,5,1,2024-05,511,1645,5597.75,9208299
2024,5,1,2024-05,512,1235,6563.69,8106157
2024,5,1,2024-05,513,1611,4034.97,6500337
2024,5,1,2024-05,514,1688,6311.91,10654504
2024,5,1,2024-05,515,2190,5268.77,11538606
2024,5,1,2024-05,516,1271,6891.3,8758842
2024,5,1,2024-05,517,1786,4317.94,7711841
2024,5,1,2024-05,518,1526,6185.47,9439027
2024,5,1,2024-05,519,1329,5798.04,7705595
2024,5,1,2024-05,520,928,6368.62,5910079
2024,5,1,2024-05,521,1390,4259.25,5920358
2024,5,1,2024-05,522,1702,6201.24,10554510
2024,5,1,2024-05,523,809,6115.23,4947221
2024,5,1,2024-05,524,2275,6081.93,13836391
2024,5,1,2024-05,525,1384,6198.15,8578240
2024,5,1,2024-05,526,1708,6469.08,11049189
2024,5,1,2024-05,527,1148,6942.96,7970518
2024,5,1,2024-05,528,1903,4983.56,9483715
2024,5,1,2024-05,529,1665,7053.65,11744327
2024,5,1,2024-05,530,2195,5905.28,12962090
2024,5,1,2024-05,531,2108,4421.84,9321239
2024,5,1,2024-05,532,2275,4263.4,9699235
2024,5,1,2024-05,533,2232,5325.05,11885512
2024,5,1,2024-05,534,1856,6936.67,12874460
2024,5,1,2024-05,535,1091,6567.81,7165481
2024,5,1,2024-05,536,1041,6840.02,7120461
2024,5,1,2024-05,537,717,5965.39,4277185
2024,5,1,2024-05,538,2078,5616.67,11671440
2024,5,1,2024-05,539,2245,4563.22,10244429
2024,5,1,2024-05,540,1538,5278.22,8117902
2024,5,1,2024-05,541,1626,5556.92,9035552
2024,5,1,2024-05,542,889,4366.08,3881445
2024,5,1,2024-05,543,1621,4773.54,7737908
2024,5,1,2024-05,544,1579,6167.67,9738751
2024,5,1,2024-05,545,1069,6666.57,7126563
2024,5,1,2024-05,546,1416,7600.18,10761855
2024,5,1,2024-05,547,1362,7381.7,10053875
2024,5,1,2024-05,548,1860,6271.35,11664711
2024,5,1,2024-05,549,1776,5528.4,9818438
2024,5,1,2024-05,550,1526,6401.51,9768704
2024,5,1,2024-05,551,1007,6888.03,6936246
2024,5,1,2024-05,552,1547,4469.24,6913914
2024,5,1,2024-05,553,1941,5503.71,10682701
2024,5,1,2024-05,554,1754,7102.37,12457557
2024,5,1,2024-05,555,2008,5443.99,10931532
2024,5,1,2024-05,556,1413,6060.93,8564094
2024,5,1,2024-05,557,1949,6144.16,11974968
2024,5,1,2024-05,558,2162,4672.76,10102507
2024,5,1,2024-05,559,1581,5331.85,8429655
2024,5,1,2024-05,560,2157,5294.87,11421035
2024,5,1,2024-05,561,1828,4189.68,7658735
2024,5,1,2024-05,562,1390,4202.51,5841489
2024,5,1,2024-05,563,1512,7045.39,10652630
2024,5,1,2024-05,564,2267,4976.79,11282383
2024,5,1,2024-05,565,1269,5863.32,7440553
2024,5,1,2024-05,566,1728,5157.62,8912367
2024,5,1,2024-05,567,1117,7432.64,8302259
2024,5,1,2024-05,568,1533,4943.36,7578171
2024,5,1,2024-05,569,1785,5588.31,9975133
2024,5,1,2024-05,570,1958,7270.98,14236579
2024,5,1,2024-05,571,1983,7117.46,14113923
2024,5,1,2024-05,572,903,4801.66,4335899
2024,5,1,2024-05,573,1580,6882.21,10873892
2024,5,1,2024-05,574,1843,5780.73,10653885
2024,5,1,2024-05,575,832,5770.63,4801164
2024,5,1,2024-05,576,1999,4617.11,9229603
2024,5,1,2024-05,577,1226,4373.71,5362168
2024,5,1,2024-05,578,850,6696.86,5692331
2024,5,1,2024-05,579,1630,5873.46,9573740
2024,5,1,2024-05,580,1711,5633.84,9639500
2024,5,1,2024-05,581,2208,6700.44,14794572
2024,5,1,2024-05,582,937,6756.87,6331187
2024,5,1,2024-05,583,1545,4631.34,7155420
2024,5,1,2024-05,584,1638,6283.47,10292324
2024,5,1,2024-05,585,2335,4557.95,10642813
2024,5,1,2024-05,586,998,6736.46,6722987
2024,5,1,2024-05,587,1453,6425.69,9336528
2024,5,1,2024-05,588,1909,7423.57,14171595
2024,5,1,2024-05,589,1178,4363.09,5139720
2024,5,1,2024-05,590,1147,4179.97,4794426
2024,5,1,2024-05,591,1493,5076.12,7578647
2024,5,1,2024-05,592,2111,5038.34,10635936
2024,5,1,2024-05,593,803,4955.22,3979042
2024,5,1,2024-05,594,939,7284.06,6839732
2024,5,1,2024-05,595,1355,5010.2,6788821
2024,5,1,2024-05,596,1453,5009.7,7279094
2024,5,1,2024-05,597,1514,6856.7,10381044
2024,5,1,2024-05,598,2239,5665.96,12686084
2024,5,1,2024-05,599,1687,6831.66,11525010
2024,5,1,2024-05,600,2433,4335.96,10549391
2024,5,1,2024-05,601,1003,5796.51,5813900
2024,5,1,2024-05,602,1624,4194.16,6811316
2024,5,1,2024-05,603,1815,4319.22,7839384
2024,5,1,2024-05,604,2135,7250.68,15480202
2024,5,1,2024-05,605,1146,4594.52,5265320
2024,5,1,2024-05,606,1931,5894.38,11382048
2024,5,1,2024-05,607,1783,5536.86,9872221
2024,5,1,2024-05,608,1754,5293.81,9285343
2024,5,1,2024-05,609,2473,7223.24,17863073
2024,5,1,2024-05,610,2021,4223.86,8536421
2024,5,1,2024-05,611,2078,6447.1,13397074
2024,5,1,2024-05,612,1418,7479.79,10606342
2024,5,1,2024-05,613,1821,6076.03,11064451
2024,5,1,2024-05,614,980,7526.2,7375676
2024,5,1,2024-05,615,1800,4211.61,7580898
2024,5,1,2024-05,616,1882,5594.54,10528924
2024,5,1,2024-05,617,1817,4957.45,9007687
2024,5,1,2024-05,618,1266,6700.57,8482922
2024,5,1,2024-05,619,2102,7543.41,15856248
2024,5,1,2024-05,620,1443,4978.29,7183672
2024,5,1,2024-05,621,1960,6412.36,12568226
2024,5,1,2024-05,622,1869,4836.45,9039325
2024,5,1,2024-05,623,1828,6021.74,11007741
2024,5,1,2024-05,624,1652,5802.56,9585829
2024,5,1,2024-05,625,1152,7453.58,8586524
2024,5,1,2024-05,626,1440,6257.02,9010109
2024,5,1,2024-05,627,1740,5320.29,9257305
2024,5,1,2024-05,628,1460,4471.25,6528025
2024,5,1,2024-05,629,1886,4611.42,8697138
2024,5,1,2024-05,630,2152,4897.7,10539850
2024,5,1,2024-05,631,1615,4986.57,8053311
2024,5,1,2024-05,632,1298,7098.46,9213801
2024,5,1,2024-05,633,1623,6105.05,9908496
2024,5,1,2024-05,634,2045,5928.01,12122780
2024,5,1,2024-05,635,2058,4483.77,9227599
2024,5,1,2024-05,636,2005,7192.64,14421243
2024,5,1,2024-05,637,1875,6703.69,12569419
2024,5,1,2024-05,638,990,4358.56,4314974
2024,5,1,2024-05,639,2130,6550.68,13952948
2024,5,1,2024-05,640,1902,6029.45,11468014
2024,5,1,2024-05,641,1699,4382.36,7445630
2024,5,1,2024-05,642,1487,5785.51,8603053
2024,5,1,2024-05,643,1973,5835.88,11514191
2024,5,1,2024-05,644,860,4633.44,3984758
2024,5,1,2024-05,645,2086,7428.8,15496477
2024,5,1,2024-05,646,2217,6989.84,15496475
2024,5,1,2024-05,647,960,6454.78,6196589
2024,5,1,2024-05,648,2287,5703.62,13044179
2024,5,1,2024-05,649,2242,5516.23,12367388
2024,5,1,2024-05,650,1351,6358.73,8590644
2024,5,1,2024-05,651,1232,6086.2,7498198
2024,5,1,2024-05,652,2278,4171.2,9501994
2024,5,1,2024-05,653,1167,5842.37,6818046
2024,5,1,2024-05,654,2171,7056.1,15318793
2024,5,1,2024-05,655,1921,5753.61,11052685
2024,5,1,2024-05,656,1861,4269.09,7944776
2024,5,1,2024-05,657,2041,6876.64,14035222
2024,5,1,2024-05,658,2198,4762.37,10467689
2024,5,1,2024-05,659,1215,4935.67,5996839
2024,5,1,2024-05,660,1727,4674.38,8072654
2024,5,1,2024-05,661,2126,5284.69,11235251
2024,5,1,2024-05,662,1153,6740.26,7771520
2024,5,1,2024-05,663,793,5842.29,4632936
2024,5,1,2024-05,664,1436,4831.18,6937574
2024,5,1,2024-05,665,952,7238.58,6891128
2024,5,1,2024-05,666,1852,7247.38,13422148
2024,5,1,2024-05,667,2148,7170.67,15402599
2024,5,1,2024-05,668,872,4825.21,4207583
2024,5,1,2024-05,669,1444,5625.63,8123410
2024,5,1,2024-05,670,1762,7644.12,13468939
2024,5,1,2024-05,671,2041,6765.15,13807671
2024,5,1,2024-05,672,1927,4198.32,8090163
2024,5,1,2024-05,673,1144,4256.66,4869619
2024,5,1,2024-05,674,1397,5675.59,7928799
2024,5,1,2024-05,675,1746,7397.92,12916768
2024,5,1,2024-05,676,1651,6076.83,10032846
2024,5,1,2024-05,677,2115,5854.37,12381993
2024,5,1,2024-05,678,1952,4424.57,8636761
2024,5,1,2024-05,679,1172,6460.99,7572280
2024,5,1,2024-05,680,1080,6933.66,7488353
2024,5,1,2024-05,681,958,5482.46,5252197
2024,5,1,2024-05,682,1346,6929.7,9327376
2024,5,1,2024-05,683,2115,7539.15,15945302
2024,5,1,2024-05,684,2244,4744.96,10647690
2024,5,1,2024-05,685,2278,6006.73,13683331
2024,5,1,2024-05,686,1607,5108.99,8210147
2024,5,1,2024-05,687,1759,6894.01,12126564
2024,5,1,2024-05,688,1699,6088.24,10343920
2024,5,1,2024-05,689,1921,6284.01,12071583
2024,5,1,2024-05,690,1117,6970.29,7785814
2024,5,1,2024-05,691,875,5480.02,4795018
2024,5,1,2024-05,692,1453,7332.81,10654573
2024,5,1,2024-05,693,1403,5978.42,8387723
2024,5,1,2024-05,694,721,4545.88,3277579
2024,5,1,2024-05,695,1877,6553.21,12300375
2024,5,1,2024-05,696,2249,6901.49,15521451
2024,5,1,2024-05,697,967,5267.96,5094117
2024,5,1,2024-05,698,1574,7167.21,11281189
2024,5,1,2024-05,699,2377,7250.13,17233559
2024,5,1,2024-05,700,847,5040.68,4269456
2024,5,1,2024-05,701,1623,7628.09,12380390
2024,5,1,2024-05,702,1859,4513.56,8390708
2024,5,1,2024-05,703,1802,4867.35,8770965
2024,5,1,2024-05,704,2305,4725.7,10892738
2024,5,1,2024-05,705,2281,7285.51,16618248
2024,5,1,2024-05,706,873,6385.78,5574786
2024,5,1,2024-05,707,2248,4592.35,10323603
2024,5,1,2024-05,708,2135,5600.31,11956662
2024,5,1,2024-05,709,2077,6335.61,13159062
2024,5,1,2024-05,710,2157,4394.43,9478786
2024,5,1,2024-05,711,2364,7176.58,16965435
2024,5,1,2024-05,712,2261,6970.45,15760187
2024,5,1,2024-05,713,1438,5915.75,8506848
2024,5,1,2024-05,714,1328,7571.15,10054487
2024,5,1,2024-05,715,1699,5573.91,9470073
2024,5,1,2024-05,716,1822,7590.81,13830456
2024,5,1,2024-05,717,2255,6412.4,14459962
2024,5,1,2024-05,718,1606,6395.54,10271237
2024,5,1,2024-05,719,1389,4692.3,6517605
2024,5,1,2024-05,720,1644,7262.82,11940076
2024,5,1,2024-05,721,1099,5511.25,6056864
2024,5,1,2024-05,722,1810,4692.06,8492629
2024,5,1,2024-05,723,2134,4115.98,8783501
2024,5,1,2024-05,724,1310,6105.41,7998087
2024,5,1,2024-05,725,870,5898.75,5131912
2024,5,1,2024-05,726,2094,6719.52,14070675
2024,5,1,2024-05,727,1982,7218.72,14307503
2024,5,1,2024-05,728,2011,4405.15,8858757
2024,5,1,2024-05,729,1612,6672.07,10755377
2024,5,1,2024-05,730,1081,4822.16,5212755
2024,5,1,2024-05,731,1536,7146.93,10977684
2024,5,1,2024-05,732,2227,7078.71,15764287
2024,5,1,2024-05,733,2171,5997.32,13020182
2024,5,1,2024-05,734,1425,6555.33,9341345
2024,5,1,2024-05,735,1620,5205.39,8432732
2024,5,1,2024-05,736,1497,5745.91,8601627
2024,5,1,2024-05,737,526,6975.9,3669323
2024,5,1,2024-05,738,1655,5765.36,9541671
2024,5,1,2024-05,739,1287,5286.29,6803455
2024,5,1,2024-05,740,1716,5920.2,10159063
2024,5,1,2024-05,741,2098,7018.36,14724519
2024,5,1,2024-05,742,1922,5205.24,10004471
2024,5,1,2024-05,743,1737,4707.71,8177292
2024,5,1,2024-05,744,1280,6619.95,8473536
2024,5,1,2024-05,745,1627,7011.66,11407971
2024,5,1,2024-05,746,1605,4400.77,7063236
2024,5,1,2024-05,747,1778,4985.32,8863899
2024,5,1,2024-05,748,1672,4600.95,7692788
2024,5,1,2024-05,749,2044,5290.13,10813026
2024,5,1,2024-05,750,1243,5695.51,7079519
2024,5,1,2024-05,751,1635,6708.05,10967662
2024,5,1,2024-05,752,969,6438.47,6238877
2024,5,1,2024-05,753,1675,6380.91,10688024
2024,5,1,2024-05,754,1181,5377.64,6350993
2024,5,1,2024-05,755,767,7044.08,5402809
2024,5,1,2024-05,756,1783,5709.03,10179200
2024,5,1,2024-05,757,1527,7569.69,11558917
2024,5,1,2024-05,758,2117,6261.3,13255172
2024,5,1,2024-05,759,2136,4561.78,9743962
2024,5,1,2024-05,760,1678,6513.75,10930072
2024,5,1,2024-05,761,1794,5223.56,9371067
2024,5,1,2024-05,762,1820,6506.97,11842685
2024,5,1,2024-05,763,1903,4313.48,8208552
2024,5,1,2024-05,764,1318,4764.45,6279545
2024,5,1,2024-05,765,2021,7106.57,14362378
2024,5,1,2024-05,766,1003,4827.05,4841531
2024,5,1,2024-05,767,799,7022.9,5611297
2024,5,1,2024-05,768,2167,5111.38,11076360
2024,5,1,2024-05,769,976,6321.69,6169969
2024,5,1,2024-05,770,1594,6601.89,10523413
2024,5,1,2024-05,771,2197,5890.95,12942417
2024,5,1,2024-05,772,902,5079.09,4581339
2024,5,1,2024-05,773,2174,4862.67,10571445
2024,5,1,2024-05,774,1680,4176.11,7015865
2024,5,1,2024-05,775,1575,5171.65,8145349
2024,5,1,2024-05,776,1459,6373.58,9299053
2024,5,1,2024-05,777,2370,7474.98,17715703
2024,5,1,2024-05,778,756,7200.09,5443268
2024,5,1,2024-05,779,1875,6902.18,12941588
2024,5,1,2024-05,780,1060,6916.57,7331564
2024,5,1,2024-05,781,1248,6433.36,8028833
2024,5,1,2024-05,782,1294,4960.16,6418447
2024,5,1,2024-05,783,1543,7244.75,11178649
2024,5,1,2024-05,784,1199,6458.56,7743813
2024,5,1,2024-05,785,1402,6066.57,8505331
2024,5,1,2024-05,786,1435,4537.66,6511542
2024,5,1,2024-05,787,1660,5647.32,9374551
2024,5,1,2024-05,788,2271,5758.98,13078644
2024,5,1,2024-05,789,1796,7151.53,12844148
2024,5,1,2024-05,790,1879,6106.51,11474132
2024,5,1,2024-05,791,1493,5357.4,7998598
2024,5,1,2024-05,792,1705,7617.86,12988451
2024,5,1,2024-05,793,2206,4442.66,9800508
2024,5,1,2024-05,794,736,5618.46,4135187
2024,5,1,2024-05,795,1979,4290.6,8491097
2024,5,1,2024-05,796,1978,6695.49,13243679
2024,5,1,2024-05,797,1892,7298.04,13807892
2024,5,1,2024-05,798,1485,5015.88,7448582
2024,5,1,2024-05,799,959,7095.69,6804767
2024,5,1,2024-05,800,800,5003.75,4003000
2024,5,1,2024-05,801,1505,7311.05,11003130
2024,5,1,2024-05,802,1312,6790.72,8909425
2024,5,1,2024-05,803,2408,6954.42,16746243
2024,5,1,2024-05,804,1179,4117.11,4854073
2024,5,1,2024-05,805,1717,7467.16,12821114
2024,5,1,2024-05,806,1269,6638.36,8424079
2024,5,1,2024-05,807,667,5170.57,3448770
2024,5,1,2024-05,808,2284,7067.91,16143106
2024,5,1,2024-05,809,780,5007.58,3905912
2024,5,1,2024-05,810,1846,7192.65,13277632
2024,5,1,2024-05,811,1068,4483.68,4788570
2024,5,1,2024-05,812,945,6539.54,6179865
2024,5,1,2024-05,813,1665,6024.74,10031192
2024,5,1,2024-05,814,1132,4456.47,5044724
2024,5,1,2024-05,815,790,4907.75,3877122
2024,5,1,2024-05,816,1589,4075.12,6475366
2024,5,1,2024-05,817,2338,5840.34,13654715
2024,5,1,2024-05,818,1079,5181.38,5590709
2024,5,1,2024-05,819,2008,6214.06,12477832
2024,5,1,2024-05,820,887,5100.64,4524268
2024,5,1,2024-05,821,1157,5105.78,5907387
2024,5,1,2024-05,822,1766,6748.83,11918434
2024,5,1,2024-05,823,1424,4204.69,5987479
2024,5,1,2024-05,824,1022,7254.21,7413803
2024,5,1,2024-05,825,1407,7106.35,9998634
2024,5,1,2024-05,826,1769,6482.62,11467755
2024,5,1,2024-05,827,2165,6267.02,13568098
2024,5,1,2024-05,828,1649,7266.18,11981931
2024,5,1,2024-05,829,1799,4694.5,8445406
2024,5,1,2024-05,830,2020,4339.71,8766214
2024,5,1,2024-05,831,1612,4983.58,8033531
2024,5,1,2024-05,832,1436,6960.62,9995450
2024,5,1,2024-05,833,857,4249.73,3642019
2024,5,1,2024-05,834,1323,6196.07,8197401
2024,5,1,2024-05,835,1007,7709.68,7763648
2024,5,1,2024-05,836,2250,7134.01,16051522
2024,5,1,2024-05,837,1569,5965.23,9359446
2024,5,1,2024-05,838,1554,4260.74,6621190
2024,5,1,2024-05,839,1409,7048.33,9931097
2024,5,1,2024-05,840,2228,6220.46,13859185
2024,5,1,2024-05,841,1114,4515.64,5030423
2024,5,1,2024-05,842,1617,4376.78,7077253
2024,5,1,2024-05,843,2077,7246.77,15051541
2024,5,1,2024-05,844,1670,6432.75,10742692
2024,5,1,2024-05,845,1195,7078.17,8458413
2024,5,1,2024-05,846,1262,7198.24,9084179
2024,5,1,2024-05,847,2107,6132.19,12920524
2024,5,1,2024-05,848,803,5890.19,4729823
2024,5,1,2024-05,849,990,5653.3,5596767
2024,5,1,2024-05,850,2063,5196.58,10720545
2024,5,1,2024-05,851,2011,5615.95,11293675
2024,5,1,2024-05,852,1964,6892.33,13536536
2024,5,1,2024-05,853,1402,6289.65,8818089
2024,5,1,2024-05,854,1461,7316.78,10689816
2024,5,1,2024-05,855,1781,5637.95,10041189
2024,5,1,2024-05,856,925,6210.38,5744602
2024,5,1,2024-05,857,988,6282.58,6207189
2024,5,1,2024-05,858,1428,6115.2,8732506
2024,5,1,2024-05,859,1823,6536.26,11915602
2024,5,1,2024-05,860,891,4879.28,4347438
2024,5,1,2024-05,861,1055,5842.19,6163510
2024,5,1,2024-05,862,2321,4373.65,10151242
2024,5,1,2024-05,863,2274,5383.88,12242943
2024,5,1,2024-05,864,1478,5808.51,8584978
2024,5,1,2024-05,865,2037,6418.11,13073690
2024,5,1,2024-05,866,771,7479.09,5766378
2024,5,1,2024-05,867,1465,6190.69,9069361
2024,5,1,2024-05,868,805,6708.77,5400560
2024,5,1,2024-05,869,2292,5893.74,13508452
2024,5,1,2024-05,870,1002,6342.25,6354934
2024,5,1,2024-05,871,994,4348.35,4322260
2024,5,1,2024-05,872,981,4934.71,4840951
2024,5,1,2024-05,873,850,5439.68,4623728
2024,5,1,2024-05,874,1468,5785.05,8492453
2024,5,1,2024-05,875,1772,4266.23,7559760
2024,5,1,2024-05,876,1682,4521.98,7605970
2024,5,1,2024-05,877,887,5009.28,4443231
2024,5,1,2024-05,878,2223,7506.83,16687683
2024,5,1,2024-05,879,1700,5285.91,8986047
2024,5,1,2024-05,880,1263,5738.65,7247915
2024,5,1,2024-05,881,1651,4790,7908290
2024,5,1,2024-05,882,1135,6315.96,7168615
2024,5,1,2024-05,883,2027,5040.06,10216202
2024,5,1,2024-05,884,1916,4766.66,9132921
2024,5,1,2024-05,885,1397,5881.1,8215897
2024,5,1,2024-05,886,1015,4082.11,4143342
2024,5,1,2024-05,887,1583,4139.96,6553557
2024,5,1,2024-05,888,962,4897.43,4711328
2024,5,1,2024-05,889,1426,4236.88,6041791
2024,5,1,2024-05,890,1618,4368.02,7067456
2024,5,1,2024-05,891,2039,5271.14,10747854
2024,5,1,2024-05,892,1810,6895.37,12480620
2024,5,1,2024-05,893,2120,6130.25,12996130
2024,5,1,2024-05,894,1553,5940.56,9225690
2024,5,1,2024-05,895,1397,5095.13,7117897
2024,5,1,2024-05,896,1313,7482.66,9824733
2024,5,1,2024-05,897,2449,5446.41,13338258
2024,5,1,2024-05,898,1774,4404.7,7813938
2024,5,1,2024-05,899,1499,6369.27,9547536
2024,5,1,2024-05,900,1072,4517.55,4842814
2024,5,1,2024-05,901,1245,5329.04,6634655
2024,5,1,2024-05,902,1249,5873.63,7336164
2024,5,1,2024-05,903,1908,7218.33,13772574
2024,5,1,2024-05,904,1342,5806.96,7792940
2024,5,1,2024-05,905,1991,6627.66,13195671
2024,5,1,2024-05,906,1988,7581.61,15072241
2024,5,1,2024-05,907,1489,4528.08,6742311
2024,5,1,2024-05,908,1171,5012.86,5870059
2024,5,1,2024-05,909,849,5463.02,4638104
2024,5,1,2024-05,910,1967,5555.16,10927000
2024,5,1,2024-05,911,868,5446.45,4727519
2024,5,1,2024-05,912,897,7311.51,6558424
2024,5,1,2024-05,913,1717,6597.15,11327307
2024,5,1,2024-05,914,1449,6181.13,8956457
2024,5,1,2024-05,915,1191,5143.5,6125908
2024,5,1,2024-05,916,1439,7027.04,10111911
2024,5,1,2024-05,917,678,7399.58,5016915
2024,5,1,2024-05,918,1088,6994.29,7609788
2024,5,1,2024-05,919,1995,4126.98,8233325
2024,5,1,2024-05,920,1691,6322.33,10691060
2024,5,1,2024-05,921,2353,4318.2,10160725
2024,5,1,2024-05,922,784,5037.91,3949721
2024,5,1,2024-05,923,1353,4298.72,5816168
2024,5,1,2024-05,924,2096,6224.3,13046133
2024,5,1,2024-05,925,1510,6521.27,9847118
2024,5,1,2024-05,926,1112,4500.61,5004678
2024,5,1,2024-05,927,1464,5530.1,8096066
2024,5,1,2024-05,928,1122,5721.14,6419119
2024,5,1,2024-05,929,1552,5454.34,8465136
2024,5,1,2024-05,930,1210,4449.74,5384185
2024,5,1,2024-05,931,1251,5541.17,6932004
2024,5,1,2024-05,932,927,6752.29,6259373
2024,5,1,2024-05,933,962,4383.79,4217206
2024,5,1,2024-05,934,2118,4275.46,9055424
2024,5,1,2024-05,935,2018,5472.17,11042839
2024,5,1,2024-05,936,990,7431.79,7357472
2024,5,1,2024-05,937,1462,6509.65,9517108
2024,5,1,2024-05,938,1392,6491.97,9036822
2024,5,1,2024-05,939,1411,5325.19,7513843
2024,5,1,2024-05,940,2327,6266.31,14581703
2024,5,1,2024-05,941,1760,4097.31,7211266
2024,5,1,2024-05,942,1781,6308.08,11234690
2024,5,1,2024-05,943,2173,7347.58,15966291
2024,5,1,2024-05,944,1675,6283.55,10524946
2024,5,1,2024-05,945,1518,7204.01,10935687
2024,5,1,2024-05,946,1125,6673.15,7507294
2024,5,1,2024-05,947,2115,4517.36,9554216
2024,5,1,2024-05,948,1489,7347.09,10939817
2024,5,1,2024-05,949,1640,4309.59,7067728
2024,5,1,2024-05,950,1956,5946.93,11632195
2024,5,1,2024-05,951,2108,4609.78,9717416
2024,5,1,2024-05,952,1243,4000.73,4972907
2024,5,1,2024-05,953,786,5603.59,4404422
2024,5,1,2024-05,954,1600,5190.97,8305552
2024,5,1,2024-05,955,1901,5839.16,11100243
2024,5,1,2024-05,956,2013,6058.95,12196666
2024,5,1,2024-05,957,1824,4290.9,7826602
2024,5,1,2024-05,958,851,4484.11,3815978
2024,5,1,2024-05,959,2373,6073.16,14411609
2024,5,1,2024-05,960,997,5353.02,5336961
2024,5,1,2024-05,961,1442,6645.18,9582350
2024,5,1,2024-05,962,1450,6404.77,9286916
2024,5,1,2024-05,963,1179,7029.96,8288323
2024,5,1,2024-05,964,2006,6533.66,13106522
2024,5,1,2024-05,965,813,5552.19,4513930
2024,5,1,2024-05,966,2167,6494.08,14072671
2024,5,1,2024-05,967,837,4987.69,4174697
2024,5,1,2024-05,968,1190,5159.34,6139615
2024,5,1,2024-05,969,827,6861,5674047
2024,5,1,2024-05,970,2011,5631.35,11324645
2024,5,1,2024-05,971,890,6969.6,6202944
2024,5,1,2024-05,972,1063,6957.55,7395876
2024,5,1,2024-05,973,889,7106.91,6318043
2024,5,1,2024-05,974,2405,7350.87,17678842
2024,5,1,2024-05,975,971,5637.37,5473886
2024,5,1,2024-05,976,1480,5126.91,7587827
2024,5,1,2024-05,977,2179,6140.26,13379627
2024,5,1,2024-05,978,1654,5428.97,8979516
2024,5,1,2024-05,979,1317,6290.54,8284641
2024,5,1,2024-05,980,1289,6590.21,8494781
2024,5,1,2024-05,981,1363,6464.42,8811004
2024,5,1,2024-05,982,1530,5406.41,8271807
2024,5,1,2024-05,983,2003,4643.86,9301652
2024,5,1,2024-05,984,2298,5622.13,12919655
2024,5,1,2024-05,985,2128,4661.73,9920161
2024,5,1,2024-05,986,1112,7194.73,8000540
2024,5,1,2024-05,987,1512,5353.98,8095218
2024,5,1,2024-05,988,2353,4661.9,10969451
2024,5,1,2024-05,989,2312,4190.13,9687581
2024,5,1,2024-05,990,2130,6387.21,13604757
2024,5,1,2024-05,991,1513,6436.94,9739090
2024,5,1,2024-05,992,1054,5343.86,5632428
2024,5,1,2024-05,993,1498,4299.57,6440756
2024,5,1,2024-05,994,1517,5534.42,8395715
2024,5,1,2024-05,995,2232,5132.05,11454736
2024,5,1,2024-05,996,1563,6549.6,10237025
2024,5,1,2024-05,997,2199,6234.59,13709863
2024,5,1,2024-05,998,1120,5284.83,5919010
2024,5,1,2024-05,999,1548,4737.14,7333093
2024,5,1,2024-05,1000,2064,7572.01,15628629
2024,5,1,2024-05,1001,1673,5652.71,9456984
2024,5,1,2024-05,1002,1862,6507.04,12116108
2024,5,1,2024-05,1003,1004,4562.3,4580549
2024,5,1,2024-05,1004,1494,5861.73,8757425
2024,5,1,2024-05,1005,2078,4232.26,8794636
2024,5,1,2024-05,1006,882,5974.79,5269765
2024,5,1,2024-05,1007,1302,7588.26,9879915
2024,5,1,2024-05,1008,1719,5469.79,9402569
2024,5,1,2024-05,1009,2158,4145.98,8947025
2024,5,1,2024-05,1010,979,4216.44,4127895
2024,5,1,2024-05,1011,1950,5383.95,10498702
2024,5,1,2024-05,1012,1200,4656.05,5587260
2024,5,1,2024-05,1013,1025,4086.24,4188396
2024,5,1,2024-05,1014,714,6856.93,4895848
2024,5,1,2024-05,1015,1554,5724.05,8895174
2024,5,1,2024-05,1016,999,5093.17,5088077
2024,5,1,2024-05,1017,1786,7262.83,12971414
2024,5,1,2024-05,1018,1411,4482.87,6325330
2024,5,1,2024-05,1019,1708,7449.75,12724173
2024,5,1,2024-05,1020,1354,5175.93,7008209
2024,5,1,2024-05,1021,2236,7151.25,15990195
2024,5,1,2024-05,1022,1033,6180.91,6384880
2024,5,1,2024-05,1023,1403,6968.88,9777339
2024,5,1,2024-05,1024,1585,7606.21,12055843
2024,5,1,2024-05,1025,2435,5100.95,12420813
2024,5,1,2024-05,1026,1886,7540.09,14220610
2024,5,1,2024-05,1027,2256,5441.35,12275686
2024,5,1,2024-05,1028,994,5451.2,5418493
2024,5,1,2024-05,1029,2200,5193.52,11425744
2024,5,1,2024-05,1030,1275,6043.65,7705654
2024,5,1,2024-05,1031,2238,4677.13,10467417
2024,5,1,2024-05,1032,1934,6075.88,11750752
2024,5,1,2024-05,1033,1483,5964.1,8844760
2024,5,1,2024-05,1034,1542,6814.75,10508344
2024,5,1,2024-05,1035,893,7053.87,6299106
2024,5,1,2024-05,1036,1278,5554,7098012
2024,5,1,2024-05,1037,1030,5205.02,5361171
2024,5,1,2024-05,1038,1075,4947.63,5318702
2024,5,1,2024-05,1039,1427,4790.52,6836072
2024,5,1,2024-05,1040,959,4276.92,4101566
2024,5,1,2024-05,1041,704,5353.02,3768526
2024,5,1,2024-05,1042,1661,4995.76,8297957
2024,5,1,2024-05,1043,1030,7497.2,7722116
2024,5,1,2024-05,1044,987,6091.87,6012676
2024,5,1,2024-05,1045,1577,5282.73,8330865
2024,5,1,2024-05,1046,1108,6206.15,6876414
2024,5,1,2024-05,1047,1716,4532.69,7778096
2024,5,1,2024-05,1048,1639,5681.55,9312060
2024,5,1,2024-05,1049,1118,6305.31,7049337
2024,5,1,2024-05,1050,1179,5785.63,6821258
2024,5,1,2024-05,1051,970,5563.47,5396566
2024,5,1,2024-05,1052,1894,7570.49,14338508
2024,5,1,2024-05,1053,621,7236.47,4493848
2024,5,1,2024-05,1054,1934,6183.04,11957999
2024,5,1,2024-05,1055,1105,6117.04,6759329
2024,5,1,2024-05,1056,2122,6340.6,13454753
2024,5,1,2024-05,1057,1052,4781.83,5030485
2024,5,1,2024-05,1058,1681,5490.03,9228740
2024,5,1,2024-05,1059,1589,4287.48,6812806
2024,5,1,2024-05,1060,1707,5815.12,9926410
2024,5,1,2024-05,1061,2424,5908.27,14321646
2024,5,1,2024-05,1062,1877,4858.4,9119217
2024,5,1,2024-05,1063,1253,7498.52,9395646
2024,5,1,2024-05,1064,1015,7330.65,7440610
2024,5,1,2024-05,1065,1116,6645.02,7415842
2024,5,1,2024-05,1066,1097,5950.46,6527655
2024,5,1,2024-05,1067,2120,7149.12,15156134
2024,5,1,2024-05,1068,1894,4471.5,8469021
2024,5,1,2024-05,1069,1187,6846.56,8126867
2024,5,1,2024-05,1070,1356,4553.28,6174248
2024,5,1,2024-05,1071,2094,6858,14360652
2024,5,1,2024-05,1072,2286,5018.23,11471674
2024,5,1,2024-05,1073,1643,7135.44,11723528
2024,5,1,2024-05,1074,2154,7457.35,16063132
2024,5,1,2024-05,1075,1831,4644.24,8503603
2024,5,1,2024-05,1076,2172,5773.92,12540954
2024,5,1,2024-05,1077,1098,7554.45,8294786
2024,5,1,2024-05,1078,1486,5792.7,8607952
2024,5,1,2024-05,1079,2197,7154,15717338
2024,5,1,2024-05,1080,1502,6152.77,9241461
2024,5,1,2024-05,1081,1939,5424.61,10518319
2024,5,1,2024-05,1082,977,5141,5022757
2024,5,1,2024-05,1083,1839,4840.15,8901036
2024,5,1,2024-05,1084,2109,6781.91,14303048
2024,5,1,2024-05,1085,1096,5425.73,5946600
2024,5,1,2024-05,1086,2235,5843.24,13059641
2024,5,1,2024-05,1087,1480,5749.27,8508920
2024,5,1,2024-05,1088,1164,6155.23,7164688
2024,5,1,2024-05,1089,1394,7159.91,9980915
2024,5,1,2024-05,1090,1909,7571.46,14453917
2024,5,1,2024-05,1091,988,5634.99,5567370
2024,5,1,2024-05,1092,1404,7095.51,9962096
2024,5,1,2024-05,1093,1110,6801.14,7549265
2024,5,1,2024-05,1094,2228,6126.73,13650354
2024,5,1,2024-05,1095,1335,7433.01,9923068
2024,5,1,2024-05,1096,1434,4814.58,6904108
2024,5,1,2024-05,1097,1153,4470.22,5154164
2024,5,1,2024-05,1098,1777,7078.76,12578957
2024,5,1,2024-05,1099,1504,5648.83,8495840
2024,5,1,2024-05,1100,946,7140.42,6754837
2024,5,1,2024-05,1101,1732,7351.22,12732313
2024,5,1,2024-05,1102,1371,4224.74,5792119
2024,5,1,2024-05,1103,907,7172.31,6505285
2024,5,1,2024-05,1104,2171,5665.85,12300560
2024,5,1,2024-05,1105,1712,5902.44,10104977
2024,5,1,2024-05,1106,1300,6382.42,8297146
2024,5,1,2024-05,1107,1587,7432.3,11795060
2024,5,1,2024-05,1108,959,4044.77,3878934
2024,5,1,2024-05,1109,2096,5753.14,12058581
2024,5,1,2024-05,1110,932,6456.66,6017607
2024,5,1,2024-05,1111,1429,6591.17,9418782
2024,5,1,2024-05,1112,1201,6568.44,7888696
2024,5,1,2024-05,1113,1959,4556.07,8925341
2024,5,1,2024-05,1114,1372,5213.37,7152744
2024,5,1,2024-05,1115,2502,5287.1,13228324
2024,5,1,2024-05,1116,1843,6940.54,12791415
2024,5,1,2024-05,1117,2117,5040.67,10671098
2024,5,1,2024-05,1118,1245,4892.87,6091623
2024,5,1,2024-05,1119,2117,7447.52,15766400
2024,5,1,2024-05,1120,1615,4111.22,6639620
2024,5,1,2024-05,1121,1247,7569.45,9439104
2024,5,1,2024-05,1122,1023,6551.24,6701919
2024,5,1,2024-05,1123,1260,7110.15,8958789
2024,5,1,2024-05,1124,2469,5090.25,12567827
2024,5,1,2024-05,1125,2120,4084.16,8658419
2024,5,1,2024-05,1126,2103,6715.9,14123538
2024,5,1,2024-05,1127,1878,7010.93,13166527
2024,5,1,2024-05,1128,2297,6764.93,15539044
2024,5,1,2024-05,1129,1754,4600.34,8068996
2024,5,1,2024-05,1130,1109,6816.59,7559598
2024,5,1,2024-05,1131,2201,6766.25,14892516
2024,5,1,2024-05,1132,1010,6358.92,6422509
2024,5,1,2024-05,1133,1392,6821.31,9495264
2024,5,1,2024-05,1134,1396,7165.81,10003471
2024,5,1,2024-05,1135,1602,6218.3,9961717
2024,5,1,2024-05,1136,2144,4406.9,9448394
2024,5,1,2024-05,1137,1619,5780.85,9359196
2024,5,1,2024-05,1138,2087,4394.69,9171718
2024,5,1,2024-05,1139,1531,5484.98,8397504
2024,5,1,2024-05,1140,1035,5535.59,5729336
2024,5,1,2024-05,1141,981,4355.92,4273158
2024,5,1,2024-05,1142,1718,5254.63,9027454
2024,5,1,2024-05,1143,691,4493.2,3104801
2024,5,1,2024-05,1144,2120,6939.15,14710998
2024,5,1,2024-05,1145,2155,7491.22,16143579
2024,5,1,2024-05,1146,1823,4344.61,7920224
2024,5,1,2024-05,1147,834,7460.8,6222307
2024,5,1,2024-05,1148,1110,5931.22,6583654
2024,5,1,2024-05,1149,1704,5056.6,8616446
2024,5,1,2024-05,1150,925,4383.39,4054636
2024,5,1,2024-05,1151,2377,5942.56,14125465
2024,5,1,2024-05,1152,1023,6881.8,7040081
2024,5,1,2024-05,1153,1704,6592.43,11233501
2024,5,1,2024-05,1154,1300,4319.9,5615870
2024,5,1,2024-05,1155,2292,4249.35,9739510
2024,5,1,2024-05,1156,1701,5530.76,9407823
2024,5,1,2024-05,1157,2098,5199.34,10908215
2024,5,1,2024-05,1158,850,4871.11,4140443
2024,5,1,2024-05,1159,812,5048.63,4099488
2024,5,1,2024-05,1160,2120,6998.05,14835866
2024,5,1,2024-05,1161,1619,7338.08,11880352
2024,5,1,2024-05,1162,1170,5554.84,6499163
2024,5,1,2024-05,1163,1908,7321.55,13969517
2024,5,1,2024-05,1164,1492,5268.67,7860856
2024,5,1,2024-05,1165,903,5764.98,5205777
2024,5,1,2024-05,1166,1484,4945.87,7339671
2024,5,1,2024-05,1167,1235,6339.01,7828677
2024,5,1,2024-05,1168,969,7498.49,7266037
2024,5,1,2024-05,1169,1223,6154.97,7527528
2024,5,1,2024-05,1170,1274,5298.11,6749792
2024,5,1,2024-05,1171,1014,6412.98,6502762
2024,5,1,2024-05,1172,959,4474.87,4291400
2024,5,1,2024-05,1173,1854,7241.5,13425741
2024,5,1,2024-05,1174,1976,5869.94,11599001
2024,5,1,2024-05,1175,1834,5639.15,10342201
2024,5,1,2024-05,1176,1763,6168.41,10874907
2024,5,1,2024-05,1177,1826,6342.66,11581697
2024,5,1,2024-05,1178,1560,4327.69,6751196
2024,5,1,2024-05,1179,2171,6548.11,14215947
2024,5,1,2024-05,1180,2034,4916.56,10000283
2024,5,1,2024-05,1181,1288,6630.6,8540213
2024,5,1,2024-05,1182,1675,7010.66,11742856
2024,5,1,2024-05,1183,1977,6988.29,13815849
2024,5,1,2024-05,1184,1822,6061.38,11043834
2024,5,1,2024-05,1185,1582,5897.95,9330557
2024,5,1,2024-05,1186,957,4601.86,4403980
2024,5,1,2024-05,1187,1952,6794.79,13263430
2024,5,1,2024-05,1188,1909,5056.94,9653698
2024,5,1,2024-05,1189,1379,5841.66,8055649
2024,5,1,2024-05,1190,2183,5091.44,11114614
2024,5,1,2024-05,1191,1840,4545.8,8364272
2024,5,1,2024-05,1192,998,6289.96,6277380
2024,5,1,2024-05,1193,1638,4230.83,6930100
2024,5,1,2024-05,1194,2267,6791.13,15395492
2024,5,1,2024-05,1195,2290,5288.32,12110253
2024,5,1,2024-05,1196,2141,4082.51,8740654
2024,5,1,2024-05,1197,1556,5896,9174176
2024,5,1,2024-05,1198,2145,4181.84,8970047
2024,5,1,2024-05,1199,1734,4976.59,8629407
2024,5,1,2024-05,1200,2183,6521.39,14236194
2024,5,1,2024-05,1201,2123,4317.52,9166095
2024,5,1,2024-05,1202,1396,6986.38,9752986
2024,5,1,2024-05,1203,1892,4113.1,7781985
2024,5,1,2024-05,1204,1991,4901.62,9759125
2024,5,1,2024-05,1205,1657,6722.05,11138437
2024,5,1,2024-05,1206,1840,5180.58,9532267
2024,5,1,2024-05,1207,1413,4385.87,6197234
2024,5,1,2024-05,1208,1186,5293.57,6278174
2024,5,1,2024-05,1209,1685,4957.6,8353556
2024,5,1,2024-05,1210,1514,7029.63,10642860
2024,5,1,2024-05,1211,2208,5288.57,11677163
2024,5,1,2024-05,1212,1832,6945.01,12723258
2024,5,1,2024-05,1213,2423,7262.01,17595850
2024,5,1,2024-05,1214,2052,5602.08,11495468
2024,5,1,2024-05,1215,991,7291.94,7226313
2024,5,1,2024-05,1216,2303,5421.8,12486405
2024,5,1,2024-05,1217,1087,7485.91,8137184
2024,5,1,2024-05,1218,907,4362.61,3956887
2024,5,1,2024-05,1219,1736,6544.4,11361078
2024,5,1,2024-05,1220,1444,5787.33,8356905
2024,5,1,2024-05,1221,1165,5342.12,6223570
2024,5,1,2024-05,1222,1602,6302.3,10096285
2024,5,1,2024-05,1223,965,6647.95,6415272
2024,5,1,2024-05,1224,1066,4012.14,4276941
2024,5,1,2024-05,1225,1892,4610.13,8722366
2024,5,1,2024-05,1226,1279,6586.77,8424479
2024,5,1,2024-05,1227,1350,6376.93,8608856
2024,5,1,2024-05,1228,1134,7586.29,8602853
2024,5,1,2024-05,1229,1429,6791.14,9704539
2024,5,1,2024-05,1230,1859,7384.06,13726968
2024,5,1,2024-05,1231,1764,6572.15,11593273
2024,5,1,2024-05,1232,1812,5132.12,9299401
2024,5,1,2024-05,1233,1394,4435.13,6182571
2024,5,1,2024-05,1234,2072,6853.5,14200452
2024,5,1,2024-05,1235,1805,6363.63,11486352
2024,5,1,2024-05,1236,1508,4255.8,6417746
2024,5,1,2024-05,1237,945,5372.02,5076559
2024,5,1,2024-05,1238,1821,7418.25,13508633
2024,5,1,2024-05,1239,1247,5858.98,7306148
2024,5,1,2024-05,1240,2099,5622.85,11802362
2024,5,1,2024-05,1241,1043,5676.36,5920443
2024,5,1,2024-05,1242,965,4892.32,4721089
2024,5,1,2024-05,1243,904,5382.38,4865672
2024,5,1,2024-05,1244,1750,5412.75,9472312
2024,5,1,2024-05,1245,1453,4236.54,6155693
2024,5,1,2024-05,1246,1446,6796.37,9827551
2024,5,1,2024-05,1247,808,5572.17,4502313
2024,5,1,2024-05,1248,2413,6942.72,16752783
2024,5,1,2024-05,1249,1758,7139.11,12550555
2024,5,1,2024-05,1250,1790,4771.25,8540538
2024,5,1,2024-05,1251,1739,6456.25,11227419
2024,5,1,2024-05,1252,1820,5743.81,10453734
2024,5,1,2024-05,1253,2164,7304.73,15807436
2024,5,1,2024-05,1254,1440,4884.26,7033334
2024,5,1,2024-05,1255,1167,6534.09,7625283
2024,5,1,2024-05,1256,1264,6246.03,7894982
2024,5,1,2024-05,1257,1379,5169.5,7128740
2024,5,1,2024-05,1258,2164,4591.71,9936460
2024,5,1,2024-05,1259,2238,6309.04,14119632
2024,5,1,2024-05,1260,1333,6667.44,8887698
2024,5,1,2024-05,1261,966,5154.76,4979498
2024,5,1,2024-05,1262,1893,6336.89,11995733
2024,5,1,2024-05,1263,1821,5468.9,9958867
2024,5,1,2024-05,1264,1139,6639.23,7562083
2024,5,1,2024-05,1265,1169,4833.9,5650829
2024,5,1,2024-05,1266,1954,7275.17,14215682
2024,5,1,2024-05,1267,1350,5151.73,6954835
2024,5,1,2024-05,1268,2109,5335.3,11252148
2024,5,1,2024-05,1269,893,4254.56,3799322
2024,5,1,2024-05,1270,1498,4456.22,6675418
2024,5,1,2024-05,1271,1154,5881.43,6787170
2024,5,1,2024-05,1272,2156,4974.63,10725302
2024,5,1,2024-05,1273,1319,7070.06,9325409
2024,5,1,2024-05,1274,2284,4090.65,9343045
2024,5,1,2024-05,1275,1062,5459.51,5798000
2024,5,1,2024-05,1276,1881,5219.15,9817221
2024,5,1,2024-05,1277,2521,4177.7,10531982
2024,5,1,2024-05,1278,1846,4523.5,8350381
2024,5,1,2024-05,1279,882,5556.22,4900586
2024,5,1,2024-05,1280,1556,5840.34,9087569
2024,5,1,2024-05,1281,1593,5509.5,8776634
2024,5,1,2024-05,1282,2206,5962.42,13153099
2024,5,1,2024-05,1283,2050,6182.3,12673715
2024,5,1,2024-05,1284,1717,4118.72,7071842
2024,5,1,2024-05,1285,1217,5751.48,6999551
2024,5,1,2024-05,1286,1340,7489.17,10035488
2024,5,1,2024-05,1287,2016,5985.25,12066264
2024,5,1,2024-05,1288,1877,6472.19,12148301
2024,5,1,2024-05,1289,873,5151.59,4497338
2024,5,1,2024-05,1290,1995,6826.18,13618229
2024,5,1,2024-05,1291,1725,6794.71,11720875
2024,5,1,2024-05,1292,1724,5951.85,10260989
2024,5,1,2024-05,1293,1854,7547.85,13993714
2024,5,1,2024-05,1294,1731,4551.07,7877902
2024,5,1,2024-05,1295,773,4127.6,3190635
2024,5,1,2024-05,1296,1505,6815.09,10256710
2024,5,1,2024-05,1297,1646,6933.02,11411751
2024,5,1,2024-05,1298,2330,4536.19,10569323
2024,5,1,2024-05,1299,1078,5007.02,5397568
2024,5,1,2024-05,1300,2263,4144.4,9378777
2024,5,1,2024-05,1301,921,5164.02,4756062
2024,5,1,2024-05,1302,800,6826,5460800
2024,5,1,2024-05,1303,2201,5914.47,13017748
2024,5,1,2024-05,1304,2086,5302.17,11060327
2024,5,1,2024-05,1305,2196,5405.5,11870478
2024,5,1,2024-05,1306,2233,4110.98,9179818
2024,5,1,2024-05,1307,1844,5175.1,9542884
2024,5,1,2024-05,1308,1400,6399.8,8959720
2024,5,1,2024-05,1309,1183,7602.16,8993355
2024,5,1,2024-05,1310,1496,7097.57,10617965
2024,5,1,2024-05,1311,1359,4217.28,5731284
2024,5,1,2024-05,1312,917,7324.94,6716970
2024,5,1,2024-05,1313,2118,6836.44,14479580
2024,5,1,2024-05,1314,1502,6891.21,10350597
2024,5,1,2024-05,1315,2132,5621.34,11984697
2024,5,1,2024-05,1316,1980,5544.82,10978744
2024,5,1,2024-05,1317,1322,5148.04,6805709
2024,5,1,2024-05,1318,1969,4269.4,8406449
2024,5,1,2024-05,1319,1795,4806,8626770
2024,5,1,2024-05,1320,2084,4944.13,10303567
2024,5,1,2024-05,1321,2356,5852.69,13788938
2024,5,1,2024-05,1322,931,6749.14,6283449
2024,5,1,2024-05,1323,1978,5743.51,11360663
2024,5,1,2024-05,1324,1839,4267.79,7848466
2024,5,1,2024-05,1325,2204,7549,16637996
2024,5,1,2024-05,1326,1969,7466.81,14702149
2024,5,1,2024-05,1327,1678,6871.09,11529689
2024,5,1,2024-05,1328,1347,7650.93,10305803
2024,5,1,2024-05,1329,1400,6049.34,8469076
2024,5,1,2024-05,1330,1038,7466.91,7750653
2024,5,1,2024-05,1331,855,4324.17,3697165
2024,5,1,2024-05,1332,1210,5439.19,6581420
2024,5,1,2024-05,1333,1749,4904.88,8578635
2024,5,1,2024-05,1334,1595,4848.72,7733708
2024,5,1,2024-05,1335,1476,4599.46,6788803
2024,5,1,2024-05,1336,1637,6259.91,10247473
2024,5,1,2024-05,1337,950,6858.22,6515309
2024,5,1,2024-05,1338,1378,6169.79,8501971
2024,5,1,2024-05,1339,1389,4594.1,6381205
2024,5,1,2024-05,1340,994,6968.28,6926470
2024,5,1,2024-05,1341,1927,6431.77,12394021
2024,5,1,2024-05,1342,1080,5444.92,5880514
2024,5,1,2024-05,1343,2277,6490.97,14779939
2024,5,1,2024-05,1344,1827,5009.42,9152210
2024,5,1,2024-05,1345,1847,5343.27,9869020
2024,5,1,2024-05,1346,1511,7356.99,11116412
2024,5,1,2024-05,1347,785,5112.77,4013524
2024,5,1,2024-05,1348,1220,5838.39,7122836
2024,5,1,2024-05,1349,1480,7243.04,10719699
2024,5,1,2024-05,1350,1548,6629.4,10262311
2024,5,1,2024-05,1351,1598,4233.99,6765916
2024,5,1,2024-05,1352,1911,4595.81,8782593
2024,5,1,2024-05,1353,2174,4093.5,8899269
2024,5,1,2024-05,1354,1685,6318.99,10647498
2024,5,1,2024-05,1355,1171,5590.6,6546593
2024,5,1,2024-05,1356,1783,4533.25,8082785
2024,5,1,2024-05,1357,1234,7450.58,9194016
2024,5,1,2024-05,1358,991,6009.61,5955524
2024,5,1,2024-05,1359,1681,4894.47,8227604
2024,5,1,2024-05,1360,1667,5885.26,9810728
2024,5,1,2024-05,1361,2023,6526.48,13203069
2024,5,1,2024-05,1362,1638,4315.21,7068314
2024,5,1,2024-05,1363,1974,5012.26,9894201
2024,5,1,2024-05,1364,1889,6938,13105882
2024,5,1,2024-05,1365,1781,5692.93,10139108
2024,5,1,2024-05,1366,1578,5976.87,9431501
2024,5,1,2024-05,1367,2060,5601.68,11539461
2024,5,1,2024-05,1368,2176,4240.6,9227546
2024,5,1,2024-05,1369,1452,4607.97,6690772
2024,5,1,2024-05,1370,1612,5651.64,9110444
2024,5,1,2024-05,1371,1869,4793,8958117
2024,5,1,2024-05,1372,1345,4252.46,5719559
2024,5,1,2024-05,1373,970,7166.47,6951476
2024,5,1,2024-05,1374,1048,7504.51,7864726
2024,5,1,2024-05,1375,1499,6896.58,10337973
2024,5,1,2024-05,1376,1419,7130.43,10118080
2024,5,1,2024-05,1377,1867,4910.75,9168370
2024,5,1,2024-05,1378,1929,7515.83,14498036
2024,5,1,2024-05,1379,1434,4707.19,6750110
2024,5,1,2024-05,1380,1419,7450.69,10572529
2024,5,1,2024-05,1381,1374,7501.28,10306759
2024,5,1,2024-05,1382,968,6599.76,6388568
2024,5,1,2024-05,1383,2011,7517.07,15116828
2024,5,1,2024-05,1384,2121,6117.19,12974560
2024,5,1,2024-05,1385,1930,5060.04,9765877
2024,5,1,2024-05,1386,2141,5642.32,12080207
2024,5,1,2024-05,1387,2163,6185.51,13379258
2024,5,1,2024-05,1388,1401,4307.33,6034569
2024,5,1,2024-05,1389,710,6279.01,4458097
2024,5,1,2024-05,1390,1406,7560.72,10630372
2024,5,1,2024-05,1391,1188,4749.25,5642109
2024,5,1,2024-05,1392,963,6920.87,6664798
2024,5,1,2024-05,1393,1785,7276.48,12988517
2024,5,1,2024-05,1394,1422,7490.49,10651477
2024,5,1,2024-05,1395,1512,7487.86,11321644
2024,5,1,2024-05,1396,864,5932.09,5125326
2024,5,1,2024-05,1397,1733,7616.7,13199741
2024,5,1,2024-05,1398,1943,6677.65,12974674
2024,5,1,2024-05,1399,850,4532.46,3852591
2024,5,1,2024-05,1400,944,5789.9,5465666
2024,5,1,2024-05,1401,2208,6634.66,14649329
2024,5,1,2024-05,1402,911,5019.71,4572956
2024,5,1,2024-05,1403,1778,6306.2,11212424
2024,5,1,2024-05,1404,700,6471.45,4530015
2024,5,1,2024-05,1405,2010,4634.49,9315325
2024,5,1,2024-05,1406,1965,6129.86,12045175
2024,5,1,2024-05,1407,1911,6726.21,12853787
2024,5,1,2024-05,1408,2172,5838.99,12682286
2024,5,1,2024-05,1409,1468,4145.81,6086049
2024,5,1,2024-05,1410,1275,4066.36,5184609
2024,5,1,2024-05,1411,945,5341.98,5048171
2024,5,1,2024-05,1412,2136,7378.59,15760668
2024,5,1,2024-05,1413,1417,4901.35,6945213
2024,5,1,2024-05,1414,1374,6285.5,8636277
2024,5,1,2024-05,1415,832,4840.84,4027579
2024,5,1,2024-05,1416,1556,5240.46,8154156
2024,5,1,2024-05,1417,981,7130.84,6995354
2024,5,1,2024-05,1418,1730,6679.63,11555760
2024,5,1,2024-05,1419,1377,4394.97,6051874
2024,5,1,2024-05,1420,1773,5604.53,9936832
2024,5,1,2024-05,1421,2284,4211.9,9619980
2024,5,1,2024-05,1422,1594,5795.69,9238330
2024,5,1,2024-05,1423,1631,6381.6,10408390
2024,5,1,2024-05,1424,2233,4442.31,9919678
2024,5,1,2024-05,1425,1712,5102.81,8736011
2024,5,1,2024-05,1426,1611,5415.46,8724306
2024,5,1,2024-05,1427,947,7388.22,6996644
2024,5,1,2024-05,1428,1987,7574,15049538
2024,5,1,2024-05,1429,2087,4178.14,8719778
2024,5,1,2024-05,1430,1587,6862.59,10890930
2024,5,1,2024-05,1431,1696,5373.89,9114117
2024,5,1,2024-05,1432,2380,5483.67,13051135
2024,5,1,2024-05,1433,2300,6789.51,15615873
2024,5,1,2024-05,1434,1415,7413.95,10490739
2024,5,1,2024-05,1435,1003,7437.97,7460284
2024,5,1,2024-05,1436,929,6138.14,5702332
2024,5,1,2024-05,1437,2219,5339.39,11848106
2024,5,1,2024-05,1438,835,6989.31,5836074
2024,5,1,2024-05,1439,1609,4874.91,7843730
2024,5,1,2024-05,1440,1955,6076.36,11879284
2024,5,1,2024-05,1441,1327,5349.18,7098362
2024,5,1,2024-05,1442,1735,6409.02,11119650
2024,5,1,2024-05,1443,1405,4863.05,6832585
2024,5,1,2024-05,1444,1862,4670.38,8696248
2024,5,1,2024-05,1445,1946,7278.61,14164175
2024,5,1,2024-05,1446,981,4472.09,4387120
2024,5,1,2024-05,1447,983,5875.35,5775469
2024,5,1,2024-05,1448,1122,4779.12,5362173
2024,5,1,2024-05,1449,1623,4273.25,6935485
2024,5,1,2024-05,1450,1612,4286.77,6910273
2024,5,1,2024-05,1451,1412,4708.93,6649009
2024,5,1,2024-05,1452,765,7183.43,5495324
2024,5,1,2024-05,1453,2183,5082.29,11094639
2024,5,1,2024-05,1454,2159,7434.76,16051647
2024,5,1,2024-05,1455,1470,6063.87,8913889
2024,5,1,2024-05,1456,1832,5579.83,10222249
2024,5,1,2024-05,1457,2415,6138.31,14824019
2024,5,1,2024-05,1458,2108,5940.35,12522258
2024,5,1,2024-05,1459,1817,6768.23,12297874
2024,5,1,2024-05,1460,1341,5074.08,6804341
2024,5,1,2024-05,1461,1289,5332.21,6873219
2024,5,1,2024-05,1462,1051,7266.53,7637123
2024,5,1,2024-05,1463,1008,7422.28,7481658
2024,5,1,2024-05,1464,2332,7274.86,16964974
2024,5,1,2024-05,1465,716,5517.22,3950330
2024,5,1,2024-05,1466,1523,6869.54,10462309
2024,5,1,2024-05,1467,1247,5702.03,7110431
2024,5,1,2024-05,1468,1838,5792.33,10646303
2024,5,1,2024-05,1469,1996,4768.26,9517447
2024,5,1,2024-05,1470,989,6188.93,6120852
2024,5,1,2024-05,1471,1753,4744.96,8317915
2024,5,1,2024-05,1472,778,5215.24,4057457
2024,5,1,2024-05,1473,734,7058.46,5180910
2024,5,1,2024-05,1474,1869,4863.37,9089639
2024,5,1,2024-05,1475,864,4326.88,3738424
2024,5,1,2024-05,1476,2173,4310.02,9365673
2024,5,1,2024-05,1477,829,7444.82,6171756
2024,5,1,2024-05,1478,1017,5836.62,5935843
2024,5,1,2024-05,1479,2321,5579.63,12950321
2024,5,1,2024-05,1480,990,6990.6,6920694
2024,5,1,2024-05,1481,1866,7040.99,13138487
2024,5,1,2024-05,1482,1174,5252.96,6166975
2024,5,1,2024-05,1483,1160,6535.27,7580913
2024,5,1,2024-05,1484,1955,6882.74,13455757
2024,5,1,2024-05,1485,1499,6426.35,9633099
2024,5,1,2024-05,1486,1800,4635.44,8343792
2024,5,1,2024-05,1487,1803,7199.85,12981330
2024,5,1,2024-05,1488,1310,5994.4,7852664
2024,5,1,2024-05,1489,756,5162.82,3903092
2024,5,1,2024-05,1490,2128,5571.58,11856322
2024,5,1,2024-05,1491,982,4213.84,4137991
2024,5,1,2024-05,1492,1050,4619.08,4850034
2024,5,1,2024-05,1493,1287,6862.56,8832115
2024,5,1,2024-05,1494,1817,4086.95,7425988
2024,5,1,2024-05,1495,1203,5489.04,6603315
2024,5,1,2024-05,1496,1822,6032.8,10991762
2024,5,1,2024-05,1497,1620,4254.06,6891577
2024,5,1,2024-05,1498,2162,7547.5,16317695
2024,5,1,2024-05,1499,1326,4923.54,6528614
2024,5,1,2024-05,1500,2021,5146.56,10401198
2024,5,1,2024-05,1501,2167,5164.48,11191428
2024,5,1,2024-05,1502,1169,4895.33,5722641
2024,5,1,2024-05,1503,905,4058.74,3673160
2024,5,1,2024-05,1504,2125,6689.41,14214996
2024,5,1,2024-05,1505,1522,7492.94,11404255
2024,5,1,2024-05,1506,1854,4819.43,8935223
2024,5,1,2024-05,1507,1566,6461.25,10118318
2024,5,1,2024-05,1508,1189,6774.74,8055166
2024,5,1,2024-05,1509,1912,7065.3,13508854
2024,5,1,2024-05,1510,1963,5554.92,10904308
2024,5,1,2024-05,1511,1167,5151.52,6011824
2024,5,1,2024-05,1512,1354,5231.41,7083329
2024,5,1,2024-05,1513,1100,6525.15,7177665
2024,5,1,2024-05,1514,1388,6966.66,9669724
2024,5,1,2024-05,1515,1088,4798.99,5221301
2024,5,1,2024-05,1516,1603,5456.98,8747539
2024,5,1,2024-05,1517,1488,7366.46,10961292
2024,5,1,2024-05,1518,1581,6977.53,11031475
2024,5,1,2024-05,1519,1420,7561.85,10737827
2024,5,1,2024-05,1520,2373,6774.04,16074797
2024,5,1,2024-05,1521,1374,5500.47,7557646
2024,5,1,2024-05,1522,1948,6163.6,12006693
2024,5,1,2024-05,1523,1913,6352.06,12151491
2024,5,1,2024-05,1524,1025,4390.67,4500437
2024,5,1,2024-05,1525,1729,5993.51,10362779
2024,5,1,2024-05,1526,1914,6630.3,12690394
2024,5,1,2024-05,1527,1324,4596.03,6085144
2024,5,1,2024-05,1528,2330,6827.82,15908821
2024,5,1,2024-05,1529,1321,6171.36,8152367
2024,5,1,2024-05,1530,2128,7497.67,15955042
2024,5,1,2024-05,1531,2038,4254.97,8671629
2024,5,1,2024-05,1532,1935,5013.95,9701993
2024,5,1,2024-05,1533,1852,6226.06,11530663
2024,5,1,2024-05,1534,1255,5146.09,6458343
2024,5,1,2024-05,1535,790,6634.72,5241429
2024,5,1,2024-05,1536,1857,6805.19,12637238
2024,5,1,2024-05,1537,1026,4384.02,4498005
2024,5,1,2024-05,1538,1720,5988.14,10299601
2024,5,1,2024-05,1539,1854,5878.29,10898350
2024,5,1,2024-05,1540,1924,5383.9,10358624
2024,5,1,2024-05,1541,1809,7387.28,13363590
2024,5,1,2024-05,1542,809,7034.46,5690878
2024,5,1,2024-05,1543,1831,6493.97,11890459
2024,5,1,2024-05,1544,1329,6598.06,8768822
2024,5,1,2024-05,1545,793,5632.3,4466414
2024,5,1,2024-05,1546,1426,7336.73,10462177
2024,5,1,2024-05,1547,2358,6556.65,15460581
2024,5,1,2024-05,1548,1799,6697.93,12049576
2024,5,1,2024-05,1549,1644,7143.41,11743766
2024,5,1,2024-05,1550,2373,5061.14,12010085
2024,5,1,2024-05,1551,1674,6875.21,11509102
2024,5,1,2024-05,1552,1846,4773.86,8812546
2024,5,1,2024-05,1553,816,5359.28,4373172
2024,5,1,2024-05,1554,1392,5288.84,7362065
2024,5,1,2024-05,1555,2355,7529.59,17732184
2024,5,1,2024-05,1556,1909,7135.28,13621250
2024,5,1,2024-05,1557,1591,6634.43,10555378
2024,5,1,2024-05,1558,2475,6691.06,16560374
2024,5,1,2024-05,1559,1134,6103.29,6921131
2024,5,1,2024-05,1560,1530,7415.57,11345822
2024,5,1,2024-05,1561,1935,5825.17,11271704
2024,5,1,2024-05,1562,1334,5425.2,7237217
2024,5,1,2024-05,1563,1037,4733.19,4908318
2024,5,1,2024-05,1564,1183,6835.53,8086432
2024,5,1,2024-05,1565,1539,6703.49,10316671
2024,5,1,2024-05,1566,1725,5472.28,9439683
2024,5,1,2024-05,1567,1992,4193.16,8352775
2024,5,1,2024-05,1568,2367,7053.88,16696534
2024,5,1,2024-05,1569,1858,4095.93,7610238
2024,5,1,2024-05,1570,1531,6668.79,10209917
2024,5,1,2024-05,1571,857,7521.59,6446003
2024,5,1,2024-05,1572,1734,5613.47,9733757
2024,5,1,2024-05,1573,1302,4950.51,6445564
2024,5,1,2024-05,1574,1168,6592,7699456
2024,5,1,2024-05,1575,959,6928.45,6644384
2024,5,1,2024-05,1576,1491,6064.67,9042423
2024,5,1,2024-05,1577,1421,7504.26,10663553
2024,5,1,2024-05,1578,999,4235.91,4231674
2024,5,1,2024-05,1579,2201,5991.67,13187666
2024,5,1,2024-05,1580,2040,6624.16,13513286
2024,5,1,2024-05,1581,1116,7152.49,7982179
2024,5,1,2024-05,1582,1097,4750.87,5211704
2024,5,1,2024-05,1583,1700,6883.91,11702647
2024,5,1,2024-05,1584,1648,6068.13,10000278
2024,5,1,2024-05,1585,1964,5527.12,10855264
2024,5,1,2024-05,1586,1044,4599.75,4802139
2024,5,1,2024-05,1587,1157,7188.62,8317233
2024,5,1,2024-05,1588,1504,4581.58,6890696
2024,5,1,2024-05,1589,807,5195.41,4192696
2024,5,1,2024-05,1590,2083,5044.77,10508256
2024,5,1,2024-05,1591,1990,7236.14,14399919
2024,5,1,2024-05,1592,1134,6519.73,7393374
2024,5,1,2024-05,1593,1205,6924.1,8343540
2024,5,1,2024-05,1594,783,4972.29,3893303
2024,5,1,2024-05,1595,1250,6300.3,7875375
2024,5,1,2024-05,1596,1298,6109.78,7930494
2024,5,1,2024-05,1597,1492,7086.59,10573192
2024,5,1,2024-05,1598,1576,7290.56,11489923
2024,5,1,2024-05,1599,1222,4211.87,5146905
2024,5,1,2024-05,1600,1293,6483.88,8383657
2024,5,1,2024-05,1601,1725,4310.76,7436061
2024,5,1,2024-05,1602,2305,5954.79,13725791
2024,5,1,2024-05,1603,1976,5070.71,10019723
2024,5,1,2024-05,1604,2066,5206.27,10756154
2024,5,1,2024-05,1605,1048,5344.42,5600952
2024,5,1,2024-05,1606,1160,6289.13,7295391
2024,5,1,2024-05,1607,1686,5310.08,8952795
2024,5,1,2024-05,1608,2204,6780.99,14945302
2024,5,1,2024-05,1609,1337,5461.99,7302681
2024,5,1,2024-05,1610,1694,4358.9,7383977
2024,5,1,2024-05,1611,2252,6847.96,15421606
2024,5,1,2024-05,1612,2081,5128.46,10672325
2024,5,1,2024-05,1613,2066,5594.38,11557989
2024,5,1,2024-05,1614,2085,6540.69,13637339
2024,5,1,2024-05,1615,803,5284.62,4243550
2024,5,1,2024-05,1616,1725,4240.51,7314880
2024,5,1,2024-05,1617,876,5383.35,4715815
2024,5,1,2024-05,1618,1856,7433.02,13795685
2024,5,1,2024-05,1619,1302,6287.69,8186572
2024,5,1,2024-05,1620,1528,6487.44,9912808
2024,5,1,2024-05,1621,1900,6393.36,12147384
2024,5,1,2024-05,1622,1635,4723.58,7723053
2024,5,1,2024-05,1623,1978,5592.91,11062776
2024,5,1,2024-05,1624,2296,6766.13,15535034
2024,5,1,2024-05,1625,2058,4400.72,9056682
2024,5,1,2024-05,1626,2064,5153.61,10637051
2024,5,1,2024-05,1627,1247,5108.07,6369763
2024,5,1,2024-05,1628,1777,5667.88,10071823
2024,5,1,2024-05,1629,912,7571.58,6905281
2024,5,1,2024-05,1630,1811,4242.76,7683638
2024,5,1,2024-05,1631,1449,5929.31,8591570
2024,5,1,2024-05,1632,1219,4704.54,5734834
2024,5,1,2024-05,1633,980,7581.14,7429517
2024,5,1,2024-05,1634,882,4447.72,3922889
2024,5,1,2024-05,1635,1778,5570.74,9904776
2024,5,1,2024-05,1636,1544,6676.14,10307960
2024,5,1,2024-05,1637,1653,6616.86,10937670
2024,5,1,2024-05,1638,1803,5545.37,9998302
2024,5,1,2024-05,1639,1663,5305.21,8822564
2024,5,1,2024-05,1640,1154,5429.34,6265458
2024,5,1,2024-05,1641,1673,5016.58,8392738
2024,5,1,2024-05,1642,1745,4757.53,8301890
2024,5,1,2024-05,1643,772,5819.26,4492469
2024,5,1,2024-05,1644,1856,5059.85,9391082
2024,5,1,2024-05,1645,1067,5095.56,5436963
2024,5,1,2024-05,1646,827,6385.05,5280436
2024,5,1,2024-05,1647,1047,7545.74,7900390
2024,5,1,2024-05,1648,1454,6267.6,9113090
2024,5,1,2024-05,1649,1946,4337.01,8439821
2024,5,1,2024-05,1650,1813,4320.34,7832776
2024,5,1,2024-05,1651,2060,7409.71,15264003
2024,5,1,2024-05,1652,992,5140.97,5099842
2024,5,1,2024-05,1653,1382,4446.22,6144676
2024,5,1,2024-05,1654,2159,6272.78,13542932
2024,5,1,2024-05,1655,2003,6306.94,12632801
2024,5,1,2024-05,1656,1676,6321.95,10595588
2024,5,1,2024-05,1657,2227,5003.31,11142371
2024,5,1,2024-05,1658,1355,4176.46,5659103
2024,5,1,2024-05,1659,1785,7551.94,13480213
2024,5,1,2024-05,1660,2089,4919.01,10275812
2024,5,1,2024-05,1661,1943,6572.2,12769785
2024,5,1,2024-05,1662,1586,6543.8,10378467
2024,5,1,2024-05,1663,2255,6230.04,14048740
2024,5,1,2024-05,1664,1014,5209.56,5282494
2024,5,1,2024-05,1665,1308,5034.08,6584577
2024,5,1,2024-05,1666,2272,6188.89,14061158
2024,5,1,2024-05,1667,838,7162.41,6002100
2024,5,1,2024-05,1668,1840,7495.82,13792309
2024,5,1,2024-05,1669,2192,4534.46,9939536
2024,5,1,2024-05,1670,1820,4636.23,8437939
2024,5,1,2024-05,1671,1974,7414.26,14635749
2024,5,1,2024-05,1672,1970,6704,13206880
2024,5,1,2024-05,1673,1975,7310.98,14439186
2024,5,1,2024-05,1674,1771,4829.78,8553540
2024,5,1,2024-05,1675,950,6227.8,5916410
2024,5,1,2024-05,1676,1208,6610.29,7985230
2024,5,1,2024-05,1677,2223,6540.17,14538798
2024,5,1,2024-05,1678,2171,5529.05,12003568
2024,5,1,2024-05,1679,1902,4189.63,7968676
2024,5,1,2024-05,1680,1321,6023.47,7957004
2024,5,1,2024-05,1681,725,4999.02,3624290
2024,5,1,2024-05,1682,2123,5698.79,12098531
2024,5,1,2024-05,1683,1982,7449.33,14764572
2024,5,1,2024-05,1684,1639,5509.91,9030742
2024,5,1,2024-05,1685,1733,7094.69,12295098
2024,5,1,2024-05,1686,1340,4665,6251100
2024,5,1,2024-05,1687,1821,6486.94,11812718
2024,5,1,2024-05,1688,1986,7616.25,15125872
2024,5,1,2024-05,1689,2083,4509.33,9392934
2024,5,1,2024-05,1690,918,4127.82,3789339
2024,5,1,2024-05,1691,1026,5614.06,5760026
2024,5,1,2024-05,1692,848,4444.49,3768928
2024,5,1,2024-05,1693,1012,6703.92,6784367
2024,5,1,2024-05,1694,1482,7370.61,10923244
2024,5,1,2024-05,1695,2012,5617.75,11302913
2024,5,1,2024-05,1696,2043,5047.08,10311184
2024,5,1,2024-05,1697,858,5599.8,4804628
2024,5,1,2024-05,1698,1856,6730.4,12491622
2024,5,1,2024-05,1699,2185,4157.31,9083722
2024,5,1,2024-05,1700,907,6191.26,5615473
2024,5,1,2024-05,1701,2055,6272.68,12890357
2024,5,1,2024-05,1702,1209,6423.65,7766193
2024,5,1,2024-05,1703,2021,5031.41,10168480
2024,5,1,2024-05,1704,754,6604.28,4979627
2024,5,1,2024-05,1705,1017,4383.23,4457745
2024,5,1,2024-05,1706,1377,4840.73,6665685
2024,5,1,2024-05,1707,1515,7097.23,10752303
2024,5,1,2024-05,1708,1739,6593.07,11465349
2024,5,1,2024-05,1709,1163,4086.39,4752472
2024,5,1,2024-05,1710,1248,4972.2,6205306
2024,5,1,2024-05,1711,2301,4787.37,11015738
2024,5,1,2024-05,1712,1777,4982.3,8853547
2024,5,1,2024-05,1713,1152,4934.09,5684072
2024,5,1,2024-05,1714,1070,4356.62,4661583
2024,5,1,2024-05,1715,1111,5692.83,6324734
2024,5,1,2024-05,1716,1460,6737.81,9837203
2024,5,1,2024-05,1717,738,6242.87,4607238
2024,5,1,2024-05,1718,810,6544.04,5300672
2024,5,1,2024-05,1719,1378,4351.12,5995843
2024,5,1,2024-05,1720,1740,7487.91,13028963
2024,5,1,2024-05,1721,1814,7075.76,12835429
2024,5,1,2024-05,1722,1958,6940.36,13589225
2024,5,1,2024-05,1723,1315,7046.53,9266187
2024,5,1,2024-05,1724,1372,7433.28,10198460
2024,5,1,2024-05,1725,2095,6025.96,12624386
2024,5,1,2024-05,1726,1420,4701.24,6675761
2024,5,1,2024-05,1727,1289,6221.62,8019668
2024,5,1,2024-05,1728,2194,6682.99,14662480
2024,5,1,2024-05,1729,901,6717.57,6052531
2024,5,1,2024-05,1730,1084,5932.38,6430700
2024,5,1,2024-05,1731,2068,4283.32,8857906
2024,5,1,2024-05,1732,1393,5360.44,7467093
2024,5,1,2024-05,1733,1164,7390.87,8602973
2024,5,1,2024-05,1734,2080,6126.47,12743058
2024,5,1,2024-05,1735,1968,5883.25,11578236
2024,5,1,2024-05,1736,1996,5039.51,10058862
2024,5,1,2024-05,1737,2045,5363.5,10968358
2024,5,1,2024-05,1738,756,7303.06,5521113
2024,5,1,2024-05,1739,1062,6417.86,6815767
2024,5,1,2024-05,1740,1732,6872.91,11903880
2024,5,1,2024-05,1741,1664,5707,9496448
2024,5,1,2024-05,1742,1375,6223.58,8557422
2024,5,1,2024-05,1743,1155,4931.92,5696368
2024,5,1,2024-05,1744,1632,6555.93,10699278
2024,5,1,2024-05,1745,1115,5577.13,6218500
2024,5,1,2024-05,1746,1553,5628.65,8741293
2024,5,1,2024-05,1747,1800,6389.96,11501928
2024,5,1,2024-05,1748,2357,7422.8,17495540
2024,5,1,2024-05,1749,1542,4328.63,6674747
2024,5,1,2024-05,1750,1189,7039.09,8369478
2024,5,1,2024-05,1751,2189,5169.2,11315379
2024,5,1,2024-05,1752,1186,5700.27,6760520
2024,5,1,2024-05,1753,2288,4212.65,9638543
2024,5,1,2024-05,1754,1973,5201.76,10263072
2024,5,1,2024-05,1755,1741,5843.01,10172680
2024,5,1,2024-05,1756,2164,4258.63,9215675
2024,5,1,2024-05,1757,1345,5814.69,7820758
2024,5,1,2024-05,1758,1090,7434.63,8103747
2024,5,1,2024-05,1759,2157,4437.94,9572637
2024,5,1,2024-05,1760,520,6836.47,3554964
2024,5,1,2024-05,1761,1779,5450.08,9695692
2024,5,1,2024-05,1762,1176,6317.37,7429227
2024,5,1,2024-05,1763,1949,5060.27,9862466
2024,5,1,2024-05,1764,1799,4665.18,8392659
2024,5,1,2024-05,1765,1307,4699.8,6142639
2024,5,1,2024-05,1766,1992,4256.25,8478450
2024,5,1,2024-05,1767,1943,4744.11,9217806
2024,5,1,2024-05,1768,1592,6378.01,10153792
2024,5,1,2024-05,1769,1042,7261.67,7566660
2024,5,1,2024-05,1770,1764,6981.56,12315472
2024,5,1,2024-05,1771,1427,6514.36,9295992
2024,5,1,2024-05,1772,1672,4507.51,7536557
2024,5,1,2024-05,1773,1337,5102.17,6821601
2024,5,1,2024-05,1774,1734,5174.3,8972236
2024,5,1,2024-05,1775,1695,4901.14,8307432
2024,5,1,2024-05,1776,878,5973.23,5244496
2024,5,1,2024-05,1777,1289,5990.96,7722347
2024,5,1,2024-05,1778,1730,5371.81,9293231
2024,5,1,2024-05,1779,1028,5275.69,5423409
2024,5,1,2024-05,1780,1089,7094.46,7725867
2024,5,1,2024-05,1781,2300,6898.92,15867516
2024,5,1,2024-05,1782,1542,5249.81,8095207
2024,5,1,2024-05,1783,1593,7380.78,11757583
2024,5,1,2024-05,1784,1266,7364.94,9324014
2024,5,1,2024-05,1785,1689,5274.76,8909070
2024,5,1,2024-05,1786,1565,5379.73,8419277
2024,5,1,2024-05,1787,2319,5906.58,13697359
2024,5,1,2024-05,1788,1699,7442.02,12643992
2024,5,1,2024-05,1789,1353,7192.43,9731358
2024,5,1,2024-05,1790,1182,4437.33,5244924
2024,5,1,2024-05,1791,1946,5537.61,10776189
2024,5,1,2024-05,1792,725,6114.31,4432875
2024,5,1,2024-05,1793,1793,5860.52,10507912
2024,5,1,2024-05,1794,1767,4729.19,8356479
2024,5,1,2024-05,1795,1567,7195.34,11275098
2024,5,1,2024-05,1796,775,6530.5,5061138
2024,5,1,2024-05,1797,1819,7072.87,12865551
2024,5,1,2024-05,1798,1330,7094.4,9435552
2024,5,1,2024-05,1799,1441,6668.02,9608617
2024,5,1,2024-05,1800,2293,5673.93,13010321
2024,5,1,2024-05,1801,1492,6226.53,9289983
2024,5,1,2024-05,1802,2034,4618.21,9393439
2024,5,1,2024-05,1803,1204,6495.97,7821148
2024,5,1,2024-05,1804,1804,4687.43,8456124
2024,5,1,2024-05,1805,1355,6526.79,8843800
2024,5,1,2024-05,1806,724,4858.98,3517902
2024,5,1,2024-05,1807,1995,4521.41,9020213
2024,5,1,2024-05,1808,1579,4617.59,7291175
2024,5,1,2024-05,1809,1450,4010.68,5815486
2024,5,1,2024-05,1810,1006,6592.97,6632528
2024,5,1,2024-05,1811,1847,6749.32,12465994
2024,5,1,2024-05,1812,1676,5882.03,9858282
2024,5,1,2024-05,1813,1952,4668.04,9112014
2024,5,1,2024-05,1814,1821,4354.23,7929053
2024,5,1,2024-05,1815,1932,4129.26,7977730
2024,5,1,2024-05,1816,2000,4723.4,9446800
2024,5,1,2024-05,1817,2215,7255.89,16071796
2024,5,1,2024-05,1818,1590,5007.15,7961368
2024,5,1,2024-05,1819,2207,5421.84,11966001
2024,5,1,2024-05,1820,1551,4517.21,7006193
2024,5,1,2024-05,1821,2098,4840.28,10154907
2024,5,1,2024-05,1822,1612,5931.39,9561401
2024,5,1,2024-05,1823,816,6306.25,5145900
2024,5,1,2024-05,1824,1281,4981.58,6381404
2024,5,1,2024-05,1825,1859,4328.32,8046347
2024,5,1,2024-05,1826,762,5522.08,4207825
2024,5,1,2024-05,1827,2237,4964.6,11105810
2024,5,1,2024-05,1828,2243,4809.5,10787708
2024,5,1,2024-05,1829,2130,7494.24,15962731
2024,5,1,2024-05,1830,1265,6241.17,7895080
2024,5,1,2024-05,1831,1950,6052.86,11803077
2024,5,1,2024-05,1832,1930,5563.9,10738327
2024,5,1,2024-05,1833,2043,5606.02,11453099
2024,5,1,2024-05,1834,1782,5974.52,10646595
2024,5,1,2024-05,1835,1566,6499.28,10177872
2024,5,1,2024-05,1836,1695,6508.08,11031196
2024,5,1,2024-05,1837,2225,4765.22,10602614
2024,5,1,2024-05,1838,1386,5911.14,8192840
2024,5,1,2024-05,1839,914,5556.01,5078193
2024,5,1,2024-05,1840,1735,7049.08,12230154
2024,5,1,2024-05,1841,1561,6287.13,9814210
2024,5,1,2024-05,1842,1834,5993.46,10992006
2024,5,1,2024-05,1843,2037,4519.94,9207118
2024,5,1,2024-05,1844,1445,6218.02,8985039
2024,5,1,2024-05,1845,1294,4513.3,5840210
2024,5,1,2024-05,1846,2099,5269.46,11060597
2024,5,1,2024-05,1847,962,4630.91,4454935
2024,5,1,2024-05,1848,1302,6538.89,8513635
2024,5,1,2024-05,1849,1156,4802.98,5552245
2024,5,1,2024-05,1850,1589,5446.33,8654218
2024,5,1,2024-05,1851,1387,7301.41,10127056
2024,5,1,2024-05,1852,1098,4817.98,5290142
2024,5,1,2024-05,1853,1629,5830.65,9498129
2024,5,1,2024-05,1854,1751,5584.1,9777759
2024,5,1,2024-05,1855,1047,4142.95,4337669
2024,5,1,2024-05,1856,2012,6943.35,13970020
2024,5,1,2024-05,1857,1309,4312.29,5644788
2024,5,1,2024-05,1858,1061,5719.1,6067965
2024,5,1,2024-05,1859,1171,6051.14,7085885
2024,5,1,2024-05,1860,2125,6395.86,13591202
2024,5,1,2024-05,1861,1912,6518.68,12463716
2024,5,1,2024-05,1862,1258,5020.52,6315814
2024,5,1,2024-05,1863,1583,4043.8,6401335
2024,5,1,2024-05,1864,1619,6670.35,10799297
2024,5,1,2024-05,1865,1706,5913.13,10087800
2024,5,1,2024-05,1866,1997,7057.94,14094706
2024,5,1,2024-05,1867,1164,6968.88,8111776
2024,5,1,2024-05,1868,888,7038.91,6250552
2024,5,1,2024-05,1869,1253,5754.69,7210627
2024,5,1,2024-05,1870,2190,5251.27,11500281
2024,5,1,2024-05,1871,1327,6810.18,9037109
2024,5,1,2024-05,1872,1020,5616.19,5728514
2024,5,1,2024-05,1873,2005,4728.94,9481525
2024,5,1,2024-05,1874,1472,7043.48,10368003
2024,5,1,2024-05,1875,687,7152.1,4913493
2024,5,1,2024-05,1876,1081,5814.96,6285972
2024,5,1,2024-05,1877,2115,4410.79,9328821
2024,5,1,2024-05,1878,1089,5416.92,5899026
2024,5,1,2024-05,1879,2217,6953.28,15415422
2024,5,1,2024-05,1880,1394,7252.09,10109413
2024,5,1,2024-05,1881,1113,4761.06,5299060
2024,5,1,2024-05,1882,713,4167.83,2971663
2024,5,1,2024-05,1883,2045,7270.77,14868725
2024,5,1,2024-05,1884,1634,5484.97,8962441
2024,5,1,2024-05,1885,1912,6037.33,11543375
2024,5,1,2024-05,1886,1195,7549.79,9021999
2024,5,1,2024-05,1887,2349,4298.51,10097200
2024,5,1,2024-05,1888,2186,6362.48,13908381
2024,5,1,2024-05,1889,1527,4332.84,6616247
2024,5,1,2024-05,1890,980,5476.22,5366696
2024,5,1,2024-05,1891,1715,6940.49,11902940
2024,5,1,2024-05,1892,1295,5704.68,7387561
2024,5,1,2024-05,1893,1559,7594.82,11840324
2024,5,1,2024-05,1894,1685,5998.63,10107692
2024,5,1,2024-05,1895,2133,5174.9,11038062
2024,5,1,2024-05,1896,2626,4848.44,12732003
2024,5,1,2024-05,1897,1510,5383.69,8129372
2024,5,1,2024-05,1898,2066,5377.97,11110886
2024,5,1,2024-05,1899,1819,4249.53,7729895
2024,5,1,2024-05,1900,997,5389.8,5373631
2024,5,1,2024-05,1901,1611,5782.15,9315044
2024,5,1,2024-05,1902,1447,6649.81,9622275
2024,5,1,2024-05,1903,1609,6423.44,10335315
2024,5,1,2024-05,1904,849,6598.91,5602475
2024,5,1,2024-05,1905,689,4090.22,2818162
2024,5,1,2024-05,1906,987,4954.92,4890506
2024,5,1,2024-05,1907,1744,6491.16,11320583
2024,5,1,2024-05,1908,1332,5882.01,7834837
2024,5,1,2024-05,1909,560,4218.62,2362427
2024,5,1,2024-05,1910,1651,6999.77,11556620
2024,5,1,2024-05,1911,1899,6807.59,12927613
2024,5,1,2024-05,1912,963,6067.43,5842935
2024,5,1,2024-05,1913,1692,4393.12,7433159
2024,5,1,2024-05,1914,1642,6830.32,11215385
2024,5,1,2024-05,1915,1060,6138.17,6506460
2024,5,1,2024-05,1916,878,6923.25,6078614
2024,5,1,2024-05,1917,874,6696.26,5852531
2024,5,1,2024-05,1918,1713,6942.92,11893222
2024,5,1,2024-05,1919,936,5953.28,5572270
2024,5,1,2024-05,1920,1516,4565.95,6921980
2024,5,1,2024-05,1921,1104,6494.02,7169398
2024,5,1,2024-05,1922,2276,6314.29,14371324
2024,5,1,2024-05,1923,1210,6744.88,8161305
2024,5,1,2024-05,1924,1382,4667.83,6450941
2024,5,1,2024-05,1925,879,4747.77,4173290
2024,5,1,2024-05,1926,1476,7243.41,10691273
2024,5,1,2024-05,1927,1797,6685.53,12013897
2024,5,1,2024-05,1928,2081,7374.14,15345585
2024,5,1,2024-05,1929,847,6802.8,5761972
2024,5,1,2024-05,1930,2241,6209.27,13914974
2024,5,1,2024-05,1931,1604,6374.61,10224874
2024,5,1,2024-05,1932,1966,7249.82,14253146
2024,5,1,2024-05,1933,1730,6141.07,10624051
2024,5,1,2024-05,1934,1774,6307.88,11190179
2024,5,1,2024-05,1935,2214,4675.71,10352022
2024,5,1,2024-05,1936,1697,5710.87,9691346
2024,5,1,2024-05,1937,2215,6586.4,14588876
2024,5,1,2024-05,1938,826,5087.12,4201961
2024,5,1,2024-05,1939,1149,4859.57,5583646
2024,5,1,2024-05,1940,1098,5202.75,5712620
2024,5,1,2024-05,1941,878,4887.57,4291286
2024,5,1,2024-05,1942,1245,4896.58,6096242
2024,5,1,2024-05,1943,2065,5596.07,11555885
2024,5,1,2024-05,1944,997,7316.36,7294411
2024,5,1,2024-05,1945,1737,5949.56,10334386
2024,5,1,2024-05,1946,2233,4778.28,10669899
2024,5,1,2024-05,1947,2255,4328.05,9759753
2024,5,1,2024-05,1948,946,6484.44,6134280
2024,5,1,2024-05,1949,1226,5422.22,6647642
2024,5,1,2024-05,1950,1499,7025.1,10530625
2024,5,1,2024-05,1951,1210,6452.98,7808106
2024,5,1,2024-05,1952,2057,6857.25,14105363
2024,5,1,2024-05,1953,1435,5011.46,7191445
2024,5,1,2024-05,1954,1597,6408.6,10234534
2024,5,1,2024-05,1955,752,5028.13,3781154
2024,5,1,2024-05,1956,1754,7345.18,12883446
2024,5,1,2024-05,1957,1744,6321.07,11023946
2024,5,1,2024-05,1958,1830,5187.95,9493948
2024,5,1,2024-05,1959,1719,5062.28,8702059
2024,5,1,2024-05,1960,794,4768.72,3786364
2024,5,1,2024-05,1961,1934,6516.69,12603278
2024,5,1,2024-05,1962,2305,4857.59,11196745
2024,5,1,2024-05,1963,2140,6225.47,13322506
2024,5,1,2024-05,1964,1007,5028.25,5063448
2024,5,1,2024-05,1965,2014,6281.17,12650276
2024,5,1,2024-05,1966,1554,7083.06,11007075
2024,5,1,2024-05,1967,2086,6871.59,14334137
2024,5,1,2024-05,1968,1669,6836.63,11410335
2024,5,1,2024-05,1969,1343,4707.49,6322159
2024,5,1,2024-05,1970,1438,4343.35,6245737
2024,5,1,2024-05,1971,1229,6541.22,8039159
2024,5,1,2024-05,1972,1064,5474.84,5825230
2024,5,1,2024-05,1973,1628,5599.01,9115188
2024,5,1,2024-05,1974,1418,4178.18,5924659
2024,5,1,2024-05,1975,1312,5080.06,6665039
2024,5,1,2024-05,1976,2256,4173.82,9416138
2024,5,1,2024-05,1977,1066,7209.24,7685050
2024,5,1,2024-05,1978,1783,4879.11,8699453
2024,5,1,2024-05,1979,1803,6147.06,11083149
2024,5,1,2024-05,1980,1724,4174.83,7197407
2024,5,1,2024-05,1981,1426,6442.73,9187333
2024,5,1,2024-05,1982,686,5072.64,3479831
2024,5,1,2024-05,1983,1296,7267.73,9418978
2024,5,1,2024-05,1984,913,7236.95,6607335
2024,5,1,2024-05,1985,1983,5212.38,10336150
2024,5,1,2024-05,1986,1049,7208.03,7561223
2024,5,1,2024-05,1987,1571,7650.66,12019187
2024,5,1,2024-05,1988,2206,6931.06,15289918
2024,5,1,2024-05,1989,1587,7011.47,11127203
2024,5,1,2024-05,1990,1162,4947.1,5748530
2024,5,1,2024-05,1991,1786,6183.19,11043177
2024,5,1,2024-05,1992,895,4307.79,3855472
2024,5,1,2024-05,1993,1381,4422.1,6106920
2024,5,1,2024-05,1994,1514,7605.67,11514984
2024,5,1,2024-05,1995,1378,5205.63,7173358
2024,5,1,2024-05,1996,1601,6780.51,10855597
2024,5,1,2024-05,1997,2134,7005.08,14948841
2024,5,1,2024-05,1998,2030,7182.96,14581409
2024,5,1,2024-05,1999,1082,7659.12,8287168
2024,5,1,2024-05,2000,1656,4946.73,8191785
2024,5,1,2024-05,2001,1094,4149.32,4539356
2024,5,1,2024-05,2002,1662,5512.23,9161326
2024,5,1,2024-05,2003,1532,4502.11,6897233
2024,5,1,2024-05,2004,1137,4153.12,4722097
2024,5,1,2024-05,2005,2088,5391.59,11257640
2024,5,1,2024-05,2006,2013,6852.6,13794284
2024,5,1,2024-05,2007,1798,5978.91,10750080
2024,5,1,2024-05,2008,1331,5243.25,6978766
2024,5,1,2024-05,2009,1067,6365.46,6791946
2024,5,1,2024-05,2010,2013,4860.24,9783663
2024,5,1,2024-05,2011,1689,4150.2,7009688
2024,5,1,2024-05,2012,1502,6775.37,10176606
2024,5,1,2024-05,2013,1537,6297.68,9679534
2024,5,1,2024-05,2014,2033,6806.24,13837086
2024,5,1,2024-05,2015,976,4215.59,4114416
2024,5,1,2024-05,2016,2167,7047.07,15271001
2024,5,1,2024-05,2017,1374,6287.14,8638530
2024,5,1,2024-05,2018,1970,6185.78,12185987
2024,5,1,2024-05,2019,2375,6358.01,15100274
2024,5,1,2024-05,2020,1387,7199.08,9985124
2024,5,1,2024-05,2021,1017,6186.82,6291996
2024,5,1,2024-05,2022,1675,6219.95,10418416
2024,5,1,2024-05,2023,1892,7650.09,14473970
2024,5,1,2024-05,2024,1715,6834.08,11720447
2024,5,1,2024-05,2025,973,5713.13,5558875
2024,5,1,2024-05,2026,1417,6629.89,9394554
2024,5,1,2024-05,2027,1202,5487.4,6595855
2024,5,1,2024-05,2028,2188,4876.43,10669629
2024,5,1,2024-05,2029,1710,6291.8,10758978
2024,5,1,2024-05,2030,1383,7384.78,10213151
2024,5,1,2024-05,2031,1089,7340.39,7993685
2024,5,1,2024-05,2032,865,5310.57,4593643
2024,5,1,2024-05,2033,1108,5948.35,6590772
2024,5,1,2024-05,2034,1159,4783.12,5543636
2024,5,1,2024-05,2035,1528,7584.61,11589284
2024,5,1,2024-05,2036,1776,7577.12,13456965
2024,5,1,2024-05,2037,1339,6396.02,8564271
2024,5,1,2024-05,2038,1022,6880.37,7031738
2024,5,1,2024-05,2039,1116,6607.28,7373724
2024,5,1,2024-05,2040,860,6232.53,5359976
2024,5,1,2024-05,2041,1401,4145.5,5807846
2024,5,1,2024-05,2042,1073,5682.42,6097237
2024,5,1,2024-05,2043,1981,6480.24,12837355
2024,5,1,2024-05,2044,952,6518.39,6205507
2024,5,1,2024-05,2045,1567,5392.5,8450048
2024,5,1,2024-05,2046,1774,7414.25,13152880
2024,5,1,2024-05,2047,1640,4694.8,7699472
2024,5,1,2024-05,2048,825,5853.82,4829402
2024,5,1,2024-05,2049,803,6615.84,5312520
2024,5,1,2024-05,2050,2185,6586.59,14391699
2024,5,1,2024-05,2051,2098,6422.12,13473608
2024,5,1,2024-05,2052,1062,5056.01,5369483
2024,5,1,2024-05,2053,2351,4712.1,11078147
2024,5,1,2024-05,2054,2503,6314.95,15806320
2024,5,1,2024-05,2055,1238,6157.64,7623158
2024,5,1,2024-05,2056,997,4705.92,4691802
2024,5,1,2024-05,2057,1770,6575.37,11638405
2024,5,1,2024-05,2058,2001,5688.58,11382849
2024,5,1,2024-05,2059,985,6542.74,6444599
2024,5,1,2024-05,2060,2402,7023.64,16870783
2024,5,1,2024-05,2061,2002,4673.01,9355366
2024,5,1,2024-05,2062,1520,4064.7,6178344
2024,5,1,2024-05,2063,1129,6936.42,7831218
2024,5,1,2024-05,2064,1258,6141.89,7726498
2024,5,1,2024-05,2065,1559,6574.05,10248944
2024,5,1,2024-05,2066,1833,7001.7,12834116
2024,5,1,2024-05,2067,2136,6873.23,14681219
2024,5,1,2024-05,2068,1997,7460.57,14898758
2024,5,1,2024-05,2069,922,5933.51,5470696
2024,5,1,2024-05,2070,2181,5825.89,12706266
2024,5,1,2024-05,2071,1759,5447.2,9581625
2024,5,1,2024-05,2072,1304,4665.33,6083590
2024,5,1,2024-05,2073,864,6174.02,5334353
2024,5,1,2024-05,2074,1380,5133.21,7083830
2024,5,1,2024-05,2075,1818,7290.04,13253293
2024,5,1,2024-05,2076,2112,6116.63,12918323
2024,5,1,2024-05,2077,2205,6164.61,13592965
2024,5,1,2024-05,2078,1856,5311.5,9858144
2024,5,1,2024-05,2079,1440,4291.52,6179789
2024,5,1,2024-05,2080,1960,4197.47,8227041
2024,5,1,2024-05,2081,893,5539.39,4946675
2024,5,1,2024-05,2082,1181,4359.03,5148014
2024,5,1,2024-05,2083,935,6234.79,5829529
2024,5,1,2024-05,2084,2436,7207.19,17556715
2024,6,1,2024-06,1,1923,7095.24,13644147
2024,6,1,2024-06,2,2031,4801.79,9752435
2024,6,1,2024-06,3,1647,4431.09,7298005
2024,6,1,2024-06,4,2033,4976.54,10117306
2024,6,1,2024-06,5,1734,4271.88,7407440
2024,6,1,2024-06,6,1863,5997.28,11172933
2024,6,1,2024-06,7,1663,7401,12307863
2024,6,1,2024-06,8,876,4168.93,3651983
2024,6,1,2024-06,9,1065,4538.91,4833939
2024,6,1,2024-06,10,1960,5654.09,11082016
2024,6,1,2024-06,11,1015,7374.36,7484975
2024,6,1,2024-06,12,2122,5202.56,11039832
2024,6,1,2024-06,13,735,5831.3,4286006
2024,6,1,2024-06,14,2031,4244.55,8620681
2024,6,1,2024-06,15,1971,4538.62,8945620
2024,6,1,2024-06,16,1489,7547.49,11238213
2024,6,1,2024-06,17,809,7446.22,6023992
2024,6,1,2024-06,18,1792,4106.41,7358687
2024,6,1,2024-06,19,1386,7511.52,10410967
2024,6,1,2024-06,20,1111,6326.49,7028730
2024,6,1,2024-06,21,2207,7170.91,15826198
2024,6,1,2024-06,22,1558,5691.11,8866749
2024,6,1,2024-06,23,1074,5905.39,6342389
2024,6,1,2024-06,24,1954,5744.37,11224499
2024,6,1,2024-06,25,1832,6403.02,11730333
2024,6,1,2024-06,26,855,4583.06,3918516
2024,6,1,2024-06,27,2039,4211.73,8587717
2024,6,1,2024-06,28,1047,5192.79,5436851
2024,6,1,2024-06,29,2085,6568.34,13694989
2024,6,1,2024-06,30,603,4807.19,2898736
2024,6,1,2024-06,31,1043,6386.77,6661401
2024,6,1,2024-06,32,1292,7424.32,9592221
2024,6,1,2024-06,33,1437,4323.51,6212884
2024,6,1,2024-06,34,1155,6579.95,7599842
2024,6,1,2024-06,35,1694,5728.86,9704689
2024,6,1,2024-06,36,1120,7079.73,7929298
2024,6,1,2024-06,37,2199,4672.82,10275531
2024,6,1,2024-06,38,1247,6505.09,8111847
2024,6,1,2024-06,39,1694,7102.59,12031787
2024,6,1,2024-06,40,922,7454.29,6872855
2024,6,1,2024-06,41,1472,6474.02,9529757
2024,6,1,2024-06,42,1414,5851.53,8274063
2024,6,1,2024-06,43,1685,6292.15,10602273
2024,6,1,2024-06,44,1310,7070.54,9262407
2024,6,1,2024-06,45,1991,6112.52,12170027
2024,6,1,2024-06,46,1574,4157.62,6544094
2024,6,1,2024-06,47,1903,7324.46,13938447
2024,6,1,2024-06,48,1373,6486.84,8906431
2024,6,1,2024-06,49,750,6479.72,4859790
2024,6,1,2024-06,50,1726,4826.09,8329831
2024,6,1,2024-06,51,1011,6395.44,6465790
2024,6,1,2024-06,52,1994,5443.53,10854399
2024,6,1,2024-06,53,1004,6379.14,6404657
2024,6,1,2024-06,54,1449,4358.49,6315452
2024,6,1,2024-06,55,1280,6477.45,8291136
2024,6,1,2024-06,56,694,7604.29,5277377
2024,6,1,2024-06,57,990,4244.93,4202481
2024,6,1,2024-06,58,1437,7613.97,10941275
2024,6,1,2024-06,59,2145,5554.78,11915003
2024,6,1,2024-06,60,1022,7174.52,7332359
2024,6,1,2024-06,61,1537,6840.28,10513510
2024,6,1,2024-06,62,2162,6074.7,13133501
2024,6,1,2024-06,63,672,6614.97,4445260
2024,6,1,2024-06,64,2169,7133.78,15473169
2024,6,1,2024-06,65,1721,5504.63,9473468
2024,6,1,2024-06,66,2262,5201.32,11765386
2024,6,1,2024-06,67,2104,6367.68,13397599
2024,6,1,2024-06,68,1295,6949.22,8999240
2024,6,1,2024-06,69,1697,6807.38,11552124
2024,6,1,2024-06,70,660,6952.77,4588828
2024,6,1,2024-06,71,813,5630.08,4577255
2024,6,1,2024-06,72,1790,6943.47,12428811
2024,6,1,2024-06,73,2157,4510.19,9728480
2024,6,1,2024-06,74,1606,6007.92,9648720
2024,6,1,2024-06,75,1671,4028.86,6732225
2024,6,1,2024-06,76,2300,5166.46,11882858
2024,6,1,2024-06,77,1397,5397.42,7540196
2024,6,1,2024-06,78,1717,5479.47,9408250
2024,6,1,2024-06,79,2438,6546.27,15959806
2024,6,1,2024-06,80,1349,5441,7339909
2024,6,1,2024-06,81,1134,5680.09,6441222
2024,6,1,2024-06,82,1433,4875.58,6986706
2024,6,1,2024-06,83,959,5377.74,5157253
2024,6,1,2024-06,84,752,4895.43,3681363
2024,6,1,2024-06,85,1636,4313.08,7056199
2024,6,1,2024-06,86,849,6172.2,5240198
2024,6,1,2024-06,87,1389,6406.34,8898406
2024,6,1,2024-06,88,1915,6265.24,11997935
2024,6,1,2024-06,89,1048,5589.55,5857848
2024,6,1,2024-06,90,2276,5485.6,12485226
2024,6,1,2024-06,91,1939,7126.61,13818497
2024,6,1,2024-06,92,1690,5926.33,10015498
2024,6,1,2024-06,93,765,5790.6,4429809
2024,6,1,2024-06,94,1537,4152.87,6382961
2024,6,1,2024-06,95,823,5207.65,4285896
2024,6,1,2024-06,96,1592,5360.26,8533534
2024,6,1,2024-06,97,1942,5407.8,10501948
2024,6,1,2024-06,98,1676,6172.02,10344306
2024,6,1,2024-06,99,739,5886.93,4350441
2024,6,1,2024-06,100,1441,6191.97,8922629
2024,6,1,2024-06,101,968,6841.48,6622553
2024,6,1,2024-06,102,1023,6903.71,7062495
2024,6,1,2024-06,103,1316,6622.35,8715013
2024,6,1,2024-06,104,1525,7497.98,11434420
2024,6,1,2024-06,105,1906,4112.41,7838253
2024,6,1,2024-06,106,753,4756.39,3581562
2024,6,1,2024-06,107,612,4100.92,2509763
2024,6,1,2024-06,108,1311,6443.59,8447546
2024,6,1,2024-06,109,1956,7216.35,14115181
2024,6,1,2024-06,110,2054,4900.06,10064723
2024,6,1,2024-06,111,1306,7390.49,9651980
2024,6,1,2024-06,112,2190,4256.38,9321472
2024,6,1,2024-06,113,1668,7363.22,12281851
2024,6,1,2024-06,114,1828,5352.58,9784516
2024,6,1,2024-06,115,1204,4312.12,5191792
2024,6,1,2024-06,116,1120,5836.61,6537003
2024,6,1,2024-06,117,1142,5038.78,5754287
2024,6,1,2024-06,118,968,5058.47,4896599
2024,6,1,2024-06,119,1090,5088.6,5546574
2024,6,1,2024-06,120,788,6926.94,5458429
2024,6,1,2024-06,121,1598,5997.9,9584644
2024,6,1,2024-06,122,870,5088.32,4426838
2024,6,1,2024-06,123,1667,6234.21,10392428
2024,6,1,2024-06,124,857,6696.31,5738738
2024,6,1,2024-06,125,612,5080.76,3109425
2024,6,1,2024-06,126,1530,5551.04,8493091
2024,6,1,2024-06,127,1772,4503.79,7980716
2024,6,1,2024-06,128,1776,4698.87,8345193
2024,6,1,2024-06,129,1797,6490.19,11662871
2024,6,1,2024-06,130,1385,4693.88,6501024
2024,6,1,2024-06,131,1133,5935.42,6724831
2024,6,1,2024-06,132,1423,6509.77,9263403
2024,6,1,2024-06,133,732,4334.34,3172737
2024,6,1,2024-06,134,1308,6043.01,7904257
2024,6,1,2024-06,135,1541,5013.01,7725048
2024,6,1,2024-06,136,1818,7516.97,13665851
2024,6,1,2024-06,137,1437,5815.6,8357017
2024,6,1,2024-06,138,2112,6933.85,14644291
2024,6,1,2024-06,139,1348,6070.43,8182940
2024,6,1,2024-06,140,1817,4264.98,7749469
2024,6,1,2024-06,141,1810,6365.8,11522098
2024,6,1,2024-06,142,1306,7418.4,9688430
2024,6,1,2024-06,143,1568,6201.83,9724469
2024,6,1,2024-06,144,1162,6955.86,8082709
2024,6,1,2024-06,145,1671,7275.38,12157160
2024,6,1,2024-06,146,1485,4915.32,7299250
2024,6,1,2024-06,147,984,4828.08,4750831
2024,6,1,2024-06,148,1035,6263.83,6483064
2024,6,1,2024-06,149,1749,5531.56,9674698
2024,6,1,2024-06,150,1531,7008.59,10730151
2024,6,1,2024-06,151,2214,7313.76,16192665
2024,6,1,2024-06,152,1579,5403.41,8531984
2024,6,1,2024-06,153,1386,4918.95,6817665
2024,6,1,2024-06,154,2039,6833.15,13932793
2024,6,1,2024-06,155,1489,4999.02,7443541
2024,6,1,2024-06,156,1576,6977.39,10996367
2024,6,1,2024-06,157,635,5506.48,3496615
2024,6,1,2024-06,158,1326,6393.76,8478126
2024,6,1,2024-06,159,2238,4383.71,9810743
2024,6,1,2024-06,160,1120,6293.07,7048238
2024,6,1,2024-06,161,1674,5597.59,9370366
2024,6,1,2024-06,162,1995,6154.4,12278028
2024,6,1,2024-06,163,1098,4721.41,5184108
2024,6,1,2024-06,164,1807,6702.21,12110893
2024,6,1,2024-06,165,1177,7154.8,8421200
2024,6,1,2024-06,166,1951,4842.54,9447796
2024,6,1,2024-06,167,1888,4319.86,8155896
2024,6,1,2024-06,168,1882,4066.33,7652833
2024,6,1,2024-06,169,1361,6370.46,8670196
2024,6,1,2024-06,170,1415,6250.9,8845024
2024,6,1,2024-06,171,1304,6050.17,7889422
2024,6,1,2024-06,172,1807,4939.37,8925442
2024,6,1,2024-06,173,1254,5423.3,6800818
2024,6,1,2024-06,174,1534,6217.54,9537706
2024,6,1,2024-06,175,1749,5867.82,10262817
2024,6,1,2024-06,176,2212,7648.2,16917818
2024,6,1,2024-06,177,2163,4609.52,9970392
2024,6,1,2024-06,178,2017,6515.99,13142752
2024,6,1,2024-06,179,2297,5490.88,12612551
2024,6,1,2024-06,180,2132,5589.14,11916046
2024,6,1,2024-06,181,928,6576.52,6103011
2024,6,1,2024-06,182,1921,6573.71,12628097
2024,6,1,2024-06,183,1993,7581.92,15110767
2024,6,1,2024-06,184,1877,4561.25,8561466
2024,6,1,2024-06,185,2151,4489.95,9657882
2024,6,1,2024-06,186,1167,6625.12,7731515
2024,6,1,2024-06,187,1202,6037.82,7257460
2024,6,1,2024-06,188,1688,5028.14,8487500
2024,6,1,2024-06,189,2030,4393.83,8919475
2024,6,1,2024-06,190,2271,4415.54,10027691
2024,6,1,2024-06,191,1452,7240.15,10512698
2024,6,1,2024-06,192,2161,4740.9,10245085
2024,6,1,2024-06,193,2115,5198.39,10994595
2024,6,1,2024-06,194,1164,4832.99,5625600
2024,6,1,2024-06,195,1181,5241.04,6189668
2024,6,1,2024-06,196,2064,4321.33,8919225
2024,6,1,2024-06,197,2000,5882.65,11765300
2024,6,1,2024-06,198,1553,4301.14,6679670
2024,6,1,2024-06,199,1490,6939.93,10340496
2024,6,1,2024-06,200,2174,4925.58,10708211
2024,6,1,2024-06,201,2205,5948.3,13116002
2024,6,1,2024-06,202,1970,7150.31,14086111
2024,6,1,2024-06,203,1666,6401.85,10665482
2024,6,1,2024-06,204,1263,5983.81,7557552
2024,6,1,2024-06,205,1235,5183.33,6401413
2024,6,1,2024-06,206,2129,5284.42,11250530
2024,6,1,2024-06,207,2210,6440.14,14232709
2024,6,1,2024-06,208,2135,7568.33,16158385
2024,6,1,2024-06,209,1944,6370.29,12383844
2024,6,1,2024-06,210,1561,6064.73,9467044
2024,6,1,2024-06,211,1634,6671.19,10900724
2024,6,1,2024-06,212,1378,5729.09,7894686
2024,6,1,2024-06,213,851,4215.02,3586982
2024,6,1,2024-06,214,789,5958.75,4701454
2024,6,1,2024-06,215,1350,7498.8,10123380
2024,6,1,2024-06,216,800,4730.27,3784216
2024,6,1,2024-06,217,1712,6442.3,11029218
2024,6,1,2024-06,218,1915,4748.87,9094086
2024,6,1,2024-06,219,1123,6083.08,6831299
2024,6,1,2024-06,220,2200,4420.66,9725452
2024,6,1,2024-06,221,1869,5717.84,10686643
2024,6,1,2024-06,222,1549,6824.86,10571708
2024,6,1,2024-06,223,1348,5269.92,7103852
2024,6,1,2024-06,224,2208,6530.86,14420139
2024,6,1,2024-06,225,1124,6813.68,7658576
2024,6,1,2024-06,226,1618,7385.43,11949626
2024,6,1,2024-06,227,2234,4903.78,10955045
2024,6,1,2024-06,228,652,5426.94,3538365
2024,6,1,2024-06,229,2043,4561.07,9318266
2024,6,1,2024-06,230,920,7568.25,6962790
2024,6,1,2024-06,231,1161,7296.87,8471666
2024,6,1,2024-06,232,1498,5915.47,8861374
2024,6,1,2024-06,233,1044,7043.88,7353811
2024,6,1,2024-06,234,1116,5889.35,6572515
2024,6,1,2024-06,235,1579,6248.32,9866097
2024,6,1,2024-06,236,931,4405.78,4101781
2024,6,1,2024-06,237,1648,6714.55,11065578
2024,6,1,2024-06,238,1452,4518.26,6560514
2024,6,1,2024-06,239,844,7001.24,5909047
2024,6,1,2024-06,240,1378,6829.75,9411396
2024,6,1,2024-06,241,1873,6520.55,12212990
2024,6,1,2024-06,242,1840,4171.42,7675413
2024,6,1,2024-06,243,914,5104.06,4665111
2024,6,1,2024-06,244,2045,5033.23,10292955
2024,6,1,2024-06,245,1176,5365.34,6309640
2024,6,1,2024-06,246,1941,4336.58,8417302
2024,6,1,2024-06,247,1423,7357.27,10469395
2024,6,1,2024-06,248,1390,5988.3,8323737
2024,6,1,2024-06,249,1492,5130.4,7654557
2024,6,1,2024-06,250,1129,5515.45,6226943
2024,6,1,2024-06,251,2121,5700.79,12091376
2024,6,1,2024-06,252,886,6075.73,5383097
2024,6,1,2024-06,253,1933,5960.66,11521956
2024,6,1,2024-06,254,1616,7329.41,11844327
2024,6,1,2024-06,255,1359,5763.57,7832692
2024,6,1,2024-06,256,1731,7592.39,13142427
2024,6,1,2024-06,257,1358,7054.68,9580255
2024,6,1,2024-06,258,1097,4869.23,5341545
2024,6,1,2024-06,259,1677,7348.67,12323720
2024,6,1,2024-06,260,1286,4422.62,5687489
2024,6,1,2024-06,261,1244,7064.95,8788798
2024,6,1,2024-06,262,977,5427.79,5302951
2024,6,1,2024-06,263,2126,7163.79,15230218
2024,6,1,2024-06,264,2197,7234.68,15894592
2024,6,1,2024-06,265,911,6988.22,6366268
2024,6,1,2024-06,266,887,6844.87,6071400
2024,6,1,2024-06,267,915,5102.23,4668540
2024,6,1,2024-06,268,1416,4343.46,6150339
2024,6,1,2024-06,269,1868,5482.38,10241086
2024,6,1,2024-06,270,1579,4637.86,7323181
2024,6,1,2024-06,271,526,6531.94,3435800
2024,6,1,2024-06,272,1603,5365.12,8600287
2024,6,1,2024-06,273,1932,7582.66,14649699
2024,6,1,2024-06,274,954,6357.45,6065007
2024,6,1,2024-06,275,1246,6973.13,8688520
2024,6,1,2024-06,276,1822,4517.67,8231195
2024,6,1,2024-06,277,1705,7160.51,12208670
2024,6,1,2024-06,278,1680,7373.9,12388152
2024,6,1,2024-06,279,717,5793.03,4153603
2024,6,1,2024-06,280,2132,6264.79,13356532
2024,6,1,2024-06,281,1811,6730.01,12188048
2024,6,1,2024-06,282,1576,4718.86,7436923
2024,6,1,2024-06,283,917,5873.42,5385926
2024,6,1,2024-06,284,1791,5410.06,9689417
2024,6,1,2024-06,285,1041,4543.32,4729596
2024,6,1,2024-06,286,816,5430.45,4431247
2024,6,1,2024-06,287,891,4317.14,3846572
2024,6,1,2024-06,288,1757,4136.94,7268604
2024,6,1,2024-06,289,1303,4547.64,5925575
2024,6,1,2024-06,290,1210,7491.49,9064703
2024,6,1,2024-06,291,2313,6029.49,13946210
2024,6,1,2024-06,292,2204,7542.73,16624177
2024,6,1,2024-06,293,954,5676.63,5415505
2024,6,1,2024-06,294,623,5120.05,3189791
2024,6,1,2024-06,295,2071,5910.68,12241018
2024,6,1,2024-06,296,1734,5603.49,9716452
2024,6,1,2024-06,297,1133,4372.15,4953646
2024,6,1,2024-06,298,2188,6398.37,13999634
2024,6,1,2024-06,299,782,4790.68,3746312
2024,6,1,2024-06,300,838,6308.48,5286506
2024,6,1,2024-06,301,1531,6421.5,9831316
2024,6,1,2024-06,302,1567,4680.52,7334375
2024,6,1,2024-06,303,1017,4324.69,4398210
2024,6,1,2024-06,304,1324,6898.07,9133045
2024,6,1,2024-06,305,1936,5745.77,11123811
2024,6,1,2024-06,306,1661,4267.87,7088932
2024,6,1,2024-06,307,871,7665.36,6676529
2024,6,1,2024-06,308,1441,4244.53,6116368
2024,6,1,2024-06,309,1093,6505.07,7110042
2024,6,1,2024-06,310,1750,7591.17,13284548
2024,6,1,2024-06,311,1451,4960.22,7197279
2024,6,1,2024-06,312,2074,4550.44,9437613
2024,6,1,2024-06,313,1860,4465.84,8306462
2024,6,1,2024-06,314,1923,5068.84,9747379
2024,6,1,2024-06,315,1207,4373.92,5279321
2024,6,1,2024-06,316,1203,6491.53,7809311
2024,6,1,2024-06,317,1848,4327.63,7997460
2024,6,1,2024-06,318,1626,5851.76,9514962
2024,6,1,2024-06,319,1094,7632.57,8350032
2024,6,1,2024-06,320,1746,6890.53,12030865
2024,6,1,2024-06,321,1335,6306.49,8419164
2024,6,1,2024-06,322,2279,5154.69,11747539
2024,6,1,2024-06,323,1715,6218.13,10664093
2024,6,1,2024-06,324,1578,5909.6,9325349
2024,6,1,2024-06,325,825,5537.34,4568306
2024,6,1,2024-06,326,1063,4527.33,4812552
2024,6,1,2024-06,327,2183,7201.49,15720853
2024,6,1,2024-06,328,1398,5643.49,7889599
2024,6,1,2024-06,329,1103,4707.59,5192472
2024,6,1,2024-06,330,1962,5308.58,10415434
2024,6,1,2024-06,331,449,5566.45,2499336
2024,6,1,2024-06,332,863,7051.39,6085350
2024,6,1,2024-06,333,1973,6641,13102693
2024,6,1,2024-06,334,1281,6820.93,8737611
2024,6,1,2024-06,335,979,4049.13,3964098
2024,6,1,2024-06,336,1709,5572.07,9522668
2024,6,1,2024-06,337,1553,5763.57,8950824
2024,6,1,2024-06,338,1370,4085.21,5596738
2024,6,1,2024-06,339,1768,4932.18,8720094
2024,6,1,2024-06,340,1617,6815.38,11020469
2024,6,1,2024-06,341,1350,4477.19,6044206
2024,6,1,2024-06,342,1135,5958.93,6763386
2024,6,1,2024-06,343,1989,4732.43,9412803
2024,6,1,2024-06,344,1869,4049.84,7569151
2024,6,1,2024-06,345,680,4854.47,3301040
2024,6,1,2024-06,346,1934,7426.27,14362406
2024,6,1,2024-06,347,1952,6889.57,13448441
2024,6,1,2024-06,348,767,7463.29,5724343
2024,6,1,2024-06,349,1209,5740.18,6939878
2024,6,1,2024-06,350,1690,4414.51,7460522
2024,6,1,2024-06,351,2200,5997.19,13193818
2024,6,1,2024-06,352,1490,5588.05,8326194
2024,6,1,2024-06,353,916,7068.06,6474343
2024,6,1,2024-06,354,1744,4427.48,7721525
2024,6,1,2024-06,355,1011,5807.53,5871413
2024,6,1,2024-06,356,2220,4600.13,10212289
2024,6,1,2024-06,357,1179,5203,6134337
2024,6,1,2024-06,358,1059,6700.04,7095342
2024,6,1,2024-06,359,954,5798.67,5531931
2024,6,1,2024-06,360,1334,5506.01,7345017
2024,6,1,2024-06,361,1852,5412.74,10024394
2024,6,1,2024-06,362,1524,5654.08,8616818
2024,6,1,2024-06,363,1904,6810.93,12968011
2024,6,1,2024-06,364,1836,7294.5,13392702
2024,6,1,2024-06,365,1027,7533.09,7736483
2024,6,1,2024-06,366,763,6895.62,5261358
2024,6,1,2024-06,367,1742,5117.01,8913831
2024,6,1,2024-06,368,1368,6494.92,8885051
2024,6,1,2024-06,369,1799,5629.08,10126715
2024,6,1,2024-06,370,1865,4975.17,9278692
2024,6,1,2024-06,371,2254,7141.33,16096558
2024,6,1,2024-06,372,780,4234.99,3303292
2024,6,1,2024-06,373,696,7317.35,5092876
2024,6,1,2024-06,374,1234,5679.72,7008774
2024,6,1,2024-06,375,1091,6345.21,6922624
2024,6,1,2024-06,376,2092,6331.69,13245895
2024,6,1,2024-06,377,1392,7251.74,10094422
2024,6,1,2024-06,378,1225,6332.59,7757423
2024,6,1,2024-06,379,2187,6187.03,13531035
2024,6,1,2024-06,380,1716,4274.59,7335196
2024,6,1,2024-06,381,1514,5968.17,9035809
2024,6,1,2024-06,382,759,4584.73,3479810
2024,6,1,2024-06,383,1240,6712.7,8323748
2024,6,1,2024-06,384,2066,5987.51,12370196
2024,6,1,2024-06,385,1458,6459.76,9418330
2024,6,1,2024-06,386,1712,4237.07,7253864
2024,6,1,2024-06,387,2008,4344.48,8723716
2024,6,1,2024-06,388,872,6658.98,5806631
2024,6,1,2024-06,389,1923,4305.49,8279457
2024,6,1,2024-06,390,1792,4352.02,7798820
2024,6,1,2024-06,391,2117,4154.98,8796093
2024,6,1,2024-06,392,1320,7458.14,9844745
2024,6,1,2024-06,393,1083,6732.31,7291092
2024,6,1,2024-06,394,1742,5234.69,9118830
2024,6,1,2024-06,395,1355,5115.18,6931069
2024,6,1,2024-06,396,1271,5358.22,6810298
2024,6,1,2024-06,397,1220,6924.71,8448146
2024,6,1,2024-06,398,1673,6356.05,10633672
2024,6,1,2024-06,399,863,4660.81,4022279
2024,6,1,2024-06,400,1304,4648.37,6061474
2024,6,1,2024-06,401,809,4408.86,3566768
2024,6,1,2024-06,402,1140,6379.87,7273052
2024,6,1,2024-06,403,1360,6821.05,9276628
2024,6,1,2024-06,404,1021,4984.19,5088858
2024,6,1,2024-06,405,1360,4092.68,5566045
2024,6,1,2024-06,406,1697,4296.56,7291262
2024,6,1,2024-06,407,1322,7510.36,9928696
2024,6,1,2024-06,408,1825,5126.18,9355278
2024,6,1,2024-06,409,1935,6839.04,13233542
2024,6,1,2024-06,410,2122,6264.36,13292972
2024,6,1,2024-06,411,1649,5435.82,8963667
2024,6,1,2024-06,412,1516,4855.7,7361241
2024,6,1,2024-06,413,1476,4538.94,6699475
2024,6,1,2024-06,414,768,6228.43,4783434
2024,6,1,2024-06,415,1187,6848.13,8128730
2024,6,1,2024-06,416,1919,6342.27,12170816
2024,6,1,2024-06,417,2065,5924.9,12234918
2024,6,1,2024-06,418,786,4157.94,3268141
2024,6,1,2024-06,419,930,7589.94,7058644
2024,6,1,2024-06,420,1243,6871.86,8541722
2024,6,1,2024-06,421,2158,5089.02,10982105
2024,6,1,2024-06,422,1075,7465.4,8025305
2024,6,1,2024-06,423,1422,6249.81,8887230
2024,6,1,2024-06,424,1443,6129.31,8844594
2024,6,1,2024-06,425,1753,6776.09,11878486
2024,6,1,2024-06,426,1876,6966.1,13068404
2024,6,1,2024-06,427,954,6401.43,6106964
2024,6,1,2024-06,428,1340,4545.37,6090796
2024,6,1,2024-06,429,1670,5257.97,8780810
2024,6,1,2024-06,430,1009,7282.98,7348527
2024,6,1,2024-06,431,1798,4864.34,8746083
2024,6,1,2024-06,432,1527,5429.62,8291030
2024,6,1,2024-06,433,759,5554.8,4216093
2024,6,1,2024-06,434,1716,5525.02,9480934
2024,6,1,2024-06,435,1786,6207.48,11086559
2024,6,1,2024-06,436,1479,7434.13,10995078
2024,6,1,2024-06,437,1529,4856.86,7426139
2024,6,1,2024-06,438,1600,4478.81,7166096
2024,6,1,2024-06,439,1539,4773.86,7346971
2024,6,1,2024-06,440,1997,7179.25,14336962
2024,6,1,2024-06,441,917,6415.38,5882903
2024,6,1,2024-06,442,1606,5101.91,8193667
2024,6,1,2024-06,443,1504,6919.87,10407484
2024,6,1,2024-06,444,1729,7158.73,12377444
2024,6,1,2024-06,445,1330,7037.17,9359436
2024,6,1,2024-06,446,927,7309.87,6776249
2024,6,1,2024-06,447,1173,4953.04,5809916
2024,6,1,2024-06,448,1249,6784.62,8473990
2024,6,1,2024-06,449,1713,5693.35,9752709
2024,6,1,2024-06,450,1432,7076.81,10133992
2024,6,1,2024-06,451,826,6717.17,5548382
2024,6,1,2024-06,452,1550,6835.76,10595428
2024,6,1,2024-06,453,1745,6365.85,11108408
2024,6,1,2024-06,454,2152,4715.22,10147153
2024,6,1,2024-06,455,1275,5972.59,7615052
2024,6,1,2024-06,456,1979,7554.99,14951325
2024,6,1,2024-06,457,755,7424.37,5605399
2024,6,1,2024-06,458,1566,4230.52,6624994
2024,6,1,2024-06,459,2007,4630.61,9293634
2024,6,1,2024-06,460,2195,4506.47,9891702
2024,6,1,2024-06,461,1606,6725.91,10801811
2024,6,1,2024-06,462,1677,6873.04,11526088
2024,6,1,2024-06,463,1475,4829.16,7123011
2024,6,1,2024-06,464,1315,5857.99,7703257
2024,6,1,2024-06,465,1568,7034.58,11030221
2024,6,1,2024-06,466,1936,6681.03,12934474
2024,6,1,2024-06,467,1869,5943.34,11108102
2024,6,1,2024-06,468,1230,6100.49,7503603
2024,6,1,2024-06,469,1162,5913.03,6870941
2024,6,1,2024-06,470,2046,5082.71,10399225
2024,6,1,2024-06,471,1627,6063.11,9864680
2024,6,1,2024-06,472,1770,6409.67,11345116
2024,6,1,2024-06,473,2027,7092.08,14375646
2024,6,1,2024-06,474,1472,6334.63,9324575
2024,6,1,2024-06,475,2223,6818.01,15156436
2024,6,1,2024-06,476,1445,4590.94,6633908
2024,6,1,2024-06,477,1392,5772.41,8035195
2024,6,1,2024-06,478,1434,4141.13,5938380
2024,6,1,2024-06,479,996,4971.09,4951206
2024,6,1,2024-06,480,1715,6694.19,11480536
2024,6,1,2024-06,481,1041,7652.6,7966357
2024,6,1,2024-06,482,2089,4380.85,9151596
2024,6,1,2024-06,483,1614,5463.1,8817443
2024,6,1,2024-06,484,1767,6939.74,12262521
2024,6,1,2024-06,485,1359,4722.93,6418462
2024,6,1,2024-06,486,1974,6048.07,11938890
2024,6,1,2024-06,487,1921,6689.69,12850894
2024,6,1,2024-06,488,1755,6282.16,11025191
2024,6,1,2024-06,489,1589,4747.49,7543762
2024,6,1,2024-06,490,1773,5261.68,9328959
2024,6,1,2024-06,491,727,6773.49,4924327
2024,6,1,2024-06,492,1642,6033.02,9906219
2024,6,1,2024-06,493,1570,4178.65,6560480
2024,6,1,2024-06,494,963,6725.53,6476685
2024,6,1,2024-06,495,1925,4161.58,8011042
2024,6,1,2024-06,496,1800,6727.68,12109824
2024,6,1,2024-06,497,1088,4749.08,5166999
2024,6,1,2024-06,498,1058,7502.41,7937550
2024,6,1,2024-06,499,1035,5396.48,5585357
2024,6,1,2024-06,500,1052,5287.34,5562282
2024,6,1,2024-06,501,926,4606.61,4265721
2024,6,1,2024-06,502,1952,5126.91,10007728
2024,6,1,2024-06,503,2014,7221.08,14543255
2024,6,1,2024-06,504,1020,7607.8,7759956
2024,6,1,2024-06,505,479,5348.84,2562094
2024,6,1,2024-06,506,997,5634.09,5617188
2024,6,1,2024-06,507,1658,6607.49,10955218
2024,6,1,2024-06,508,1492,7265.13,10839574
2024,6,1,2024-06,509,1811,6217.09,11259150
2024,6,1,2024-06,510,2142,5461.45,11698426
2024,6,1,2024-06,511,1300,5504.07,7155291
2024,6,1,2024-06,512,1282,6543.67,8388985
2024,6,1,2024-06,513,1324,4028.33,5333509
2024,6,1,2024-06,514,2022,6259.43,12656567
2024,6,1,2024-06,515,2139,5251.99,11234007
2024,6,1,2024-06,516,944,6882.29,6496882
2024,6,1,2024-06,517,1890,4421.37,8356389
2024,6,1,2024-06,518,1436,6127.49,8799076
2024,6,1,2024-06,519,1138,5814.64,6617060
2024,6,1,2024-06,520,945,6372.4,6021918
2024,6,1,2024-06,521,1148,4301.23,4937812
2024,6,1,2024-06,522,1567,6096.75,9553607
2024,6,1,2024-06,523,706,6015.04,4246618
2024,6,1,2024-06,524,2160,6098.2,13172112
2024,6,1,2024-06,525,1397,6153.14,8595937
2024,6,1,2024-06,526,1331,6449.21,8583899
2024,6,1,2024-06,527,1095,6937.06,7596081
2024,6,1,2024-06,528,1787,5122.59,9154068
2024,6,1,2024-06,529,1567,7029.94,11015916
2024,6,1,2024-06,530,2162,5800.29,12540227
2024,6,1,2024-06,531,1866,4324.43,8069386
2024,6,1,2024-06,532,2147,4248.6,9121744
2024,6,1,2024-06,533,1880,5258.83,9886600
2024,6,1,2024-06,534,1930,6899.09,13315244
2024,6,1,2024-06,535,1079,6550.46,7067946
2024,6,1,2024-06,536,1116,6876.24,7673884
2024,6,1,2024-06,537,878,5941.95,5217032
2024,6,1,2024-06,538,1975,5568.74,10998262
2024,6,1,2024-06,539,2061,4570.52,9419842
2024,6,1,2024-06,540,1132,5205.92,5893101
2024,6,1,2024-06,541,1396,5599.7,7817181
2024,6,1,2024-06,542,471,4266.63,2009583
2024,6,1,2024-06,543,1437,4806.45,6906869
2024,6,1,2024-06,544,1565,6092.28,9534418
2024,6,1,2024-06,545,759,6630.31,5032405
2024,6,1,2024-06,546,1530,7622.87,11662991
2024,6,1,2024-06,547,1421,7402.19,10518512
2024,6,1,2024-06,548,1671,6327.93,10573971
2024,6,1,2024-06,549,1798,5459.88,9816864
2024,6,1,2024-06,550,1155,6296.44,7272388
2024,6,1,2024-06,551,930,6800.42,6324391
2024,6,1,2024-06,552,1377,4461.22,6143100
2024,6,1,2024-06,553,2147,5518.75,11848756
2024,6,1,2024-06,554,1558,6977.84,10871475
2024,6,1,2024-06,555,1692,5404.02,9143602
2024,6,1,2024-06,556,1256,5993.95,7528401
2024,6,1,2024-06,557,2189,6141.23,13443152
2024,6,1,2024-06,558,2213,4700.17,10401476
2024,6,1,2024-06,559,1242,5276.19,6553028
2024,6,1,2024-06,560,2189,5179.99,11338998
2024,6,1,2024-06,561,1845,4222.96,7791361
2024,6,1,2024-06,562,1497,4151.69,6215080
2024,6,1,2024-06,563,1031,6989.95,7206638
2024,6,1,2024-06,564,2089,5010.63,10467206
2024,6,1,2024-06,565,1379,5847.33,8063468
2024,6,1,2024-06,566,1679,5127.24,8608636
2024,6,1,2024-06,567,734,7405.56,5435681
2024,6,1,2024-06,568,1370,5009.15,6862535
2024,6,1,2024-06,569,1781,5631.17,10029114
2024,6,1,2024-06,570,1817,7228.71,13134566
2024,6,1,2024-06,571,1532,7096.66,10872083
2024,6,1,2024-06,572,908,4705.07,4272204
2024,6,1,2024-06,573,1455,6856.47,9976164
2024,6,1,2024-06,574,2191,5673.71,12431099
2024,6,1,2024-06,575,785,5773.28,4532025
2024,6,1,2024-06,576,1956,4544.6,8889238
2024,6,1,2024-06,577,962,4312.63,4148750
2024,6,1,2024-06,578,786,6596.64,5184959
2024,6,1,2024-06,579,1615,5835.19,9423832
2024,6,1,2024-06,580,1783,5719.47,10197815
2024,6,1,2024-06,581,1904,6720.5,12795832
2024,6,1,2024-06,582,859,6838.53,5874297
2024,6,1,2024-06,583,1217,4601.04,5599466
2024,6,1,2024-06,584,1241,6196.32,7689633
2024,6,1,2024-06,585,2269,4567.8,10364338
2024,6,1,2024-06,586,1116,6791.15,7578923
2024,6,1,2024-06,587,1455,6385.27,9290568
2024,6,1,2024-06,588,1851,7441.41,13774050
2024,6,1,2024-06,589,660,4272.14,2819612
2024,6,1,2024-06,590,1056,4263.4,4502150
2024,6,1,2024-06,591,940,5055.12,4751813
2024,6,1,2024-06,592,1903,4985.59,9487578
2024,6,1,2024-06,593,899,4988.23,4484419
2024,6,1,2024-06,594,1008,7326.74,7385354
2024,6,1,2024-06,595,1074,4933.63,5298719
2024,6,1,2024-06,596,1419,5021.49,7125494
2024,6,1,2024-06,597,1416,6808.73,9641162
2024,6,1,2024-06,598,2157,5680.52,12252882
2024,6,1,2024-06,599,1477,6899.11,10189985
2024,6,1,2024-06,600,2088,4313.89,9007402
2024,6,1,2024-06,601,849,5803.55,4927214
2024,6,1,2024-06,602,1637,4147.86,6790047
2024,6,1,2024-06,603,1825,4203.14,7670731
2024,6,1,2024-06,604,1632,7336.15,11972597
2024,6,1,2024-06,605,936,4595.62,4301500
2024,6,1,2024-06,606,1828,6013.53,10992733
2024,6,1,2024-06,607,1620,5463.78,8851324
2024,6,1,2024-06,608,1539,5308.12,8169197
2024,6,1,2024-06,609,2176,7234.64,15742577
2024,6,1,2024-06,610,1852,4123.3,7636352
2024,6,1,2024-06,611,1663,6351.2,10562046
2024,6,1,2024-06,612,1471,7461.37,10975675
2024,6,1,2024-06,613,1754,6046.61,10605754
2024,6,1,2024-06,614,796,7414.74,5902133
2024,6,1,2024-06,615,1780,4270.36,7601241
2024,6,1,2024-06,616,2033,5617.77,11420926
2024,6,1,2024-06,617,1719,4974.05,8550392
2024,6,1,2024-06,618,1081,6639.83,7177656
2024,6,1,2024-06,619,1851,7571.6,14015032
2024,6,1,2024-06,620,1479,4980.18,7365686
2024,6,1,2024-06,621,1870,6336.95,11850096
2024,6,1,2024-06,622,1966,4702.91,9245921
2024,6,1,2024-06,623,1817,6172.87,11216105
2024,6,1,2024-06,624,1509,5719.74,8631088
2024,6,1,2024-06,625,752,7558.53,5684015
2024,6,1,2024-06,626,1307,6249.56,8168175
2024,6,1,2024-06,627,1465,5319.99,7793785
2024,6,1,2024-06,628,1492,4514.62,6735813
2024,6,1,2024-06,629,1816,4690.94,8518747
2024,6,1,2024-06,630,1976,4880.06,9642999
2024,6,1,2024-06,631,1712,4951.99,8477807
2024,6,1,2024-06,632,1052,7134.77,7505778
2024,6,1,2024-06,633,1482,6044.91,8958557
2024,6,1,2024-06,634,2077,5865.72,12183100
2024,6,1,2024-06,635,1842,4489.35,8269383
2024,6,1,2024-06,636,1720,7082.27,12181504
2024,6,1,2024-06,637,1782,6596.99,11755836
2024,6,1,2024-06,638,889,4234.72,3764666
2024,6,1,2024-06,639,2034,6465.84,13151519
2024,6,1,2024-06,640,1799,5932.45,10672478
2024,6,1,2024-06,641,1546,4346.72,6720029
2024,6,1,2024-06,642,1353,5741.34,7768033
2024,6,1,2024-06,643,1972,5757.6,11353987
2024,6,1,2024-06,644,786,4611.01,3624254
2024,6,1,2024-06,645,1971,7425.84,14636331
2024,6,1,2024-06,646,2060,7083.47,14591948
2024,6,1,2024-06,647,1181,6437.68,7602900
2024,6,1,2024-06,648,2176,5749.38,12510651
2024,6,1,2024-06,649,2029,5507.18,11174068
2024,6,1,2024-06,650,1286,6353.68,8170832
2024,6,1,2024-06,651,1045,5999.23,6269195
2024,6,1,2024-06,652,2164,4301.73,9308944
2024,6,1,2024-06,653,939,6009.85,5643249
2024,6,1,2024-06,654,1778,7009.59,12463051
2024,6,1,2024-06,655,2102,5701.79,11985163
2024,6,1,2024-06,656,1643,4212.48,6921105
2024,6,1,2024-06,657,2054,6855.27,14080725
2024,6,1,2024-06,658,2321,4739.11,10999474
2024,6,1,2024-06,659,824,4983.67,4106544
2024,6,1,2024-06,660,1605,4652.9,7467904
2024,6,1,2024-06,661,2020,5257.2,10619544
2024,6,1,2024-06,662,988,6665.11,6585129
2024,6,1,2024-06,663,922,5866.19,5408627
2024,6,1,2024-06,664,1523,4847.28,7382407
2024,6,1,2024-06,665,683,7136.63,4874318
2024,6,1,2024-06,666,1912,7157.94,13685981
2024,6,1,2024-06,667,2429,7145.72,17356954
2024,6,1,2024-06,668,1012,4967.05,5026655
2024,6,1,2024-06,669,1270,5691.95,7228776
2024,6,1,2024-06,670,1580,7556.58,11939396
2024,6,1,2024-06,671,2115,6787.42,14355393
2024,6,1,2024-06,672,1682,4116.27,6923566
2024,6,1,2024-06,673,1167,4226.37,4932174
2024,6,1,2024-06,674,1114,5670.92,6317405
2024,6,1,2024-06,675,1640,7377.63,12099313
2024,6,1,2024-06,676,1547,6041.58,9346324
2024,6,1,2024-06,677,2021,5813.06,11748194
2024,6,1,2024-06,678,1860,4404.5,8192370
2024,6,1,2024-06,679,934,6447.77,6022217
2024,6,1,2024-06,680,1061,6959.92,7384475
2024,6,1,2024-06,681,790,5439.09,4296881
2024,6,1,2024-06,682,1330,6771.22,9005723
2024,6,1,2024-06,683,1849,7503.39,13873768
2024,6,1,2024-06,684,2109,4756.7,10031880
2024,6,1,2024-06,685,1858,5940.32,11037115
2024,6,1,2024-06,686,1524,5133.87,7824018
2024,6,1,2024-06,687,1610,6855.38,11037162
2024,6,1,2024-06,688,1645,6065.57,9977863
2024,6,1,2024-06,689,2004,6303.73,12632675
2024,6,1,2024-06,690,892,6960.89,6209114
2024,6,1,2024-06,691,790,5470.58,4321758
2024,6,1,2024-06,692,1294,7315.98,9466878
2024,6,1,2024-06,693,1625,6006.24,9760140
2024,6,1,2024-06,694,639,4637.58,2963414
2024,6,1,2024-06,695,1371,6640.65,9104331
2024,6,1,2024-06,696,1788,6834.98,12220944
2024,6,1,2024-06,697,788,5181.23,4082809
2024,6,1,2024-06,698,1592,7050.22,11223950
2024,6,1,2024-06,699,1855,7238.3,13427046
2024,6,1,2024-06,700,912,5098.34,4649686
2024,6,1,2024-06,701,1602,7523.22,12052198
2024,6,1,2024-06,702,1968,4623.11,9098280
2024,6,1,2024-06,703,1808,4721.79,8536996
2024,6,1,2024-06,704,2165,4703.94,10184030
2024,6,1,2024-06,705,2040,7190.23,14668069
2024,6,1,2024-06,706,564,6417.04,3619211
2024,6,1,2024-06,707,1970,4602.55,9067024
2024,6,1,2024-06,708,1931,5679.7,10967501
2024,6,1,2024-06,709,1834,6286.23,11528946
2024,6,1,2024-06,710,2202,4353.66,9586759
2024,6,1,2024-06,711,2147,7207.78,15475104
2024,6,1,2024-06,712,2137,6864.09,14668560
2024,6,1,2024-06,713,1146,5872.1,6729427
2024,6,1,2024-06,714,1139,7500.92,8543548
2024,6,1,2024-06,715,1795,5572.14,10001991
2024,6,1,2024-06,716,1539,7599.65,11695861
2024,6,1,2024-06,717,2044,6407.35,13096623
2024,6,1,2024-06,718,1458,6284.9,9163384
2024,6,1,2024-06,719,1352,4646.3,6281798
2024,6,1,2024-06,720,1590,7189.08,11430637
2024,6,1,2024-06,721,906,5511.53,4993446
2024,6,1,2024-06,722,1708,4584.38,7830121
2024,6,1,2024-06,723,1844,4143.35,7640337
2024,6,1,2024-06,724,1273,6069.98,7727085
2024,6,1,2024-06,725,978,5932.99,5802464
2024,6,1,2024-06,726,1845,6676.28,12317737
2024,6,1,2024-06,727,1665,7227.85,12034370
2024,6,1,2024-06,728,2239,4365.41,9774153
2024,6,1,2024-06,729,1463,6661.74,9746126
2024,6,1,2024-06,730,901,4722.22,4254720
2024,6,1,2024-06,731,1344,7257.37,9753905
2024,6,1,2024-06,732,2000,6945.02,13890040
2024,6,1,2024-06,733,1815,6006.84,10902415
2024,6,1,2024-06,734,1304,6611.29,8621122
2024,6,1,2024-06,735,1388,5224.77,7251981
2024,6,1,2024-06,736,1473,5730.04,8440349
2024,6,1,2024-06,737,683,7075.51,4832573
2024,6,1,2024-06,738,1483,5674.53,8415328
2024,6,1,2024-06,739,1044,5308.07,5541625
2024,6,1,2024-06,740,1548,5853.58,9061342
2024,6,1,2024-06,741,2038,7064.44,14397329
2024,6,1,2024-06,742,1824,5191.41,9469132
2024,6,1,2024-06,743,1805,4636.06,8368088
2024,6,1,2024-06,744,1090,6601.47,7195602
2024,6,1,2024-06,745,1267,7027.73,8904134
2024,6,1,2024-06,746,1615,4470.15,7219292
2024,6,1,2024-06,747,1836,4912.12,9018652
2024,6,1,2024-06,748,1541,4609.1,7102623
2024,6,1,2024-06,749,2117,5211.87,11033529
2024,6,1,2024-06,750,1094,5604.88,6131739
2024,6,1,2024-06,751,1603,6724.97,10780127
2024,6,1,2024-06,752,982,6423.33,6307710
2024,6,1,2024-06,753,1409,6253.87,8811703
2024,6,1,2024-06,754,1155,5295.78,6116626
2024,6,1,2024-06,755,694,7073.4,4908940
2024,6,1,2024-06,756,1455,5723.49,8327678
2024,6,1,2024-06,757,1413,7611.22,10754654
2024,6,1,2024-06,758,1837,6320.03,11609895
2024,6,1,2024-06,759,1758,4611.68,8107333
2024,6,1,2024-06,760,1567,6472.59,10142549
2024,6,1,2024-06,761,1632,5194.39,8477244
2024,6,1,2024-06,762,1653,6506.03,10754468
2024,6,1,2024-06,763,1621,4347.97,7048059
2024,6,1,2024-06,764,1001,4667.32,4671987
2024,6,1,2024-06,765,1728,6980.8,12062822
2024,6,1,2024-06,766,1000,4840.25,4840250
2024,6,1,2024-06,767,841,6936.2,5833344
2024,6,1,2024-06,768,2145,5070.93,10877145
2024,6,1,2024-06,769,774,6296.35,4873375
2024,6,1,2024-06,770,1611,6532.1,10523213
2024,6,1,2024-06,771,1896,5815.31,11025828
2024,6,1,2024-06,772,954,5136.89,4900593
2024,6,1,2024-06,773,2096,4817.29,10097040
2024,6,1,2024-06,774,1617,4146.24,6704470
2024,6,1,2024-06,775,1732,5133.81,8891759
2024,6,1,2024-06,776,1491,6307.78,9404900
2024,6,1,2024-06,777,2251,7404.31,16667102
2024,6,1,2024-06,778,628,7133.82,4480039
2024,6,1,2024-06,779,1546,6790.89,10498716
2024,6,1,2024-06,780,1049,6861.46,7197672
2024,6,1,2024-06,781,874,6415,5606710
2024,6,1,2024-06,782,1001,4959.73,4964690
2024,6,1,2024-06,783,1654,7303.45,12079906
2024,6,1,2024-06,784,1084,6521.33,7069122
2024,6,1,2024-06,785,1114,6046.25,6735522
2024,6,1,2024-06,786,1414,4470.78,6321683
2024,6,1,2024-06,787,1481,5717.57,8467721
2024,6,1,2024-06,788,2103,5712.79,12013997
2024,6,1,2024-06,789,1894,7172.77,13585226
2024,6,1,2024-06,790,1703,5964.4,10157373
2024,6,1,2024-06,791,1395,5425.29,7568280
2024,6,1,2024-06,792,1709,7555.67,12912640
2024,6,1,2024-06,793,2404,4525.44,10879158
2024,6,1,2024-06,794,770,5503.46,4237664
2024,6,1,2024-06,795,1941,4297.87,8342166
2024,6,1,2024-06,796,1704,6745.18,11493787
2024,6,1,2024-06,797,1557,7373.47,11480493
2024,6,1,2024-06,798,1231,4998.74,6153449
2024,6,1,2024-06,799,558,7075.87,3948335
2024,6,1,2024-06,800,803,5122.07,4113022
2024,6,1,2024-06,801,1640,7210.29,11824876
2024,6,1,2024-06,802,1190,6675.92,7944345
2024,6,1,2024-06,803,1909,6961.5,13289504
2024,6,1,2024-06,804,1031,4167.8,4297002
2024,6,1,2024-06,805,1679,7586.24,12737297
2024,6,1,2024-06,806,1331,6631.12,8826021
2024,6,1,2024-06,807,815,5099.72,4156272
2024,6,1,2024-06,808,2118,6978.62,14780717
2024,6,1,2024-06,809,782,5076.07,3969487
2024,6,1,2024-06,810,1816,7159.05,13000835
2024,6,1,2024-06,811,983,4391.17,4316520
2024,6,1,2024-06,812,861,6587.65,5671967
2024,6,1,2024-06,813,1376,5935.56,8167331
2024,6,1,2024-06,814,992,4428.32,4392893
2024,6,1,2024-06,815,847,4945.93,4189203
2024,6,1,2024-06,816,1472,4080.87,6007041
2024,6,1,2024-06,817,2351,5737.57,13489027
2024,6,1,2024-06,818,780,5113.14,3988249
2024,6,1,2024-06,819,1896,6184.54,11725888
2024,6,1,2024-06,820,863,5054.23,4361800
2024,6,1,2024-06,821,1179,4968.7,5858097
2024,6,1,2024-06,822,1783,6699.53,11945262
2024,6,1,2024-06,823,1427,4177.17,5960822
2024,6,1,2024-06,824,969,7237.3,7012944
2024,6,1,2024-06,825,1193,7053.71,8415076
2024,6,1,2024-06,826,1478,6478.63,9575415
2024,6,1,2024-06,827,1950,6217.78,12124671
2024,6,1,2024-06,828,1593,7253.28,11554475
2024,6,1,2024-06,829,1790,4697.36,8408274
2024,6,1,2024-06,830,2023,4346.94,8793860
2024,6,1,2024-06,831,1446,4955.05,7165002
2024,6,1,2024-06,832,1223,6963.55,8516422
2024,6,1,2024-06,833,918,4139.76,3800300
2024,6,1,2024-06,834,1145,6063.83,6943085
2024,6,1,2024-06,835,879,7620.35,6698288
2024,6,1,2024-06,836,2044,7026.35,14361859
2024,6,1,2024-06,837,1496,5925.4,8864398
2024,6,1,2024-06,838,1488,4287.31,6379517
2024,6,1,2024-06,839,1390,7014.26,9749821
2024,6,1,2024-06,840,2047,6270.49,12835693
2024,6,1,2024-06,841,733,4464.01,3272119
2024,6,1,2024-06,842,1530,4410.12,6747484
2024,6,1,2024-06,843,1911,7351.88,14049443
2024,6,1,2024-06,844,1434,6437.7,9231662
2024,6,1,2024-06,845,960,6995.04,6715238
2024,6,1,2024-06,846,1001,7173.97,7181144
2024,6,1,2024-06,847,1967,6111.73,12021773
2024,6,1,2024-06,848,999,5913.13,5907217
2024,6,1,2024-06,849,864,5664.78,4894370
2024,6,1,2024-06,850,1698,5153.73,8751034
2024,6,1,2024-06,851,1953,5592.04,10921254
2024,6,1,2024-06,852,1721,6857.78,11802239
2024,6,1,2024-06,853,1387,6230.01,8641024
2024,6,1,2024-06,854,1493,7236.16,10803587
2024,6,1,2024-06,855,1933,5625.23,10873570
2024,6,1,2024-06,856,706,6196.35,4374623
2024,6,1,2024-06,857,762,6264.75,4773740
2024,6,1,2024-06,858,1559,6162.81,9607821
2024,6,1,2024-06,859,1489,6586.56,9807388
2024,6,1,2024-06,860,810,4914.85,3981029
2024,6,1,2024-06,861,894,5876.78,5253841
2024,6,1,2024-06,862,2090,4436.62,9272536
2024,6,1,2024-06,863,1963,5380.79,10562491
2024,6,1,2024-06,864,1406,5817.76,8179771
2024,6,1,2024-06,865,1522,6315.75,9612572
2024,6,1,2024-06,866,787,7457.44,5869005
2024,6,1,2024-06,867,1341,6222.54,8344426
2024,6,1,2024-06,868,677,6711.34,4543577
2024,6,1,2024-06,869,2516,5858.99,14741219
2024,6,1,2024-06,870,802,6267.79,5026768
2024,6,1,2024-06,871,723,4301.36,3109883
2024,6,1,2024-06,872,820,5048.01,4139368
2024,6,1,2024-06,873,871,5339.69,4650870
2024,6,1,2024-06,874,1540,5725.6,8817424
2024,6,1,2024-06,875,2043,4140.27,8458572
2024,6,1,2024-06,876,1437,4566.63,6562247
2024,6,1,2024-06,877,825,5058.6,4173345
2024,6,1,2024-06,878,1942,7499.59,14564204
2024,6,1,2024-06,879,1729,5222.74,9030117
2024,6,1,2024-06,880,1170,5712.32,6683414
2024,6,1,2024-06,881,1727,4756.08,8213750
2024,6,1,2024-06,882,964,6254.48,6029319
2024,6,1,2024-06,883,2050,4951.14,10149837
2024,6,1,2024-06,884,1947,4787.8,9321847
2024,6,1,2024-06,885,1530,5973.39,9139287
2024,6,1,2024-06,886,741,4076.36,3020583
2024,6,1,2024-06,887,1330,4099.43,5452242
2024,6,1,2024-06,888,797,4880.24,3889551
2024,6,1,2024-06,889,1179,4206.7,4959699
2024,6,1,2024-06,890,1752,4419.72,7743349
2024,6,1,2024-06,891,2133,5187.72,11065407
2024,6,1,2024-06,892,1573,7039.02,11072378
2024,6,1,2024-06,893,2215,6127.29,13571947
2024,6,1,2024-06,894,1359,5919.55,8044668
2024,6,1,2024-06,895,1480,5145.31,7615059
2024,6,1,2024-06,896,1048,7429.24,7785844
2024,6,1,2024-06,897,2263,5504.16,12455914
2024,6,1,2024-06,898,1289,4362.37,5623095
2024,6,1,2024-06,899,1233,6240.18,7694142
2024,6,1,2024-06,900,1166,4489.58,5234850
2024,6,1,2024-06,901,1236,5289.86,6538267
2024,6,1,2024-06,902,911,5867.88,5345639
2024,6,1,2024-06,903,1611,7217.68,11627682
2024,6,1,2024-06,904,1088,5907.61,6427480
2024,6,1,2024-06,905,1694,6516.59,11039103
2024,6,1,2024-06,906,1919,7618.65,14620189
2024,6,1,2024-06,907,1559,4474.43,6975636
2024,6,1,2024-06,908,1066,5040.26,5372917
2024,6,1,2024-06,909,604,5384,3251936
2024,6,1,2024-06,910,1612,5525.64,8907332
2024,6,1,2024-06,911,978,5519.33,5397905
2024,6,1,2024-06,912,920,7340.76,6753499
2024,6,1,2024-06,913,1690,6534.39,11043119
2024,6,1,2024-06,914,1160,6241.34,7239954
2024,6,1,2024-06,915,949,5153.63,4890795
2024,6,1,2024-06,916,1738,7059.01,12268559
2024,6,1,2024-06,917,609,7443.96,4533372
2024,6,1,2024-06,918,1175,7003.43,8229030
2024,6,1,2024-06,919,1801,4048.48,7291312
2024,6,1,2024-06,920,1429,6279.69,8973677
2024,6,1,2024-06,921,2135,4206.86,8981646
2024,6,1,2024-06,922,585,4936.24,2887700
2024,6,1,2024-06,923,1246,4184.02,5213289
2024,6,1,2024-06,924,2094,6276.73,13143473
2024,6,1,2024-06,925,1343,6486.83,8711813
2024,6,1,2024-06,926,1041,4480.46,4664159
2024,6,1,2024-06,927,1275,5371.5,6848662
2024,6,1,2024-06,928,762,5682.04,4329714
2024,6,1,2024-06,929,1454,5391.26,7838892
2024,6,1,2024-06,930,1105,4486.23,4957284
2024,6,1,2024-06,931,1192,5509.37,6567169
2024,6,1,2024-06,932,649,6770.12,4393808
2024,6,1,2024-06,933,648,4211.43,2729007
2024,6,1,2024-06,934,1815,4265.44,7741774
2024,6,1,2024-06,935,1989,5312.22,10566006
2024,6,1,2024-06,936,983,7306.7,7182486
2024,6,1,2024-06,937,1432,6403.27,9169483
2024,6,1,2024-06,938,1056,6453.45,6814843
2024,6,1,2024-06,939,1407,5411.42,7613868
2024,6,1,2024-06,940,2091,6141.24,12841333
2024,6,1,2024-06,941,1704,4062.61,6922687
2024,6,1,2024-06,942,1670,6239.33,10419681
2024,6,1,2024-06,943,1751,7316.33,12810894
2024,6,1,2024-06,944,1482,6238.96,9246139
2024,6,1,2024-06,945,1292,7122.29,9201999
2024,6,1,2024-06,946,1097,6677.65,7325382
2024,6,1,2024-06,947,2256,4518.83,10194480
2024,6,1,2024-06,948,1585,7249.03,11489713
2024,6,1,2024-06,949,1291,4200.68,5423078
2024,6,1,2024-06,950,1608,5909.42,9502347
2024,6,1,2024-06,951,1998,4626.79,9244326
2024,6,1,2024-06,952,1265,4098,5183970
2024,6,1,2024-06,953,719,5523.28,3971238
2024,6,1,2024-06,954,1387,5165.51,7164562
2024,6,1,2024-06,955,1830,5777.96,10573667
2024,6,1,2024-06,956,1883,6112.73,11510271
2024,6,1,2024-06,957,2087,4313.77,9002838
2024,6,1,2024-06,958,814,4530.83,3688096
2024,6,1,2024-06,959,2115,6032.98,12759753
2024,6,1,2024-06,960,802,5292.63,4244689
2024,6,1,2024-06,961,1928,6679.9,12878847
2024,6,1,2024-06,962,1196,6417.39,7675198
2024,6,1,2024-06,963,899,7024.44,6314972
2024,6,1,2024-06,964,2044,6597.38,13485045
2024,6,1,2024-06,965,732,5650.06,4135844
2024,6,1,2024-06,966,2082,6412.48,13350783
2024,6,1,2024-06,967,665,5033.14,3347038
2024,6,1,2024-06,968,900,5147.67,4632903
2024,6,1,2024-06,969,778,6876.01,5349536
2024,6,1,2024-06,970,2030,5679.78,11529953
2024,6,1,2024-06,971,989,6887.43,6811668
2024,6,1,2024-06,972,1133,7007.7,7939724
2024,6,1,2024-06,973,755,7142.3,5392436
2024,6,1,2024-06,974,2333,7347.17,17140948
2024,6,1,2024-06,975,752,5611.14,4219577
2024,6,1,2024-06,976,1190,5214.13,6204815
2024,6,1,2024-06,977,1926,6139.67,11825004
2024,6,1,2024-06,978,1408,5289.73,7447940
2024,6,1,2024-06,979,1273,6151.8,7831241
2024,6,1,2024-06,980,1010,6512.63,6577756
2024,6,1,2024-06,981,1457,6461.11,9413837
2024,6,1,2024-06,982,1568,5343.59,8378749
2024,6,1,2024-06,983,1993,4692.71,9352571
2024,6,1,2024-06,984,2238,5648.15,12640560
2024,6,1,2024-06,985,2231,4588.32,10236542
2024,6,1,2024-06,986,769,7185.36,5525542
2024,6,1,2024-06,987,1334,5244.16,6995709
2024,6,1,2024-06,988,2153,4572.7,9845023
2024,6,1,2024-06,989,2004,4107.87,8232171
2024,6,1,2024-06,990,2062,6416.73,13231297
2024,6,1,2024-06,991,1411,6264.36,8839012
2024,6,1,2024-06,992,1229,5280.95,6490288
2024,6,1,2024-06,993,1329,4248.79,5646642
2024,6,1,2024-06,994,1159,5535.75,6415934
2024,6,1,2024-06,995,2001,5144.63,10294405
2024,6,1,2024-06,996,1401,6418.64,8992515
2024,6,1,2024-06,997,2281,6189.13,14117406
2024,6,1,2024-06,998,989,5375.05,5315924
2024,6,1,2024-06,999,1507,4755.14,7165996
2024,6,1,2024-06,1000,1819,7551.73,13736597
2024,6,1,2024-06,1001,1650,5663.55,9344858
2024,6,1,2024-06,1002,1430,6447.05,9219282
2024,6,1,2024-06,1003,1014,4509.22,4572349
2024,6,1,2024-06,1004,1342,5850.2,7850968
2024,6,1,2024-06,1005,1680,4088.77,6869134
2024,6,1,2024-06,1006,990,5831.7,5773383
2024,6,1,2024-06,1007,1222,7515.95,9184491
2024,6,1,2024-06,1008,1720,5419.23,9321076
2024,6,1,2024-06,1009,1839,4163.53,7656732
2024,6,1,2024-06,1010,722,4195.82,3029382
2024,6,1,2024-06,1011,2065,5342.66,11032593
2024,6,1,2024-06,1012,1226,4653.13,5704737
2024,6,1,2024-06,1013,474,4090.61,1938949
2024,6,1,2024-06,1014,601,6636.69,3988651
2024,6,1,2024-06,1015,1413,5785.12,8174375
2024,6,1,2024-06,1016,1014,5085.01,5156200
2024,6,1,2024-06,1017,1708,7300.32,12468947
2024,6,1,2024-06,1018,1246,4513.26,5623522
2024,6,1,2024-06,1019,1548,7423.62,11491764
2024,6,1,2024-06,1020,1305,5159.95,6733735
2024,6,1,2024-06,1021,2248,7222.4,16235955
2024,6,1,2024-06,1022,1095,6172.48,6758866
2024,6,1,2024-06,1023,1441,7057.04,10169195
2024,6,1,2024-06,1024,1367,7625.51,10424072
2024,6,1,2024-06,1025,2369,5074.5,12021490
2024,6,1,2024-06,1026,1731,7506.3,12993405
2024,6,1,2024-06,1027,2231,5479.91,12225679
2024,6,1,2024-06,1028,733,5439.94,3987476
2024,6,1,2024-06,1029,1993,5240.12,10443559
2024,6,1,2024-06,1030,1055,5872.5,6195488
2024,6,1,2024-06,1031,2101,4604.89,9674874
2024,6,1,2024-06,1032,1870,6063.99,11339661
2024,6,1,2024-06,1033,1567,5942.84,9312430
2024,6,1,2024-06,1034,1431,6779.76,9701837
2024,6,1,2024-06,1035,823,7048.43,5800858
2024,6,1,2024-06,1036,1326,5643.82,7483705
2024,6,1,2024-06,1037,821,5135.71,4216418
2024,6,1,2024-06,1038,746,4931.49,3678892
2024,6,1,2024-06,1039,1157,4799.53,5553056
2024,6,1,2024-06,1040,561,4253.86,2386415
2024,6,1,2024-06,1041,920,5249.24,4829301
2024,6,1,2024-06,1042,1265,4941.57,6251086
2024,6,1,2024-06,1043,901,7520.92,6776349
2024,6,1,2024-06,1044,707,6153.03,4350192
2024,6,1,2024-06,1045,1307,5280.07,6901051
2024,6,1,2024-06,1046,1212,6101.88,7395479
2024,6,1,2024-06,1047,1614,4546.67,7338325
2024,6,1,2024-06,1048,1281,5632.99,7215860
2024,6,1,2024-06,1049,652,6270.78,4088549
2024,6,1,2024-06,1050,799,5890.04,4706142
2024,6,1,2024-06,1051,881,5487.38,4834382
2024,6,1,2024-06,1052,1581,7542.1,11924060
2024,6,1,2024-06,1053,830,7142.1,5927943
2024,6,1,2024-06,1054,1815,6328.48,11486191
2024,6,1,2024-06,1055,1054,6096.97,6426206
2024,6,1,2024-06,1056,2056,6251.59,12853269
2024,6,1,2024-06,1057,916,4749.59,4350624
2024,6,1,2024-06,1058,1527,5493.03,8387857
2024,6,1,2024-06,1059,1466,4155.38,6091787
2024,6,1,2024-06,1060,1732,5742.21,9945508
2024,6,1,2024-06,1061,2204,6022.82,13274295
2024,6,1,2024-06,1062,1767,4830.17,8534910
2024,6,1,2024-06,1063,1115,7551.43,8419844
2024,6,1,2024-06,1064,959,7225.52,6929274
2024,6,1,2024-06,1065,962,6631.7,6379695
2024,6,1,2024-06,1066,1181,5959.02,7037603
2024,6,1,2024-06,1067,2300,7062.56,16243888
2024,6,1,2024-06,1068,1759,4483.29,7886107
2024,6,1,2024-06,1069,1196,6901.09,8253704
2024,6,1,2024-06,1070,1222,4463.44,5454324
2024,6,1,2024-06,1071,1987,6875.56,13661738
2024,6,1,2024-06,1072,2016,5016.88,10114030
2024,6,1,2024-06,1073,1525,7227.41,11021800
2024,6,1,2024-06,1074,2105,7438.2,15657411
2024,6,1,2024-06,1075,1601,4561.28,7302609
2024,6,1,2024-06,1076,1790,5670.71,10150571
2024,6,1,2024-06,1077,913,7593.76,6933103
2024,6,1,2024-06,1078,1430,5783.52,8270434
2024,6,1,2024-06,1079,2058,7180.53,14777531
2024,6,1,2024-06,1080,1492,6181.13,9222246
2024,6,1,2024-06,1081,1983,5243.83,10398515
2024,6,1,2024-06,1082,644,5119.21,3296771
2024,6,1,2024-06,1083,1616,4781.61,7727082
2024,6,1,2024-06,1084,1935,6782.74,13124602
2024,6,1,2024-06,1085,923,5340.67,4929438
2024,6,1,2024-06,1086,2063,5854.67,12078184
2024,6,1,2024-06,1087,1107,5811.51,6433342
2024,6,1,2024-06,1088,736,6054.67,4456237
2024,6,1,2024-06,1089,1470,7202.17,10587190
2024,6,1,2024-06,1090,1847,7587.49,14014094
2024,6,1,2024-06,1091,989,5488.06,5427691
2024,6,1,2024-06,1092,1130,7088.09,8009542
2024,6,1,2024-06,1093,1148,6798.06,7804173
2024,6,1,2024-06,1094,1986,6160.77,12235289
2024,6,1,2024-06,1095,1155,7428.96,8580449
2024,6,1,2024-06,1096,1543,4787.68,7387390
2024,6,1,2024-06,1097,1123,4500.7,5054286
2024,6,1,2024-06,1098,1812,7154.23,12963465
2024,6,1,2024-06,1099,1370,5664.31,7760105
2024,6,1,2024-06,1100,878,7131.96,6261861
2024,6,1,2024-06,1101,1685,7309.47,12316457
2024,6,1,2024-06,1102,1356,4169.21,5653449
2024,6,1,2024-06,1103,889,7187.17,6389394
2024,6,1,2024-06,1104,1782,5573.26,9931549
2024,6,1,2024-06,1105,1626,5795.79,9423955
2024,6,1,2024-06,1106,1448,6265.14,9071923
2024,6,1,2024-06,1107,1464,7340.4,10746346
2024,6,1,2024-06,1108,871,4179.44,3640292
2024,6,1,2024-06,1109,1721,5699.95,9809614
2024,6,1,2024-06,1110,861,6515.07,5609475
2024,6,1,2024-06,1111,1013,6703.88,6791030
2024,6,1,2024-06,1112,1157,6517.31,7540528
2024,6,1,2024-06,1113,1846,4618.06,8524939
2024,6,1,2024-06,1114,1005,5035.2,5060376
2024,6,1,2024-06,1115,2016,5293.31,10671313
2024,6,1,2024-06,1116,1756,6993.44,12280481
2024,6,1,2024-06,1117,1940,5015.39,9729857
2024,6,1,2024-06,1118,1074,4791.92,5146522
2024,6,1,2024-06,1119,1912,7545.89,14427742
2024,6,1,2024-06,1120,1249,4111.48,5135239
2024,6,1,2024-06,1121,918,7540.93,6922574
2024,6,1,2024-06,1122,920,6495.83,5976164
2024,6,1,2024-06,1123,1306,6978.06,9113346
2024,6,1,2024-06,1124,2245,5080.33,11405341
2024,6,1,2024-06,1125,1900,4096.86,7784034
2024,6,1,2024-06,1126,1777,6660.14,11835069
2024,6,1,2024-06,1127,1873,7052.19,13208752
2024,6,1,2024-06,1128,2219,6656.26,14770241
2024,6,1,2024-06,1129,1658,4573.95,7583609
2024,6,1,2024-06,1130,1163,6775.81,7880267
2024,6,1,2024-06,1131,2051,6794.14,13934781
2024,6,1,2024-06,1132,952,6405.86,6098379
2024,6,1,2024-06,1133,1233,6791.16,8373500
2024,6,1,2024-06,1134,1215,7078.01,8599782
2024,6,1,2024-06,1135,1429,6237.55,8913459
2024,6,1,2024-06,1136,1667,4359.67,7267570
2024,6,1,2024-06,1137,1299,5786.62,7516819
2024,6,1,2024-06,1138,1864,4335.71,8081763
2024,6,1,2024-06,1139,1679,5486.52,9211867
2024,6,1,2024-06,1140,968,5497.83,5321899
2024,6,1,2024-06,1141,1008,4330.38,4365023
2024,6,1,2024-06,1142,1547,5386.48,8332885
2024,6,1,2024-06,1143,735,4557.23,3349564
2024,6,1,2024-06,1144,2132,6943.59,14803734
2024,6,1,2024-06,1145,2090,7389.41,15443867
2024,6,1,2024-06,1146,1843,4297.32,7919961
2024,6,1,2024-06,1147,528,7468.91,3943584
2024,6,1,2024-06,1148,856,5965.67,5106614
2024,6,1,2024-06,1149,1623,5087.91,8257678
2024,6,1,2024-06,1150,843,4318.94,3640866
2024,6,1,2024-06,1151,2363,5793.05,13688977
2024,6,1,2024-06,1152,788,6963.54,5487270
2024,6,1,2024-06,1153,1145,6600.61,7557698
2024,6,1,2024-06,1154,1426,4213.39,6008294
2024,6,1,2024-06,1155,2031,4313.26,8760231
2024,6,1,2024-06,1156,1447,5428.55,7855112
2024,6,1,2024-06,1157,2016,5125.39,10332786
2024,6,1,2024-06,1158,799,4897.51,3913110
2024,6,1,2024-06,1159,452,4974.17,2248325
2024,6,1,2024-06,1160,1907,6887.77,13134977
2024,6,1,2024-06,1161,1724,7356.41,12682451
2024,6,1,2024-06,1162,1438,5484.25,7886352
2024,6,1,2024-06,1163,1712,7264.47,12436773
2024,6,1,2024-06,1164,1257,5204.29,6541793
2024,6,1,2024-06,1165,799,5814.87,4646081
2024,6,1,2024-06,1166,1758,4879.02,8577317
2024,6,1,2024-06,1167,1063,6391.22,6793867
2024,6,1,2024-06,1168,1005,7564.01,7601830
2024,6,1,2024-06,1169,969,6191.71,5999767
2024,6,1,2024-06,1170,1209,5320.34,6432291
2024,6,1,2024-06,1171,870,6400.56,5568487
2024,6,1,2024-06,1172,1016,4513.41,4585625
2024,6,1,2024-06,1173,1704,7284.91,12413487
2024,6,1,2024-06,1174,1973,5847.64,11537394
2024,6,1,2024-06,1175,1590,5592.55,8892154
2024,6,1,2024-06,1176,1602,6134.32,9827181
2024,6,1,2024-06,1177,1454,6214.98,9036581
2024,6,1,2024-06,1178,1369,4300.3,5887111
2024,6,1,2024-06,1179,2330,6435.95,14995764
2024,6,1,2024-06,1180,1806,4910.09,8867623
2024,6,1,2024-06,1181,990,6607.35,6541276
2024,6,1,2024-06,1182,1461,6983.22,10202484
2024,6,1,2024-06,1183,1972,6909.89,13626303
2024,6,1,2024-06,1184,1882,6006.61,11304440
2024,6,1,2024-06,1185,1617,5959.38,9636317
2024,6,1,2024-06,1186,1033,4573.07,4723981
2024,6,1,2024-06,1187,2008,6751.65,13557313
2024,6,1,2024-06,1188,1808,5025.58,9086249
2024,6,1,2024-06,1189,1222,5892.8,7201002
2024,6,1,2024-06,1190,2147,5044.8,10831186
2024,6,1,2024-06,1191,1779,4510.74,8024606
2024,6,1,2024-06,1192,894,6327.63,5656901
2024,6,1,2024-06,1193,1639,4205.55,6892896
2024,6,1,2024-06,1194,2306,6671.54,15384571
2024,6,1,2024-06,1195,2101,5114.16,10744850
2024,6,1,2024-06,1196,1970,4080.98,8039531
2024,6,1,2024-06,1197,1635,5915.2,9671352
2024,6,1,2024-06,1198,1916,4190.97,8029899
2024,6,1,2024-06,1199,1775,4984.65,8847754
2024,6,1,2024-06,1200,2299,6614.95,15207770
2024,6,1,2024-06,1201,2058,4268.23,8784017
2024,6,1,2024-06,1202,1061,6958.39,7382852
2024,6,1,2024-06,1203,1910,4080.29,7793354
2024,6,1,2024-06,1204,1596,4944.87,7892013
2024,6,1,2024-06,1205,1498,6759.49,10125716
2024,6,1,2024-06,1206,1828,5217.65,9537864
2024,6,1,2024-06,1207,1177,4454.26,5242664
2024,6,1,2024-06,1208,1175,5297.47,6224527
2024,6,1,2024-06,1209,1609,4955.09,7972740
2024,6,1,2024-06,1210,1489,7083.82,10547808
2024,6,1,2024-06,1211,2331,5170.27,12051899
2024,6,1,2024-06,1212,1552,6897.7,10705230
2024,6,1,2024-06,1213,1790,7242.05,12963270
2024,6,1,2024-06,1214,1888,5664.86,10695256
2024,6,1,2024-06,1215,920,7281.55,6699026
2024,6,1,2024-06,1216,2026,5399.88,10940157
2024,6,1,2024-06,1217,1203,7465.88,8981454
2024,6,1,2024-06,1218,759,4329.55,3286128
2024,6,1,2024-06,1219,1716,6564.12,11264030
2024,6,1,2024-06,1220,1182,5809.11,6866368
2024,6,1,2024-06,1221,753,5545.84,4176018
2024,6,1,2024-06,1222,1371,6250.01,8568764
2024,6,1,2024-06,1223,649,6569.03,4263300
2024,6,1,2024-06,1224,1172,4072.73,4773240
2024,6,1,2024-06,1225,1843,4702.51,8666726
2024,6,1,2024-06,1226,1142,6557.8,7489008
2024,6,1,2024-06,1227,1091,6403.95,6986709
2024,6,1,2024-06,1228,1034,7437.75,7690634
2024,6,1,2024-06,1229,1259,6834.87,8605101
2024,6,1,2024-06,1230,1728,7369.36,12734254
2024,6,1,2024-06,1231,1771,6565.4,11627323
2024,6,1,2024-06,1232,1724,5227.18,9011658
2024,6,1,2024-06,1233,1408,4477.56,6304404
2024,6,1,2024-06,1234,1776,6898.63,12251967
2024,6,1,2024-06,1235,1939,6428.44,12464745
2024,6,1,2024-06,1236,1405,4229.86,5942953
2024,6,1,2024-06,1237,754,5343.8,4029225
2024,6,1,2024-06,1238,2096,7468.23,15653410
2024,6,1,2024-06,1239,1421,5834.27,8290498
2024,6,1,2024-06,1240,2144,5568.4,11938650
2024,6,1,2024-06,1241,970,5747.4,5574978
2024,6,1,2024-06,1242,1083,4772.5,5168618
2024,6,1,2024-06,1243,758,5354.52,4058726
2024,6,1,2024-06,1244,1669,5311.58,8865027
2024,6,1,2024-06,1245,1286,4274.33,5496788
2024,6,1,2024-06,1246,1385,6863.94,9506557
2024,6,1,2024-06,1247,948,5437.6,5154845
2024,6,1,2024-06,1248,2183,7057.04,15405518
2024,6,1,2024-06,1249,1734,7121.25,12348248
2024,6,1,2024-06,1250,1546,4864.49,7520502
2024,6,1,2024-06,1251,1611,6415.31,10335064
2024,6,1,2024-06,1252,1685,5764.3,9712846
2024,6,1,2024-06,1253,2144,7209.48,15457125
2024,6,1,2024-06,1254,1420,4775.74,6781551
2024,6,1,2024-06,1255,818,6466.15,5289311
2024,6,1,2024-06,1256,1177,6199.25,7296517
2024,6,1,2024-06,1257,1360,5153.83,7009209
2024,6,1,2024-06,1258,1539,4525.83,6965252
2024,6,1,2024-06,1259,1917,6400.08,12268953
2024,6,1,2024-06,1260,1326,6639.81,8804388
2024,6,1,2024-06,1261,1220,5260.51,6417822
2024,6,1,2024-06,1262,1708,6365.52,10872308
2024,6,1,2024-06,1263,1744,5400.72,9418856
2024,6,1,2024-06,1264,693,6643.52,4603959
2024,6,1,2024-06,1265,905,4772.96,4319529
2024,6,1,2024-06,1266,1903,7266.07,13827331
2024,6,1,2024-06,1267,1468,5218.48,7660729
2024,6,1,2024-06,1268,1868,5415.49,10116135
2024,6,1,2024-06,1269,690,4306.69,2971616
2024,6,1,2024-06,1270,1273,4432.34,5642369
2024,6,1,2024-06,1271,923,5897.81,5443679
2024,6,1,2024-06,1272,2002,4989.92,9989820
2024,6,1,2024-06,1273,1146,6975.95,7994439
2024,6,1,2024-06,1274,2268,4083.1,9260471
2024,6,1,2024-06,1275,893,5455.42,4871690
2024,6,1,2024-06,1276,1786,5272.37,9416453
2024,6,1,2024-06,1277,2209,4066.47,8982832
2024,6,1,2024-06,1278,1669,4489.4,7492809
2024,6,1,2024-06,1279,623,5492.42,3421778
2024,6,1,2024-06,1280,1481,5831.8,8636896
2024,6,1,2024-06,1281,1289,5463.57,7042542
2024,6,1,2024-06,1282,2053,5921.87,12157599
2024,6,1,2024-06,1283,2033,6118.35,12438606
2024,6,1,2024-06,1284,1773,4160.28,7376176
2024,6,1,2024-06,1285,1124,5705.68,6413184
2024,6,1,2024-06,1286,1166,7487.2,8730075
2024,6,1,2024-06,1287,1776,5919.33,10512730
2024,6,1,2024-06,1288,2018,6488.93,13094661
2024,6,1,2024-06,1289,693,5133.3,3557377
2024,6,1,2024-06,1290,1911,6825.87,13044238
2024,6,1,2024-06,1291,1797,6815.55,12247543
2024,6,1,2024-06,1292,1612,5958.37,9604892
2024,6,1,2024-06,1293,1995,7570.85,15103846
2024,6,1,2024-06,1294,1461,4498.05,6571651
2024,6,1,2024-06,1295,584,4111.55,2401145
2024,6,1,2024-06,1296,1445,6791.98,9814411
2024,6,1,2024-06,1297,1381,6938.61,9582220
2024,6,1,2024-06,1298,2102,4477.92,9412588
2024,6,1,2024-06,1299,629,5005.93,3148730
2024,6,1,2024-06,1300,1953,4046.56,7902932
2024,6,1,2024-06,1301,667,5069.04,3381050
2024,6,1,2024-06,1302,754,6876.85,5185145
2024,6,1,2024-06,1303,2172,5870.81,12751399
2024,6,1,2024-06,1304,1917,5287.33,10135812
2024,6,1,2024-06,1305,2129,5387.56,11470115
2024,6,1,2024-06,1306,1880,4047.01,7608379
2024,6,1,2024-06,1307,1864,5095.61,9498217
2024,6,1,2024-06,1308,1621,6401.01,10376037
2024,6,1,2024-06,1309,1008,7483.84,7543711
2024,6,1,2024-06,1310,1394,6983.65,9735208
2024,6,1,2024-06,1311,1299,4192.2,5445668
2024,6,1,2024-06,1312,896,7202.24,6453207
2024,6,1,2024-06,1313,1901,6880.71,13080230
2024,6,1,2024-06,1314,1356,6820.59,9248720
2024,6,1,2024-06,1315,2130,5753.84,12255679
2024,6,1,2024-06,1316,2017,5460.75,11014333
2024,6,1,2024-06,1317,1382,5107.81,7058993
2024,6,1,2024-06,1318,1805,4324.57,7805849
2024,6,1,2024-06,1319,1764,4921.14,8680891
2024,6,1,2024-06,1320,2001,5003.86,10012724
2024,6,1,2024-06,1321,2032,5666.38,11514084
2024,6,1,2024-06,1322,913,6631.28,6054359
2024,6,1,2024-06,1323,1786,5693.73,10169002
2024,6,1,2024-06,1324,1819,4206.28,7651223
2024,6,1,2024-06,1325,1831,7449.71,13640419
2024,6,1,2024-06,1326,1829,7420.36,13571838
2024,6,1,2024-06,1327,1561,6863.86,10714485
2024,6,1,2024-06,1328,1391,7616.65,10594760
2024,6,1,2024-06,1329,1137,5963.85,6780897
2024,6,1,2024-06,1330,811,7485.64,6070854
2024,6,1,2024-06,1331,790,4317.22,3410604
2024,6,1,2024-06,1332,1086,5357.17,5817887
2024,6,1,2024-06,1333,1826,4832.4,8823962
2024,6,1,2024-06,1334,1305,4759.16,6210704
2024,6,1,2024-06,1335,1473,4506.29,6637765
2024,6,1,2024-06,1336,1817,6351.1,11539949
2024,6,1,2024-06,1337,829,6801.87,5638750
2024,6,1,2024-06,1338,1298,6133.85,7961737
2024,6,1,2024-06,1339,1603,4560.38,7310289
2024,6,1,2024-06,1340,867,6925.78,6004651
2024,6,1,2024-06,1341,1889,6254.01,11813825
2024,6,1,2024-06,1342,712,5412.37,3853607
2024,6,1,2024-06,1343,2105,6447.54,13572072
2024,6,1,2024-06,1344,1501,4952.45,7433627
2024,6,1,2024-06,1345,2190,5313.59,11636762
2024,6,1,2024-06,1346,1221,7403.12,9039210
2024,6,1,2024-06,1347,738,5084.64,3752464
2024,6,1,2024-06,1348,1082,5752.11,6223783
2024,6,1,2024-06,1349,1636,7285.97,11919847
2024,6,1,2024-06,1350,1427,6530.32,9318767
2024,6,1,2024-06,1351,1441,4351.93,6271131
2024,6,1,2024-06,1352,1585,4516.83,7159176
2024,6,1,2024-06,1353,2293,4077.87,9350556
2024,6,1,2024-06,1354,1293,6334.41,8190392
2024,6,1,2024-06,1355,1115,5718.91,6376585
2024,6,1,2024-06,1356,1849,4529.19,8374472
2024,6,1,2024-06,1357,1152,7477.07,8613585
2024,6,1,2024-06,1358,915,6015.64,5504311
2024,6,1,2024-06,1359,1677,4846.48,8127547
2024,6,1,2024-06,1360,1643,5793.18,9518195
2024,6,1,2024-06,1361,2189,6422.95,14059838
2024,6,1,2024-06,1362,1496,4273.48,6393126
2024,6,1,2024-06,1363,2022,4989.77,10089315
2024,6,1,2024-06,1364,1693,6988.51,11831547
2024,6,1,2024-06,1365,1624,5760.61,9355231
2024,6,1,2024-06,1366,1395,6019.85,8397691
2024,6,1,2024-06,1367,2264,5640.4,12769866
2024,6,1,2024-06,1368,2179,4243.54,9246674
2024,6,1,2024-06,1369,1435,4642.18,6661528
2024,6,1,2024-06,1370,1527,5683.44,8678613
2024,6,1,2024-06,1371,2219,4831.36,10720788
2024,6,1,2024-06,1372,1354,4257.56,5764736
2024,6,1,2024-06,1373,946,7068.13,6686451
2024,6,1,2024-06,1374,813,7563.95,6149491
2024,6,1,2024-06,1375,1507,6876.02,10362162
2024,6,1,2024-06,1376,1518,7021.12,10658060
2024,6,1,2024-06,1377,1628,4911.57,7996036
2024,6,1,2024-06,1378,1928,7484.46,14430039
2024,6,1,2024-06,1379,1193,4713.25,5622907
2024,6,1,2024-06,1380,1212,7427.61,9002263
2024,6,1,2024-06,1381,1160,7635.75,8857470
2024,6,1,2024-06,1382,945,6632.21,6267438
2024,6,1,2024-06,1383,2057,7480.62,15387635
2024,6,1,2024-06,1384,1974,6053.44,11949491
2024,6,1,2024-06,1385,1938,5013.03,9715252
2024,6,1,2024-06,1386,1982,5554.29,11008603
2024,6,1,2024-06,1387,2112,6164.72,13019889
2024,6,1,2024-06,1388,1257,4254.98,5348510
2024,6,1,2024-06,1389,595,6233.4,3708873
2024,6,1,2024-06,1390,1480,7571.34,11205583
2024,6,1,2024-06,1391,1128,4757.37,5366313
2024,6,1,2024-06,1392,721,6928.84,4995694
2024,6,1,2024-06,1393,1728,7419.5,12820896
2024,6,1,2024-06,1394,1330,7413.04,9859343
2024,6,1,2024-06,1395,1618,7474.05,12093013
2024,6,1,2024-06,1396,731,5970.61,4364516
2024,6,1,2024-06,1397,1728,7592.32,13119529
2024,6,1,2024-06,1398,1985,6780.14,13458578
2024,6,1,2024-06,1399,714,4610.2,3291683
2024,6,1,2024-06,1400,758,5787.13,4386645
2024,6,1,2024-06,1401,1926,6589.86,12692070
2024,6,1,2024-06,1402,609,4903.93,2986493
2024,6,1,2024-06,1403,1427,6351.17,9063120
2024,6,1,2024-06,1404,525,6524.64,3425436
2024,6,1,2024-06,1405,1710,4618.42,7897498
2024,6,1,2024-06,1406,1861,6071.49,11299043
2024,6,1,2024-06,1407,1729,6735.85,11646285
2024,6,1,2024-06,1408,2006,5791.63,11618010
2024,6,1,2024-06,1409,1383,4109.52,5683466
2024,6,1,2024-06,1410,1007,4103.75,4132476
2024,6,1,2024-06,1411,748,5412.82,4048789
2024,6,1,2024-06,1412,1634,7311.91,11947661
2024,6,1,2024-06,1413,1343,4873.12,6544600
2024,6,1,2024-06,1414,1524,6295.95,9595028
2024,6,1,2024-06,1415,582,4856.14,2826273
2024,6,1,2024-06,1416,1310,5175.09,6779368
2024,6,1,2024-06,1417,862,7001.77,6035526
2024,6,1,2024-06,1418,1706,6682.87,11400976
2024,6,1,2024-06,1419,993,4357.36,4326858
2024,6,1,2024-06,1420,1867,5571.06,10401169
2024,6,1,2024-06,1421,2292,4157.17,9528234
2024,6,1,2024-06,1422,1638,5766.88,9446149
2024,6,1,2024-06,1423,1512,6283.01,9499911
2024,6,1,2024-06,1424,2158,4401.62,9498696
2024,6,1,2024-06,1425,1482,5069.56,7513088
2024,6,1,2024-06,1426,1343,5574.96,7487171
2024,6,1,2024-06,1427,684,7293.22,4988562
2024,6,1,2024-06,1428,1857,7581.78,14079365
2024,6,1,2024-06,1429,2087,4270.9,8913368
2024,6,1,2024-06,1430,1553,6800.53,10561223
2024,6,1,2024-06,1431,1510,5397.06,8149561
2024,6,1,2024-06,1432,2132,5457.54,11635475
2024,6,1,2024-06,1433,2236,6659.09,14889725
2024,6,1,2024-06,1434,1577,7260.16,11449272
2024,6,1,2024-06,1435,633,7406.19,4688118
2024,6,1,2024-06,1436,830,6093.89,5057929
2024,6,1,2024-06,1437,2192,5380.14,11793267
2024,6,1,2024-06,1438,533,6865.12,3659109
2024,6,1,2024-06,1439,1238,4918.05,6088546
2024,6,1,2024-06,1440,1908,6052.6,11548361
2024,6,1,2024-06,1441,863,5392.89,4654064
2024,6,1,2024-06,1442,1306,6401.66,8360568
2024,6,1,2024-06,1443,1526,4938.85,7536685
2024,6,1,2024-06,1444,2014,4712.65,9491277
2024,6,1,2024-06,1445,2360,7243.86,17095510
2024,6,1,2024-06,1446,807,4443.07,3585557
2024,6,1,2024-06,1447,994,5872.12,5836887
2024,6,1,2024-06,1448,1437,4882.51,7016167
2024,6,1,2024-06,1449,1135,4192.78,4758805
2024,6,1,2024-06,1450,1460,4287.49,6259735
2024,6,1,2024-06,1451,1090,4633.56,5050580
2024,6,1,2024-06,1452,743,7097.78,5273651
2024,6,1,2024-06,1453,1943,5050.89,9813879
2024,6,1,2024-06,1454,2119,7432.44,15749340
2024,6,1,2024-06,1455,1408,6119.15,8615763
2024,6,1,2024-06,1456,2020,5605.43,11322969
2024,6,1,2024-06,1457,2328,6107.99,14219401
2024,6,1,2024-06,1458,1948,5871.44,11437565
2024,6,1,2024-06,1459,1588,6716.29,10665469
2024,6,1,2024-06,1460,989,5084.24,5028313
2024,6,1,2024-06,1461,1178,5364.92,6319876
2024,6,1,2024-06,1462,927,7392.6,6852940
2024,6,1,2024-06,1463,787,7448.01,5861584
2024,6,1,2024-06,1464,2137,7289.64,15577961
2024,6,1,2024-06,1465,792,5558.28,4402158
2024,6,1,2024-06,1466,1535,6869.78,10545112
2024,6,1,2024-06,1467,1015,5748.52,5834748
2024,6,1,2024-06,1468,1742,5814.53,10128911
2024,6,1,2024-06,1469,1978,4770.53,9436108
2024,6,1,2024-06,1470,530,6247.25,3311042
2024,6,1,2024-06,1471,1613,4795.16,7734593
2024,6,1,2024-06,1472,576,5196.83,2993374
2024,6,1,2024-06,1473,644,7127.27,4589962
2024,6,1,2024-06,1474,1658,4777.96,7921858
2024,6,1,2024-06,1475,706,4384.84,3095697
2024,6,1,2024-06,1476,1843,4243.05,7819941
2024,6,1,2024-06,1477,1073,7462.36,8007112
2024,6,1,2024-06,1478,852,5865.54,4997440
2024,6,1,2024-06,1479,2316,5429.17,12573958
2024,6,1,2024-06,1480,879,7033.5,6182446
2024,6,1,2024-06,1481,1649,6958.26,11474171
2024,6,1,2024-06,1482,1283,5190.86,6659873
2024,6,1,2024-06,1483,1214,6472.12,7857154
2024,6,1,2024-06,1484,1824,6863.55,12519115
2024,6,1,2024-06,1485,1303,6361.41,8288917
2024,6,1,2024-06,1486,1639,4539.2,7439749
2024,6,1,2024-06,1487,1620,7206.85,11675097
2024,6,1,2024-06,1488,852,5926.1,5049037
2024,6,1,2024-06,1489,748,5080.08,3799900
2024,6,1,2024-06,1490,1803,5585.58,10070801
2024,6,1,2024-06,1491,917,4195.53,3847301
2024,6,1,2024-06,1492,832,4419.1,3676691
2024,6,1,2024-06,1493,1337,6837.39,9141590
2024,6,1,2024-06,1494,1904,4115.91,7836693
2024,6,1,2024-06,1495,987,5580.91,5508358
2024,6,1,2024-06,1496,1537,5950.93,9146579
2024,6,1,2024-06,1497,1367,4237.37,5792485
2024,6,1,2024-06,1498,2006,7604.24,15254105
2024,6,1,2024-06,1499,1195,4795.47,5730587
2024,6,1,2024-06,1500,1810,5034.68,9112771
2024,6,1,2024-06,1501,1901,5191.99,9869973
2024,6,1,2024-06,1502,1133,4794.24,5431874
2024,6,1,2024-06,1503,814,4104.63,3341169
2024,6,1,2024-06,1504,2006,6591.85,13223251
2024,6,1,2024-06,1505,1506,7533.11,11344864
2024,6,1,2024-06,1506,1701,4817.98,8195384
2024,6,1,2024-06,1507,1273,6436.56,8193741
2024,6,1,2024-06,1508,1333,6764.07,9016505
2024,6,1,2024-06,1509,1778,7043.47,12523290
2024,6,1,2024-06,1510,1849,5634.44,10418080
2024,6,1,2024-06,1511,919,5133.01,4717236
2024,6,1,2024-06,1512,1253,5217.37,6537365
2024,6,1,2024-06,1513,930,6649.34,6183886
2024,6,1,2024-06,1514,1405,7027.2,9873216
2024,6,1,2024-06,1515,828,4695.83,3888147
2024,6,1,2024-06,1516,1553,5306.22,8240560
2024,6,1,2024-06,1517,1352,7274.62,9835286
2024,6,1,2024-06,1518,1684,6864.36,11559582
2024,6,1,2024-06,1519,1201,7564.63,9085121
2024,6,1,2024-06,1520,2414,6728.87,16243492
2024,6,1,2024-06,1521,1412,5389.82,7610426
2024,6,1,2024-06,1522,1960,6120.34,11995866
2024,6,1,2024-06,1523,1665,6469.07,10771002
2024,6,1,2024-06,1524,1062,4315.65,4583220
2024,6,1,2024-06,1525,1695,5974.65,10127032
2024,6,1,2024-06,1526,1847,6608.37,12205659
2024,6,1,2024-06,1527,1152,4721.48,5439145
2024,6,1,2024-06,1528,2213,6812.69,15076483
2024,6,1,2024-06,1529,1314,6188.27,8131387
2024,6,1,2024-06,1530,1785,7451.93,13301695
2024,6,1,2024-06,1531,1691,4288.4,7251684
2024,6,1,2024-06,1532,2015,5045.87,10167428
2024,6,1,2024-06,1533,1755,6182.73,10850691
2024,6,1,2024-06,1534,1415,5121.93,7247531
2024,6,1,2024-06,1535,972,6566.35,6382492
2024,6,1,2024-06,1536,1902,6769.01,12874657
2024,6,1,2024-06,1537,921,4378.94,4033004
2024,6,1,2024-06,1538,1402,5854.78,8208402
2024,6,1,2024-06,1539,1970,5920.75,11663878
2024,6,1,2024-06,1540,1693,5379.55,9107578
2024,6,1,2024-06,1541,1848,7399.41,13674110
2024,6,1,2024-06,1542,436,6984.07,3045055
2024,6,1,2024-06,1543,1973,6526.98,12877732
2024,6,1,2024-06,1544,1157,6586.05,7620060
2024,6,1,2024-06,1545,754,5673.02,4277457
2024,6,1,2024-06,1546,1076,7312.21,7867938
2024,6,1,2024-06,1547,2049,6492.63,13303399
2024,6,1,2024-06,1548,1727,6592.25,11384816
2024,6,1,2024-06,1549,1823,7125.16,12989167
2024,6,1,2024-06,1550,2316,4986.28,11548224
2024,6,1,2024-06,1551,1494,7008.14,10470161
2024,6,1,2024-06,1552,1980,4687.27,9280795
2024,6,1,2024-06,1553,724,5265.57,3812273
2024,6,1,2024-06,1554,1064,5282.01,5620059
2024,6,1,2024-06,1555,2069,7449.62,15413264
2024,6,1,2024-06,1556,1954,7144.98,13961291
2024,6,1,2024-06,1557,1680,6517.94,10950139
2024,6,1,2024-06,1558,2113,6598.89,13943455
2024,6,1,2024-06,1559,910,6084.41,5536813
2024,6,1,2024-06,1560,1515,7465.13,11309672
2024,6,1,2024-06,1561,1865,5773.17,10766962
2024,6,1,2024-06,1562,1146,5394.34,6181914
2024,6,1,2024-06,1563,1147,4686.77,5375725
2024,6,1,2024-06,1564,1021,6838.89,6982507
2024,6,1,2024-06,1565,1325,6628.74,8783080
2024,6,1,2024-06,1566,1831,5417.53,9919497
2024,6,1,2024-06,1567,2095,4135.72,8664333
2024,6,1,2024-06,1568,2341,7035.84,16470901
2024,6,1,2024-06,1569,1803,4110.9,7411953
2024,6,1,2024-06,1570,1453,6535.1,9495500
2024,6,1,2024-06,1571,614,7544.82,4632519
2024,6,1,2024-06,1572,1660,5596.96,9290954
2024,6,1,2024-06,1573,1165,4824.62,5620682
2024,6,1,2024-06,1574,749,6639.79,4973203
2024,6,1,2024-06,1575,730,6899.98,5036985
2024,6,1,2024-06,1576,1172,6039.47,7078259
2024,6,1,2024-06,1577,1396,7497.68,10466761
2024,6,1,2024-06,1578,1087,4235.44,4603923
2024,6,1,2024-06,1579,2286,5814.2,13291261
2024,6,1,2024-06,1580,1818,6594.94,11989601
2024,6,1,2024-06,1581,958,7167.78,6866733
2024,6,1,2024-06,1582,799,4640.46,3707728
2024,6,1,2024-06,1583,1639,6885.53,11285384
2024,6,1,2024-06,1584,1734,6072.17,10529143
2024,6,1,2024-06,1585,2231,5440.34,12137399
2024,6,1,2024-06,1586,949,4521.8,4291188
2024,6,1,2024-06,1587,1094,7146.41,7818173
2024,6,1,2024-06,1588,1183,4572.65,5409445
2024,6,1,2024-06,1589,689,5175.78,3566112
2024,6,1,2024-06,1590,2089,5082.89,10618157
2024,6,1,2024-06,1591,1806,7127.25,12871814
2024,6,1,2024-06,1592,908,6481.82,5885493
2024,6,1,2024-06,1593,653,6902.83,4507548
2024,6,1,2024-06,1594,787,4941.65,3889079
2024,6,1,2024-06,1595,1023,6268.49,6412665
2024,6,1,2024-06,1596,1149,6026.67,6924644
2024,6,1,2024-06,1597,1223,7018.55,8583687
2024,6,1,2024-06,1598,1381,7187.21,9925537
2024,6,1,2024-06,1599,1271,4126.56,5244858
2024,6,1,2024-06,1600,951,6406.08,6092182
2024,6,1,2024-06,1601,1463,4259.38,6231473
2024,6,1,2024-06,1602,1939,5947.77,11532726
2024,6,1,2024-06,1603,1480,5019.25,7428490
2024,6,1,2024-06,1604,2011,5112.59,10281418
2024,6,1,2024-06,1605,929,5394.84,5011806
2024,6,1,2024-06,1606,743,6250.04,4643780
2024,6,1,2024-06,1607,1748,5318.81,9297280
2024,6,1,2024-06,1608,2118,6688.56,14166370
2024,6,1,2024-06,1609,1362,5483.54,7468581
2024,6,1,2024-06,1610,1706,4301.91,7339058
2024,6,1,2024-06,1611,2384,6865.17,16366565
2024,6,1,2024-06,1612,1932,5090.84,9835503
2024,6,1,2024-06,1613,2069,5655.74,11701726
2024,6,1,2024-06,1614,2096,6502.76,13629785
2024,6,1,2024-06,1615,798,5265.32,4201725
2024,6,1,2024-06,1616,1664,4340.17,7222043
2024,6,1,2024-06,1617,1067,5315.26,5671382
2024,6,1,2024-06,1618,1773,7419.03,13153940
2024,6,1,2024-06,1619,1243,6378.75,7928786
2024,6,1,2024-06,1620,1335,6386.6,8526111
2024,6,1,2024-06,1621,1980,6265.25,12405195
2024,6,1,2024-06,1622,1462,4718.55,6898520
2024,6,1,2024-06,1623,1861,5561.77,10350454
2024,6,1,2024-06,1624,2194,6756.53,14823827
2024,6,1,2024-06,1625,2059,4372.4,9002772
2024,6,1,2024-06,1626,2076,5061.9,10508504
2024,6,1,2024-06,1627,888,5007.96,4447068
2024,6,1,2024-06,1628,1431,5649.94,8085064
2024,6,1,2024-06,1629,843,7575.58,6386214
2024,6,1,2024-06,1630,1621,4324.14,7009431
2024,6,1,2024-06,1631,1489,5974.63,8896224
2024,6,1,2024-06,1632,1152,4721.89,5439617
2024,6,1,2024-06,1633,793,7492.31,5941402
2024,6,1,2024-06,1634,851,4460.29,3795707
2024,6,1,2024-06,1635,1922,5432.89,10442015
2024,6,1,2024-06,1636,1374,6636.57,9118647
2024,6,1,2024-06,1637,1565,6593.96,10319547
2024,6,1,2024-06,1638,1768,5635.55,9963652
2024,6,1,2024-06,1639,1874,5336.26,10000151
2024,6,1,2024-06,1640,997,5485.88,5469422
2024,6,1,2024-06,1641,1672,4926.46,8237041
2024,6,1,2024-06,1642,1340,4789.6,6418064
2024,6,1,2024-06,1643,615,5730.45,3524227
2024,6,1,2024-06,1644,2140,5026.86,10757480
2024,6,1,2024-06,1645,698,5017.35,3502110
2024,6,1,2024-06,1646,657,6403.72,4207244
2024,6,1,2024-06,1647,783,7487.02,5862337
2024,6,1,2024-06,1648,1484,6210.41,9216248
2024,6,1,2024-06,1649,1881,4301.07,8090313
2024,6,1,2024-06,1650,1566,4249.52,6654748
2024,6,1,2024-06,1651,1908,7495.23,14300899
2024,6,1,2024-06,1652,1189,5098.73,6062390
2024,6,1,2024-06,1653,1205,4359.37,5253041
2024,6,1,2024-06,1654,1878,6183.91,11613383
2024,6,1,2024-06,1655,1919,6248.55,11990967
2024,6,1,2024-06,1656,1691,6337.27,10716324
2024,6,1,2024-06,1657,2077,5069.98,10530348
2024,6,1,2024-06,1658,1437,4107.6,5902621
2024,6,1,2024-06,1659,1915,7478.04,14320447
2024,6,1,2024-06,1660,1952,4871.59,9509344
2024,6,1,2024-06,1661,1574,6442.17,10139976
2024,6,1,2024-06,1662,1349,6530.87,8810144
2024,6,1,2024-06,1663,2044,6210.4,12694058
2024,6,1,2024-06,1664,959,5236.24,5021554
2024,6,1,2024-06,1665,1142,5082.94,5804717
2024,6,1,2024-06,1666,2272,6173.52,14026237
2024,6,1,2024-06,1667,594,7113.36,4225336
2024,6,1,2024-06,1668,1992,7458.41,14857153
2024,6,1,2024-06,1669,1945,4478.63,8710935
2024,6,1,2024-06,1670,1590,4590.86,7299467
2024,6,1,2024-06,1671,2136,7516.2,16054603
2024,6,1,2024-06,1672,1718,6657.08,11436863
2024,6,1,2024-06,1673,1838,7188.59,13212628
2024,6,1,2024-06,1674,1710,4766.79,8151211
2024,6,1,2024-06,1675,784,6134.06,4809103
2024,6,1,2024-06,1676,1057,6503.2,6873882
2024,6,1,2024-06,1677,2011,6514.6,13100861
2024,6,1,2024-06,1678,1788,5495.27,9825543
2024,6,1,2024-06,1679,1438,4201.82,6042217
2024,6,1,2024-06,1680,1234,6167.36,7610522
2024,6,1,2024-06,1681,564,4968.77,2802386
2024,6,1,2024-06,1682,2094,5745.58,12031245
2024,6,1,2024-06,1683,1797,7503.48,13483754
2024,6,1,2024-06,1684,1372,5506.37,7554740
2024,6,1,2024-06,1685,1597,7020.33,11211467
2024,6,1,2024-06,1686,1270,4712.78,5985231
2024,6,1,2024-06,1687,1738,6497.32,11292342
2024,6,1,2024-06,1688,1660,7577.05,12577903
2024,6,1,2024-06,1689,1971,4386.87,8646521
2024,6,1,2024-06,1690,820,4184.78,3431520
2024,6,1,2024-06,1691,1066,5589.82,5958748
2024,6,1,2024-06,1692,1049,4433.57,4650815
2024,6,1,2024-06,1693,627,6735.51,4223165
2024,6,1,2024-06,1694,1603,7337.93,11762702
2024,6,1,2024-06,1695,2022,5585.3,11293477
2024,6,1,2024-06,1696,1761,4983.34,8775662
2024,6,1,2024-06,1697,662,5532.24,3662343
2024,6,1,2024-06,1698,2021,6684.33,13509031
2024,6,1,2024-06,1699,1886,4116.1,7762965
2024,6,1,2024-06,1700,741,6239.75,4623655
2024,6,1,2024-06,1701,1838,6244.53,11477446
2024,6,1,2024-06,1702,1198,6283.51,7527645
2024,6,1,2024-06,1703,1967,4981.95,9799496
2024,6,1,2024-06,1704,924,6589.21,6088430
2024,6,1,2024-06,1705,975,4215.28,4109898
2024,6,1,2024-06,1706,1168,4784.43,5588214
2024,6,1,2024-06,1707,1454,7227.1,10508203
2024,6,1,2024-06,1708,1542,6744.11,10399418
2024,6,1,2024-06,1709,1176,4058.46,4772749
2024,6,1,2024-06,1710,1218,4960.27,6041609
2024,6,1,2024-06,1711,1911,4842.04,9253138
2024,6,1,2024-06,1712,2018,5045.23,10181274
2024,6,1,2024-06,1713,1180,4907.42,5790756
2024,6,1,2024-06,1714,940,4289.29,4031933
2024,6,1,2024-06,1715,1285,5739.96,7375849
2024,6,1,2024-06,1716,1168,6583.24,7689224
2024,6,1,2024-06,1717,580,6217.02,3605872
2024,6,1,2024-06,1718,822,6499.05,5342219
2024,6,1,2024-06,1719,1125,4412.43,4963984
2024,6,1,2024-06,1720,1636,7519.12,12301280
2024,6,1,2024-06,1721,1319,7088.19,9349323
2024,6,1,2024-06,1722,1921,7010.38,13466940
2024,6,1,2024-06,1723,1127,7034.18,7927521
2024,6,1,2024-06,1724,1286,7277.67,9359084
2024,6,1,2024-06,1725,2031,5974.19,12133580
2024,6,1,2024-06,1726,1085,4829.68,5240203
2024,6,1,2024-06,1727,1071,6230.62,6672994
2024,6,1,2024-06,1728,2255,6762.56,15249573
2024,6,1,2024-06,1729,643,6721.17,4321712
2024,6,1,2024-06,1730,1237,5997.69,7419143
2024,6,1,2024-06,1731,2155,4275.03,9212690
2024,6,1,2024-06,1732,1263,5293.21,6685324
2024,6,1,2024-06,1733,1023,7330.11,7498703
2024,6,1,2024-06,1734,1958,6073.98,11892853
2024,6,1,2024-06,1735,1854,5952.5,11035935
2024,6,1,2024-06,1736,1945,4884.77,9500878
2024,6,1,2024-06,1737,1767,5367.07,9483613
2024,6,1,2024-06,1738,902,7268.32,6556025
2024,6,1,2024-06,1739,1193,6453.16,7698620
2024,6,1,2024-06,1740,1830,6907.61,12640926
2024,6,1,2024-06,1741,1741,5687.69,9902268
2024,6,1,2024-06,1742,1627,6272.56,10205455
2024,6,1,2024-06,1743,935,4993.72,4669128
2024,6,1,2024-06,1744,1639,6602.46,10821432
2024,6,1,2024-06,1745,1166,5574.69,6500089
2024,6,1,2024-06,1746,1416,5626.18,7966671
2024,6,1,2024-06,1747,1852,6341.84,11745088
2024,6,1,2024-06,1748,2084,7453.27,15532615
2024,6,1,2024-06,1749,1219,4280.3,5217686
2024,6,1,2024-06,1750,878,7036.31,6177880
2024,6,1,2024-06,1751,2113,5004.65,10574825
2024,6,1,2024-06,1752,1433,5642.56,8085788
2024,6,1,2024-06,1753,1882,4141.07,7793494
2024,6,1,2024-06,1754,1950,5072.95,9892252
2024,6,1,2024-06,1755,1562,5812.36,9078906
2024,6,1,2024-06,1756,2069,4284.49,8864610
2024,6,1,2024-06,1757,1308,5831.76,7627942
2024,6,1,2024-06,1758,1009,7375.77,7442152
2024,6,1,2024-06,1759,1736,4485.07,7786082
2024,6,1,2024-06,1760,631,6806.96,4295192
2024,6,1,2024-06,1761,1860,5576.83,10372904
2024,6,1,2024-06,1762,1095,6349.98,6953228
2024,6,1,2024-06,1763,1932,4990.49,9641627
2024,6,1,2024-06,1764,1658,4624.16,7666857
2024,6,1,2024-06,1765,1100,4568.66,5025526
2024,6,1,2024-06,1766,2141,4381.69,9381198
2024,6,1,2024-06,1767,2027,4692.64,9511981
2024,6,1,2024-06,1768,1281,6440.64,8250460
2024,6,1,2024-06,1769,675,7178.05,4845184
2024,6,1,2024-06,1770,1536,7009.89,10767191
2024,6,1,2024-06,1771,1123,6486.27,7284081
2024,6,1,2024-06,1772,1818,4432.7,8058649
2024,6,1,2024-06,1773,1413,5084.09,7183819
2024,6,1,2024-06,1774,1715,5160.59,8850412
2024,6,1,2024-06,1775,1193,4918.28,5867508
2024,6,1,2024-06,1776,572,5855.19,3349169
2024,6,1,2024-06,1777,1034,5939.08,6141009
2024,6,1,2024-06,1778,1816,5318,9657488
2024,6,1,2024-06,1779,797,5326.15,4244942
2024,6,1,2024-06,1780,1070,6991.89,7481322
2024,6,1,2024-06,1781,1969,6818.69,13426001
2024,6,1,2024-06,1782,1507,5095.23,7678512
2024,6,1,2024-06,1783,1456,7273.59,10590347
2024,6,1,2024-06,1784,1132,7469.03,8454942
2024,6,1,2024-06,1785,1326,5256.75,6970450
2024,6,1,2024-06,1786,1576,5266.53,8300051
2024,6,1,2024-06,1787,1869,5875.57,10981440
2024,6,1,2024-06,1788,1644,7429.02,12213309
2024,6,1,2024-06,1789,972,7263.41,7060035
2024,6,1,2024-06,1790,1195,4520.93,5402511
2024,6,1,2024-06,1791,1894,5500.83,10418572
2024,6,1,2024-06,1792,854,6058.68,5174113
2024,6,1,2024-06,1793,1652,5871.47,9699668
2024,6,1,2024-06,1794,1745,4709.63,8218304
2024,6,1,2024-06,1795,1578,7066.8,11151410
2024,6,1,2024-06,1796,947,6398.36,6059247
2024,6,1,2024-06,1797,1548,7050.67,10914437
2024,6,1,2024-06,1798,1208,7084.28,8557810
2024,6,1,2024-06,1799,1400,6759.36,9463104
2024,6,1,2024-06,1800,2166,5568.53,12061436
2024,6,1,2024-06,1801,1547,6242.67,9657410
2024,6,1,2024-06,1802,2285,4588.51,10484745
2024,6,1,2024-06,1803,1199,6394.67,7667209
2024,6,1,2024-06,1804,1798,4653.74,8367425
2024,6,1,2024-06,1805,1115,6500.13,7247645
2024,6,1,2024-06,1806,782,4869.27,3807769
2024,6,1,2024-06,1807,2164,4442.7,9614003
2024,6,1,2024-06,1808,1739,4598.75,7997226
2024,6,1,2024-06,1809,1536,4020.96,6176195
2024,6,1,2024-06,1810,608,6449.89,3921533
2024,6,1,2024-06,1811,1631,6649.55,10845416
2024,6,1,2024-06,1812,1702,5891.19,10026805
2024,6,1,2024-06,1813,1785,4607.45,8224298
2024,6,1,2024-06,1814,1802,4357.35,7851945
2024,6,1,2024-06,1815,1913,4161.69,7961313
2024,6,1,2024-06,1816,1728,4689.77,8103923
2024,6,1,2024-06,1817,2097,7276.75,15259345
2024,6,1,2024-06,1818,1529,4885.18,7469440
2024,6,1,2024-06,1819,2142,5273.86,11296608
2024,6,1,2024-06,1820,1281,4401.03,5637719
2024,6,1,2024-06,1821,2288,4871.51,11146015
2024,6,1,2024-06,1822,1776,5919.02,10512180
2024,6,1,2024-06,1823,727,6186.99,4497942
2024,6,1,2024-06,1824,1015,4974.97,5049595
2024,6,1,2024-06,1825,1741,4206.29,7323151
2024,6,1,2024-06,1826,681,5423.48,3693390
2024,6,1,2024-06,1827,2147,4896.08,10511884
2024,6,1,2024-06,1828,2130,4871.84,10377019
2024,6,1,2024-06,1829,1921,7531.43,14467877
2024,6,1,2024-06,1830,1250,6265.54,7831925
2024,6,1,2024-06,1831,1447,5983.85,8658631
2024,6,1,2024-06,1832,1848,5583.04,10317458
2024,6,1,2024-06,1833,1880,5535.57,10406872
2024,6,1,2024-06,1834,1623,5960.88,9674508
2024,6,1,2024-06,1835,1648,6493.79,10701766
2024,6,1,2024-06,1836,1544,6554.45,10120071
2024,6,1,2024-06,1837,1991,4617.41,9193263
2024,6,1,2024-06,1838,1114,5857.96,6525767
2024,6,1,2024-06,1839,711,5540.44,3939253
2024,6,1,2024-06,1840,1707,7194.05,12280243
2024,6,1,2024-06,1841,1130,6318.68,7140108
2024,6,1,2024-06,1842,1680,5962.5,10017000
2024,6,1,2024-06,1843,1953,4418.07,8628491
2024,6,1,2024-06,1844,1415,6183.22,8749256
2024,6,1,2024-06,1845,1418,4464.1,6330094
2024,6,1,2024-06,1846,1703,5253.89,8947375
2024,6,1,2024-06,1847,957,4545.23,4349785
2024,6,1,2024-06,1848,1234,6547.6,8079738
2024,6,1,2024-06,1849,1081,4891.06,5287236
2024,6,1,2024-06,1850,1643,5468.16,8984187
2024,6,1,2024-06,1851,1173,7219.8,8468825
2024,6,1,2024-06,1852,1061,4815.06,5108779
2024,6,1,2024-06,1853,1510,5836.14,8812571
2024,6,1,2024-06,1854,1547,5563.82,8607230
2024,6,1,2024-06,1855,1183,4136.01,4892900
2024,6,1,2024-06,1856,1858,6892.67,12806581
2024,6,1,2024-06,1857,1387,4269.89,5922337
2024,6,1,2024-06,1858,734,5747.7,4218812
2024,6,1,2024-06,1859,938,6030.48,5656590
2024,6,1,2024-06,1860,2105,6272.32,13203234
2024,6,1,2024-06,1861,2173,6436.01,13985450
2024,6,1,2024-06,1862,1227,4949.27,6072754
2024,6,1,2024-06,1863,1589,4182.99,6646771
2024,6,1,2024-06,1864,1777,6522.02,11589630
2024,6,1,2024-06,1865,1673,5863.62,9809836
2024,6,1,2024-06,1866,1863,7039.78,13115110
2024,6,1,2024-06,1867,1356,7018.34,9516869
2024,6,1,2024-06,1868,663,7002.43,4642611
2024,6,1,2024-06,1869,1010,5792.78,5850708
2024,6,1,2024-06,1870,2224,5234.63,11641817
2024,6,1,2024-06,1871,1134,6850.88,7768898
2024,6,1,2024-06,1872,1020,5679.45,5793039
2024,6,1,2024-06,1873,1816,4659.98,8462524
2024,6,1,2024-06,1874,1484,7150.36,10611134
2024,6,1,2024-06,1875,724,7117.04,5152737
2024,6,1,2024-06,1876,964,5712.24,5506599
2024,6,1,2024-06,1877,2074,4325.21,8970486
2024,6,1,2024-06,1878,1001,5428.05,5433478
2024,6,1,2024-06,1879,2041,6897.71,14078226
2024,6,1,2024-06,1880,1288,7300.07,9402490
2024,6,1,2024-06,1881,788,4758.5,3749698
2024,6,1,2024-06,1882,802,4220.89,3385154
2024,6,1,2024-06,1883,2072,7153.76,14822591
2024,6,1,2024-06,1884,1418,5445.48,7721691
2024,6,1,2024-06,1885,1472,5960.87,8774401
2024,6,1,2024-06,1886,913,7494,6842022
2024,6,1,2024-06,1887,2117,4322.53,9150796
2024,6,1,2024-06,1888,2215,6339.36,14041682
2024,6,1,2024-06,1889,1620,4310.4,6982848
2024,6,1,2024-06,1890,961,5382.59,5172669
2024,6,1,2024-06,1891,1624,6970.13,11319491
2024,6,1,2024-06,1892,1042,5600.81,5836044
2024,6,1,2024-06,1893,1181,7648.7,9033115
2024,6,1,2024-06,1894,1447,6014.93,8703604
2024,6,1,2024-06,1895,1906,5276.25,10056532
2024,6,1,2024-06,1896,2246,4873.7,10946330
2024,6,1,2024-06,1897,980,5376.86,5269323
2024,6,1,2024-06,1898,2043,5389.87,11011504
2024,6,1,2024-06,1899,1736,4268.15,7409508
2024,6,1,2024-06,1900,889,5360.07,4765102
2024,6,1,2024-06,1901,1291,5717.98,7381912
2024,6,1,2024-06,1902,1450,6640.95,9629378
2024,6,1,2024-06,1903,1675,6377.86,10682916
2024,6,1,2024-06,1904,832,6581.56,5475858
2024,6,1,2024-06,1905,565,4091.25,2311556
2024,6,1,2024-06,1906,1156,4790.94,5538327
2024,6,1,2024-06,1907,1548,6397.4,9903175
2024,6,1,2024-06,1908,1290,5839.3,7532697
2024,6,1,2024-06,1909,947,4122.91,3904396
2024,6,1,2024-06,1910,1831,6888.48,12612807
2024,6,1,2024-06,1911,2013,6896.23,13882111
2024,6,1,2024-06,1912,716,5973.47,4277005
2024,6,1,2024-06,1913,1901,4305.69,8185117
2024,6,1,2024-06,1914,1539,6848.31,10539549
2024,6,1,2024-06,1915,1003,6099.53,6117829
2024,6,1,2024-06,1916,893,6792.95,6066104
2024,6,1,2024-06,1917,674,6757.83,4554777
2024,6,1,2024-06,1918,1476,6915.66,10207514
2024,6,1,2024-06,1919,986,5885.04,5802649
2024,6,1,2024-06,1920,1587,4490.27,7126058
2024,6,1,2024-06,1921,1116,6507.1,7261924
2024,6,1,2024-06,1922,1998,6278.06,12543564
2024,6,1,2024-06,1923,907,6732.78,6106631
2024,6,1,2024-06,1924,1336,4709.29,6291611
2024,6,1,2024-06,1925,790,4668.32,3687973
2024,6,1,2024-06,1926,1470,7239.22,10641653
2024,6,1,2024-06,1927,1928,6661.21,12842813
2024,6,1,2024-06,1928,2177,7328.61,15954384
2024,6,1,2024-06,1929,1019,6821.24,6950844
2024,6,1,2024-06,1930,2174,6179.41,13434037
2024,6,1,2024-06,1931,1228,6383.89,7839417
2024,6,1,2024-06,1932,1967,7252.43,14265530
2024,6,1,2024-06,1933,1532,6139.29,9405392
2024,6,1,2024-06,1934,2028,6299.37,12775122
2024,6,1,2024-06,1935,2022,4640.8,9383698
2024,6,1,2024-06,1936,1677,5732.53,9613453
2024,6,1,2024-06,1937,2205,6623.24,14604244
2024,6,1,2024-06,1938,795,4961.5,3944392
2024,6,1,2024-06,1939,1165,4824.33,5620344
2024,6,1,2024-06,1940,826,5131.9,4238949
2024,6,1,2024-06,1941,728,4927,3586856
2024,6,1,2024-06,1942,989,4767.04,4714603
2024,6,1,2024-06,1943,1726,5547.87,9575624
2024,6,1,2024-06,1944,862,7270.21,6266921
2024,6,1,2024-06,1945,1676,5885.04,9863327
2024,6,1,2024-06,1946,2158,4787.83,10332137
2024,6,1,2024-06,1947,1983,4290.55,8508161
2024,6,1,2024-06,1948,626,6496.08,4066546
2024,6,1,2024-06,1949,896,5464.36,4896067
2024,6,1,2024-06,1950,1523,6954.04,10591003
2024,6,1,2024-06,1951,1120,6510.64,7291917
2024,6,1,2024-06,1952,2000,6847,13694000
2024,6,1,2024-06,1953,1461,5054.19,7384172
2024,6,1,2024-06,1954,1528,6454.42,9862354
2024,6,1,2024-06,1955,723,4947.59,3577108
2024,6,1,2024-06,1956,1838,7360.92,13529371
2024,6,1,2024-06,1957,1843,6296.65,11604726
2024,6,1,2024-06,1958,2005,5246.59,10519413
2024,6,1,2024-06,1959,1572,5011.08,7877418
2024,6,1,2024-06,1960,792,4783.43,3788477
2024,6,1,2024-06,1961,1598,6568.04,10495728
2024,6,1,2024-06,1962,1816,4786.72,8692684
2024,6,1,2024-06,1963,1836,6172,11331792
2024,6,1,2024-06,1964,917,5050.47,4631281
2024,6,1,2024-06,1965,1941,6376.55,12376884
2024,6,1,2024-06,1966,1511,6987.37,10557916
2024,6,1,2024-06,1967,2145,6797.01,14579586
2024,6,1,2024-06,1968,1180,6725.41,7935984
2024,6,1,2024-06,1969,867,4707.19,4081134
2024,6,1,2024-06,1970,1328,4315.79,5731369
2024,6,1,2024-06,1971,1077,6603.04,7111474
2024,6,1,2024-06,1972,1012,5238.79,5301655
2024,6,1,2024-06,1973,1724,5618.01,9685449
2024,6,1,2024-06,1974,1593,4184.4,6665749
2024,6,1,2024-06,1975,1053,4956.76,5219468
2024,6,1,2024-06,1976,2073,4080.18,8458213
2024,6,1,2024-06,1977,988,7211.54,7125002
2024,6,1,2024-06,1978,1475,4899.4,7226615
2024,6,1,2024-06,1979,1841,6013.11,11070136
2024,6,1,2024-06,1980,1969,4242.77,8354014
2024,6,1,2024-06,1981,1340,6498.47,8707950
2024,6,1,2024-06,1982,791,5181.13,4098274
2024,6,1,2024-06,1983,1012,7223.14,7309818
2024,6,1,2024-06,1984,562,7099.04,3989660
2024,6,1,2024-06,1985,1866,5140.14,9591501
2024,6,1,2024-06,1986,1076,7233.56,7783311
2024,6,1,2024-06,1987,1652,7657.38,12649992
2024,6,1,2024-06,1988,2280,7019.29,16003981
2024,6,1,2024-06,1989,1596,7116.08,11357264
2024,6,1,2024-06,1990,847,4970.81,4210276
2024,6,1,2024-06,1991,1760,6110.39,10754286
2024,6,1,2024-06,1992,738,4294.48,3169326
2024,6,1,2024-06,1993,1093,4413.24,4823671
2024,6,1,2024-06,1994,1483,7608.71,11283717
2024,6,1,2024-06,1995,1286,5231.2,6727323
2024,6,1,2024-06,1996,1494,6739.3,10068514
2024,6,1,2024-06,1997,2068,6942.91,14357938
2024,6,1,2024-06,1998,2291,7089.94,16243053
2024,6,1,2024-06,1999,1327,7674.47,10184022
2024,6,1,2024-06,2000,1774,4972.34,8820931
2024,6,1,2024-06,2001,729,4137.22,3016033
2024,6,1,2024-06,2002,1588,5428.13,8619870
2024,6,1,2024-06,2003,1486,4494.8,6679273
2024,6,1,2024-06,2004,1237,4094.02,5064303
2024,6,1,2024-06,2005,1813,5263.56,9542834
2024,6,1,2024-06,2006,1888,6833.12,12900931
2024,6,1,2024-06,2007,1682,6136.98,10322400
2024,6,1,2024-06,2008,1150,5187.98,5966177
2024,6,1,2024-06,2009,1147,6424.6,7369016
2024,6,1,2024-06,2010,2161,4938.39,10671861
2024,6,1,2024-06,2011,1815,4136,7506840
2024,6,1,2024-06,2012,969,6773.36,6563386
2024,6,1,2024-06,2013,1280,6330.99,8103667
2024,6,1,2024-06,2014,2170,6737.51,14620397
2024,6,1,2024-06,2015,738,4120.66,3041047
2024,6,1,2024-06,2016,1910,7103.73,13568124
2024,6,1,2024-06,2017,1115,6332.55,7060793
2024,6,1,2024-06,2018,1904,6044.43,11508595
2024,6,1,2024-06,2019,2131,6257.49,13334711
2024,6,1,2024-06,2020,1242,7163.49,8897055
2024,6,1,2024-06,2021,677,6097.58,4128062
2024,6,1,2024-06,2022,1508,6114.72,9220998
2024,6,1,2024-06,2023,1593,7599.97,12106752
2024,6,1,2024-06,2024,1467,6722.45,9861834
2024,6,1,2024-06,2025,1072,5679.61,6088542
2024,6,1,2024-06,2026,1453,6588.87,9573628
2024,6,1,2024-06,2027,1226,5434.42,6662599
2024,6,1,2024-06,2028,1956,4911.86,9607598
2024,6,1,2024-06,2029,1640,6189.16,10150222
2024,6,1,2024-06,2030,1276,7333.94,9358107
2024,6,1,2024-06,2031,914,7426.45,6787775
2024,6,1,2024-06,2032,757,5270.31,3989625
2024,6,1,2024-06,2033,1082,5785.64,6260062
2024,6,1,2024-06,2034,709,4818.67,3416437
2024,6,1,2024-06,2035,1636,7520.74,12303931
2024,6,1,2024-06,2036,1767,7649.23,13516189
2024,6,1,2024-06,2037,1276,6386.78,8149531
2024,6,1,2024-06,2038,932,6940.23,6468294
2024,6,1,2024-06,2039,1368,6638.68,9081714
2024,6,1,2024-06,2040,627,6088.91,3817747
2024,6,1,2024-06,2041,839,4258.41,3572806
2024,6,1,2024-06,2042,981,5629.02,5522069
2024,6,1,2024-06,2043,1797,6442.43,11577047
2024,6,1,2024-06,2044,643,6490.21,4173205
2024,6,1,2024-06,2045,1508,5358.07,8079970
2024,6,1,2024-06,2046,1868,7327.97,13688648
2024,6,1,2024-06,2047,1502,4669.41,7013454
2024,6,1,2024-06,2048,725,5869.77,4255583
2024,6,1,2024-06,2049,794,6468.58,5136053
2024,6,1,2024-06,2050,1889,6505.2,12288323
2024,6,1,2024-06,2051,1851,6358.48,11769546
2024,6,1,2024-06,2052,1006,5119.93,5150650
2024,6,1,2024-06,2053,1992,4685.91,9334333
2024,6,1,2024-06,2054,2209,6371.01,14073561
2024,6,1,2024-06,2055,1190,6284.51,7478567
2024,6,1,2024-06,2056,965,4739.19,4573318
2024,6,1,2024-06,2057,1560,6581.5,10267140
2024,6,1,2024-06,2058,1890,5626.38,10633858
2024,6,1,2024-06,2059,912,6357.85,5798359
2024,6,1,2024-06,2060,2033,7019.63,14270908
2024,6,1,2024-06,2061,1617,4664.92,7543176
2024,6,1,2024-06,2062,1182,4221.94,4990333
2024,6,1,2024-06,2063,1117,6823.32,7621648
2024,6,1,2024-06,2064,1379,6235.11,8598217
2024,6,1,2024-06,2065,1837,6565.11,12060107
2024,6,1,2024-06,2066,1591,7053.73,11222484
2024,6,1,2024-06,2067,2183,6998.19,15277049
2024,6,1,2024-06,2068,1982,7542.84,14949909
2024,6,1,2024-06,2069,1001,5964.93,5970895
2024,6,1,2024-06,2070,2003,5767.12,11551541
2024,6,1,2024-06,2071,1792,5460.45,9785126
2024,6,1,2024-06,2072,1229,4600.49,5654002
2024,6,1,2024-06,2073,1224,6063.74,7422018
2024,6,1,2024-06,2074,1213,5080.37,6162489
2024,6,1,2024-06,2075,1725,7311.15,12611734
2024,6,1,2024-06,2076,2005,6203.53,12438078
2024,6,1,2024-06,2077,1751,6199.07,10854572
2024,6,1,2024-06,2078,1831,5259.2,9629595
2024,6,1,2024-06,2079,1114,4301.93,4792350
2024,6,1,2024-06,2080,2048,4103.79,8404562
2024,6,1,2024-06,2081,932,5634.67,5251512
2024,6,1,2024-06,2082,1222,4385.54,5359130
2024,6,1,2024-06,2083,727,6318.94,4593869
2024,6,1,2024-06,2084,2013,7083.28,14258643
2024,7,1,2024-07,1,1849,7103.75,13134834
2024,7,1,2024-07,2,2391,4787.77,11447558
2024,7,1,2024-07,3,1605,4513.44,7244071
2024,7,1,2024-07,4,2272,5054.38,11483551
2024,7,1,2024-07,5,1816,4287.68,7786427
2024,7,1,2024-07,6,1660,5997.29,9955501
2024,7,1,2024-07,7,1747,7489.71,13084523
2024,7,1,2024-07,8,937,4270.38,4001346
2024,7,1,2024-07,9,1350,4488.2,6059070
2024,7,1,2024-07,10,1926,5718.94,11014678
2024,7,1,2024-07,11,1150,7498.36,8623114
2024,7,1,2024-07,12,2339,5228.71,12229953
2024,7,1,2024-07,13,857,5875.88,5035629
2024,7,1,2024-07,14,2416,4185.23,10111516
2024,7,1,2024-07,15,1885,4629.32,8726268
2024,7,1,2024-07,16,1543,7607.62,11738558
2024,7,1,2024-07,17,886,7529.87,6671465
2024,7,1,2024-07,18,2120,4115.28,8724394
2024,7,1,2024-07,19,1657,7461.5,12363706
2024,7,1,2024-07,20,1102,6431.51,7087524
2024,7,1,2024-07,21,2280,7188.59,16389985
2024,7,1,2024-07,22,1552,5803.2,9006566
2024,7,1,2024-07,23,871,5978.01,5206847
2024,7,1,2024-07,24,2038,5832.41,11886452
2024,7,1,2024-07,25,1885,6415.05,12092369
2024,7,1,2024-07,26,1101,4616.59,5082866
2024,7,1,2024-07,27,1802,4215.72,7596727
2024,7,1,2024-07,28,1182,5157.18,6095787
2024,7,1,2024-07,29,2115,6556.28,13866532
2024,7,1,2024-07,30,829,4808.66,3986379
2024,7,1,2024-07,31,1023,6506.63,6656282
2024,7,1,2024-07,32,1164,7563.81,8804275
2024,7,1,2024-07,33,1516,4423.26,6705662
2024,7,1,2024-07,34,1195,6546.91,7823557
2024,7,1,2024-07,35,1799,5645.92,10157010
2024,7,1,2024-07,36,1252,7277.87,9111893
2024,7,1,2024-07,37,2258,4645.89,10490420
2024,7,1,2024-07,38,1446,6531.96,9445214
2024,7,1,2024-07,39,1859,7031.46,13071484
2024,7,1,2024-07,40,1079,7476.05,8066658
2024,7,1,2024-07,41,1726,6549.16,11303850
2024,7,1,2024-07,42,1531,5944.52,9101060
2024,7,1,2024-07,43,1796,6306.9,11327192
2024,7,1,2024-07,44,1495,7233.41,10813948
2024,7,1,2024-07,45,2152,6079.32,13082697
2024,7,1,2024-07,46,1861,4133.76,7692927
2024,7,1,2024-07,47,2036,7476.1,15221340
2024,7,1,2024-07,48,1225,6596.03,8080137
2024,7,1,2024-07,49,923,6517.87,6015994
2024,7,1,2024-07,50,1733,4819.27,8351795
2024,7,1,2024-07,51,1023,6553.44,6704169
2024,7,1,2024-07,52,1945,5533.37,10762405
2024,7,1,2024-07,53,1278,6385.58,8160771
2024,7,1,2024-07,54,1489,4470.89,6657155
2024,7,1,2024-07,55,904,6374.7,5762729
2024,7,1,2024-07,56,839,7667.61,6433125
2024,7,1,2024-07,57,1029,4238.78,4361705
2024,7,1,2024-07,58,1557,7690.01,11973346
2024,7,1,2024-07,59,2168,5577.02,12090979
2024,7,1,2024-07,60,1104,7088.11,7825273
2024,7,1,2024-07,61,1674,6968.65,11665520
2024,7,1,2024-07,62,2265,6133.61,13892627
2024,7,1,2024-07,63,737,6797.96,5010097
2024,7,1,2024-07,64,2193,7242.18,15882101
2024,7,1,2024-07,65,1682,5539.68,9317742
2024,7,1,2024-07,66,2241,5219.46,11696810
2024,7,1,2024-07,67,2044,6504.61,13295423
2024,7,1,2024-07,68,1353,7025.9,9506043
2024,7,1,2024-07,69,1557,6735.03,10486442
2024,7,1,2024-07,70,678,6904.11,4680987
2024,7,1,2024-07,71,1100,5589.89,6148879
2024,7,1,2024-07,72,2003,7092.94,14207159
2024,7,1,2024-07,73,2214,4567.65,10112777
2024,7,1,2024-07,74,1967,6018.69,11838763
2024,7,1,2024-07,75,2003,4156.23,8324929
2024,7,1,2024-07,76,2111,5186.7,10949124
2024,7,1,2024-07,77,1200,5411.77,6494124
2024,7,1,2024-07,78,1658,5546.37,9195881
2024,7,1,2024-07,79,2231,6550.58,14614344
2024,7,1,2024-07,80,1431,5476.72,7837186
2024,7,1,2024-07,81,966,5714.84,5520535
2024,7,1,2024-07,82,1406,4988.84,7014309
2024,7,1,2024-07,83,998,5353.7,5342993
2024,7,1,2024-07,84,983,4892.49,4809318
2024,7,1,2024-07,85,1694,4307.68,7297210
2024,7,1,2024-07,86,1172,6270.39,7348897
2024,7,1,2024-07,87,1435,6463.59,9275252
2024,7,1,2024-07,88,2159,6339.8,13687628
2024,7,1,2024-07,89,1191,5684.71,6770490
2024,7,1,2024-07,90,2311,5424.39,12535765
2024,7,1,2024-07,91,2116,7265.53,15373861
2024,7,1,2024-07,92,1951,5934.82,11578834
2024,7,1,2024-07,93,1136,5849.94,6645532
2024,7,1,2024-07,94,1627,4131.38,6721755
2024,7,1,2024-07,95,972,5240.95,5094203
2024,7,1,2024-07,96,1628,5510.42,8970964
2024,7,1,2024-07,97,1757,5550.08,9751491
2024,7,1,2024-07,98,1414,6143.71,8687206
2024,7,1,2024-07,99,1076,6069.46,6530739
2024,7,1,2024-07,100,1307,6233.75,8147511
2024,7,1,2024-07,101,867,6784.67,5882309
2024,7,1,2024-07,102,1073,6995.97,7506676
2024,7,1,2024-07,103,1232,6643.78,8185137
2024,7,1,2024-07,104,1721,7452.94,12826510
2024,7,1,2024-07,105,1891,4147.16,7842280
2024,7,1,2024-07,106,979,4798.87,4698094
2024,7,1,2024-07,107,776,4151.63,3221665
2024,7,1,2024-07,108,1181,6522.87,7703509
2024,7,1,2024-07,109,2204,7354.58,16209494
2024,7,1,2024-07,110,1959,4910.49,9619650
2024,7,1,2024-07,111,1651,7525.75,12425013
2024,7,1,2024-07,112,2278,4305.09,9806995
2024,7,1,2024-07,113,1939,7444.64,14435157
2024,7,1,2024-07,114,1817,5314.41,9656283
2024,7,1,2024-07,115,1276,4449.61,5677702
2024,7,1,2024-07,116,1077,5824.07,6272523
2024,7,1,2024-07,117,1002,5036.35,5046423
2024,7,1,2024-07,118,1049,5147.07,5399276
2024,7,1,2024-07,119,1168,5169.33,6037777
2024,7,1,2024-07,120,997,7013.3,6992260
2024,7,1,2024-07,121,1615,5991.26,9675885
2024,7,1,2024-07,122,667,5251.02,3502430
2024,7,1,2024-07,123,1797,6240.8,11214718
2024,7,1,2024-07,124,741,6597.89,4889036
2024,7,1,2024-07,125,706,5049.01,3564601
2024,7,1,2024-07,126,1674,5555.39,9299723
2024,7,1,2024-07,127,1897,4478.9,8496473
2024,7,1,2024-07,128,1987,4718.13,9374924
2024,7,1,2024-07,129,1900,6499.19,12348461
2024,7,1,2024-07,130,1197,4736.35,5669411
2024,7,1,2024-07,131,1427,5990.37,8548258
2024,7,1,2024-07,132,1713,6619.79,11339700
2024,7,1,2024-07,133,745,4427.48,3298473
2024,7,1,2024-07,134,1639,6100.12,9998097
2024,7,1,2024-07,135,1522,5049.56,7685430
2024,7,1,2024-07,136,1907,7501.78,14305894
2024,7,1,2024-07,137,1575,5773.61,9093436
2024,7,1,2024-07,138,2220,6901.07,15320375
2024,7,1,2024-07,139,1399,6024.6,8428415
2024,7,1,2024-07,140,1850,4279.65,7917352
2024,7,1,2024-07,141,2055,6319.12,12985792
2024,7,1,2024-07,142,1144,7488.76,8567141
2024,7,1,2024-07,143,1558,6217.15,9686320
2024,7,1,2024-07,144,1122,6992.73,7845843
2024,7,1,2024-07,145,1621,7309.14,11848116
2024,7,1,2024-07,146,1385,4896.36,6781459
2024,7,1,2024-07,147,1124,4789.25,5383117
2024,7,1,2024-07,148,1214,6203.98,7531632
2024,7,1,2024-07,149,1885,5509.87,10386105
2024,7,1,2024-07,150,1638,7038.64,11529292
2024,7,1,2024-07,151,2363,7345.37,17357109
2024,7,1,2024-07,152,1816,5342.05,9701163
2024,7,1,2024-07,153,1433,4937.47,7075395
2024,7,1,2024-07,154,2270,6867.88,15590088
2024,7,1,2024-07,155,1204,5061.13,6093601
2024,7,1,2024-07,156,1765,7072.1,12482256
2024,7,1,2024-07,157,783,5648.66,4422901
2024,7,1,2024-07,158,1395,6555.55,9144992
2024,7,1,2024-07,159,2109,4389.44,9257329
2024,7,1,2024-07,160,1110,6301.18,6994310
2024,7,1,2024-07,161,1504,5711.97,8590803
2024,7,1,2024-07,162,2011,6256.32,12581460
2024,7,1,2024-07,163,1450,4656.96,6752592
2024,7,1,2024-07,164,1910,6765.58,12922258
2024,7,1,2024-07,165,1444,7146.01,10318838
2024,7,1,2024-07,166,2108,4906.32,10342523
2024,7,1,2024-07,167,2384,4433.79,10570155
2024,7,1,2024-07,168,2044,4124.86,8431214
2024,7,1,2024-07,169,1361,6378.25,8680798
2024,7,1,2024-07,170,1463,6286.43,9197047
2024,7,1,2024-07,171,1533,5913.15,9064859
2024,7,1,2024-07,172,1842,4957.85,9132360
2024,7,1,2024-07,173,1481,5419.55,8026354
2024,7,1,2024-07,174,1722,6203.84,10683012
2024,7,1,2024-07,175,1808,5859.25,10593524
2024,7,1,2024-07,176,2070,7497.78,15520405
2024,7,1,2024-07,177,2237,4547.61,10173004
2024,7,1,2024-07,178,2128,6592.56,14028968
2024,7,1,2024-07,179,2500,5617.31,14043275
2024,7,1,2024-07,180,1770,5655.91,10010961
2024,7,1,2024-07,181,886,6694.82,5931611
2024,7,1,2024-07,182,2094,6466.94,13541772
2024,7,1,2024-07,183,2151,7619.39,16389308
2024,7,1,2024-07,184,2395,4628.37,11084946
2024,7,1,2024-07,185,2153,4504.55,9698296
2024,7,1,2024-07,186,1339,6655.13,8911219
2024,7,1,2024-07,187,1444,6161.26,8896859
2024,7,1,2024-07,188,1606,5111.99,8209856
2024,7,1,2024-07,189,2165,4414.25,9556851
2024,7,1,2024-07,190,2367,4387.94,10386254
2024,7,1,2024-07,191,1483,7274.73,10788425
2024,7,1,2024-07,192,2309,4793.42,11068007
2024,7,1,2024-07,193,2127,5287.8,11247151
2024,7,1,2024-07,194,1346,4880.32,6568911
2024,7,1,2024-07,195,1215,5273.8,6407667
2024,7,1,2024-07,196,2053,4331.95,8893493
2024,7,1,2024-07,197,2344,5887.06,13799269
2024,7,1,2024-07,198,1542,4416.08,6809595
2024,7,1,2024-07,199,1315,6907.2,9082968
2024,7,1,2024-07,200,2499,4917.91,12289857
2024,7,1,2024-07,201,2153,5986.89,12889774
2024,7,1,2024-07,202,2028,7211.96,14625855
2024,7,1,2024-07,203,1969,6452.95,12705859
2024,7,1,2024-07,204,1256,6041,7587496
2024,7,1,2024-07,205,1272,5276.88,6712191
2024,7,1,2024-07,206,2112,5321.93,11239916
2024,7,1,2024-07,207,2395,6458.3,15467628
2024,7,1,2024-07,208,2397,7593.94,18202674
2024,7,1,2024-07,209,2167,6420.91,13914112
2024,7,1,2024-07,210,1649,6101.81,10061885
2024,7,1,2024-07,211,1950,6755.53,13173284
2024,7,1,2024-07,212,1542,5695.71,8782785
2024,7,1,2024-07,213,653,4286.36,2798993
2024,7,1,2024-07,214,719,6086.28,4376035
2024,7,1,2024-07,215,1494,7477.86,11171923
2024,7,1,2024-07,216,967,4741.14,4584682
2024,7,1,2024-07,217,1569,6600.31,10355886
2024,7,1,2024-07,218,2110,4916.35,10373498
2024,7,1,2024-07,219,1303,6092.75,7938853
2024,7,1,2024-07,220,2275,4468.59,10166042
2024,7,1,2024-07,221,1705,5677.51,9680155
2024,7,1,2024-07,222,2027,6823.84,13831924
2024,7,1,2024-07,223,1365,5242.52,7156040
2024,7,1,2024-07,224,2122,6495.37,13783175
2024,7,1,2024-07,225,1041,6949,7233909
2024,7,1,2024-07,226,1662,7407.2,12310766
2024,7,1,2024-07,227,2209,4891.37,10805036
2024,7,1,2024-07,228,1052,5551.3,5839968
2024,7,1,2024-07,229,2017,4587.88,9253754
2024,7,1,2024-07,230,694,7684.82,5333265
2024,7,1,2024-07,231,1050,7430.15,7801658
2024,7,1,2024-07,232,1518,6037.98,9165654
2024,7,1,2024-07,233,1062,7054.9,7492304
2024,7,1,2024-07,234,977,5921.34,5785149
2024,7,1,2024-07,235,1455,6250.88,9095030
2024,7,1,2024-07,236,871,4443.83,3870576
2024,7,1,2024-07,237,1858,6790.46,12616675
2024,7,1,2024-07,238,1545,4519.87,6983199
2024,7,1,2024-07,239,1009,7035.93,7099253
2024,7,1,2024-07,240,1481,6931.78,10265966
2024,7,1,2024-07,241,1825,6571.13,11992312
2024,7,1,2024-07,242,1873,4196.84,7860681
2024,7,1,2024-07,243,1026,5100.43,5233041
2024,7,1,2024-07,244,2224,4981.03,11077811
2024,7,1,2024-07,245,1293,5364.15,6935846
2024,7,1,2024-07,246,2308,4449.52,10269492
2024,7,1,2024-07,247,1593,7467.6,11895887
2024,7,1,2024-07,248,1340,6112.71,8191031
2024,7,1,2024-07,249,1699,5209.93,8851671
2024,7,1,2024-07,250,1248,5463.99,6819060
2024,7,1,2024-07,251,2279,5763.13,13134173
2024,7,1,2024-07,252,1110,6268.94,6958523
2024,7,1,2024-07,253,2156,6012.66,12963295
2024,7,1,2024-07,254,1791,7451.21,13345117
2024,7,1,2024-07,255,1203,5860.75,7050482
2024,7,1,2024-07,256,1824,7614.17,13888246
2024,7,1,2024-07,257,1563,7032.21,10991344
2024,7,1,2024-07,258,1282,4840.55,6205585
2024,7,1,2024-07,259,1708,7414.2,12663454
2024,7,1,2024-07,260,1594,4474.71,7132688
2024,7,1,2024-07,261,1271,6988.79,8882752
2024,7,1,2024-07,262,934,5472.08,5110923
2024,7,1,2024-07,263,2232,7142.96,15943087
2024,7,1,2024-07,264,1969,7249.9,14275053
2024,7,1,2024-07,265,1138,7009.39,7976686
2024,7,1,2024-07,266,887,6897.12,6117745
2024,7,1,2024-07,267,1129,5173.64,5841040
2024,7,1,2024-07,268,1465,4390.96,6432756
2024,7,1,2024-07,269,1747,5565.36,9722684
2024,7,1,2024-07,270,1779,4799.22,8537812
2024,7,1,2024-07,271,733,6549.39,4800703
2024,7,1,2024-07,272,1677,5386.6,9033328
2024,7,1,2024-07,273,1761,7567.01,13325505
2024,7,1,2024-07,274,1033,6362.07,6572018
2024,7,1,2024-07,275,1112,7017.63,7803605
2024,7,1,2024-07,276,1820,4610,8390200
2024,7,1,2024-07,277,1899,7144.91,13568184
2024,7,1,2024-07,278,1729,7392.73,12782030
2024,7,1,2024-07,279,731,5806.36,4244449
2024,7,1,2024-07,280,2127,6236.51,13265057
2024,7,1,2024-07,281,2107,6883.73,14504019
2024,7,1,2024-07,282,1624,4712.14,7652515
2024,7,1,2024-07,283,912,5854.93,5339696
2024,7,1,2024-07,284,1923,5493.71,10564404
2024,7,1,2024-07,285,1286,4623.38,5945667
2024,7,1,2024-07,286,959,5399.55,5178168
2024,7,1,2024-07,287,654,4331.19,2832598
2024,7,1,2024-07,288,1865,4166.11,7769795
2024,7,1,2024-07,289,1409,4617.7,6506339
2024,7,1,2024-07,290,1337,7558.23,10105354
2024,7,1,2024-07,291,2192,6042.78,13245774
2024,7,1,2024-07,292,2237,7547.82,16884473
2024,7,1,2024-07,293,885,5597.61,4953885
2024,7,1,2024-07,294,1055,5199.27,5485230
2024,7,1,2024-07,295,2060,5866.63,12085258
2024,7,1,2024-07,296,2045,5668.16,11591387
2024,7,1,2024-07,297,1331,4460.53,5936965
2024,7,1,2024-07,298,2191,6368.62,13953646
2024,7,1,2024-07,299,805,4866.42,3917468
2024,7,1,2024-07,300,886,6316.93,5596800
2024,7,1,2024-07,301,1682,6462.06,10869185
2024,7,1,2024-07,302,1569,4666.05,7321032
2024,7,1,2024-07,303,1031,4349.47,4484304
2024,7,1,2024-07,304,1713,6864.17,11758323
2024,7,1,2024-07,305,1869,5744.88,10737181
2024,7,1,2024-07,306,1711,4373.35,7482802
2024,7,1,2024-07,307,1061,7641.5,8107632
2024,7,1,2024-07,308,1574,4299.73,6767775
2024,7,1,2024-07,309,1446,6579.79,9514376
2024,7,1,2024-07,310,2302,7601.17,17497893
2024,7,1,2024-07,311,1338,5000.74,6690990
2024,7,1,2024-07,312,2098,4576.16,9600784
2024,7,1,2024-07,313,1966,4570.02,8984659
2024,7,1,2024-07,314,1983,5206.67,10324827
2024,7,1,2024-07,315,1247,4445.93,5544075
2024,7,1,2024-07,316,1491,6544.59,9757984
2024,7,1,2024-07,317,1670,4308.57,7195312
2024,7,1,2024-07,318,1603,5961.59,9556429
2024,7,1,2024-07,319,1455,7700.87,11204766
2024,7,1,2024-07,320,1579,7034.8,11107949
2024,7,1,2024-07,321,1188,6283.98,7465368
2024,7,1,2024-07,322,2170,5184.66,11250712
2024,7,1,2024-07,323,1988,6347.09,12618015
2024,7,1,2024-07,324,1709,5961.79,10188699
2024,7,1,2024-07,325,728,5649.02,4112487
2024,7,1,2024-07,326,926,4561.6,4224042
2024,7,1,2024-07,327,2320,7304.24,16945837
2024,7,1,2024-07,328,1306,5632.46,7355993
2024,7,1,2024-07,329,1227,4756.07,5835698
2024,7,1,2024-07,330,2227,5387.72,11998452
2024,7,1,2024-07,331,856,5587.13,4782583
2024,7,1,2024-07,332,1012,7030.42,7114785
2024,7,1,2024-07,333,1948,6809.47,13264848
2024,7,1,2024-07,334,1650,6784.19,11193914
2024,7,1,2024-07,335,1157,4172.57,4827663
2024,7,1,2024-07,336,1753,5631.17,9871441
2024,7,1,2024-07,337,1583,5831.42,9231138
2024,7,1,2024-07,338,1314,4141.68,5442168
2024,7,1,2024-07,339,1726,5015.71,8657115
2024,7,1,2024-07,340,1308,6843.55,8951363
2024,7,1,2024-07,341,1413,4505.73,6366596
2024,7,1,2024-07,342,1176,5973.49,7024824
2024,7,1,2024-07,343,2016,4832.81,9742945
2024,7,1,2024-07,344,1717,4155.09,7134290
2024,7,1,2024-07,345,732,4999.01,3659275
2024,7,1,2024-07,346,1801,7667.07,13808393
2024,7,1,2024-07,347,1965,6870.43,13500395
2024,7,1,2024-07,348,946,7473.38,7069817
2024,7,1,2024-07,349,1453,5816.88,8451927
2024,7,1,2024-07,350,1830,4504.78,8243747
2024,7,1,2024-07,351,2205,6081.68,13410104
2024,7,1,2024-07,352,1379,5659.49,7804437
2024,7,1,2024-07,353,892,7124.43,6354992
2024,7,1,2024-07,354,1908,4322.87,8248036
2024,7,1,2024-07,355,1117,5846.8,6530876
2024,7,1,2024-07,356,2136,4622.77,9874237
2024,7,1,2024-07,357,1167,5244.11,6119876
2024,7,1,2024-07,358,1090,6707.12,7310761
2024,7,1,2024-07,359,650,5785.91,3760842
2024,7,1,2024-07,360,1131,5446.25,6159709
2024,7,1,2024-07,361,2098,5573,11692154
2024,7,1,2024-07,362,1611,5672.83,9138929
2024,7,1,2024-07,363,1701,6882.95,11707898
2024,7,1,2024-07,364,1789,7302.55,13064262
2024,7,1,2024-07,365,1005,7501.74,7539249
2024,7,1,2024-07,366,1090,6907.57,7529251
2024,7,1,2024-07,367,1663,5189.04,8629374
2024,7,1,2024-07,368,1699,6585.83,11189325
2024,7,1,2024-07,369,1768,5554.78,9820851
2024,7,1,2024-07,370,2031,4953.51,10060579
2024,7,1,2024-07,371,2126,7183.02,15271101
2024,7,1,2024-07,372,894,4169.38,3727426
2024,7,1,2024-07,373,1024,7273.59,7448156
2024,7,1,2024-07,374,1192,5702.49,6797368
2024,7,1,2024-07,375,1518,6342.14,9627369
2024,7,1,2024-07,376,2084,6444.87,13431109
2024,7,1,2024-07,377,1378,7337.62,10111240
2024,7,1,2024-07,378,1522,6386.08,9719614
2024,7,1,2024-07,379,2033,6272.64,12752277
2024,7,1,2024-07,380,1529,4404.35,6734251
2024,7,1,2024-07,381,1823,5922.8,10797264
2024,7,1,2024-07,382,959,4626.97,4437264
2024,7,1,2024-07,383,1191,6730.39,8015894
2024,7,1,2024-07,384,2436,5957.56,14512616
2024,7,1,2024-07,385,1504,6468.6,9728774
2024,7,1,2024-07,386,1733,4190.22,7261651
2024,7,1,2024-07,387,2087,4432.95,9251567
2024,7,1,2024-07,388,853,6729.83,5740545
2024,7,1,2024-07,389,1955,4328.69,8462589
2024,7,1,2024-07,390,2027,4285.34,8686384
2024,7,1,2024-07,391,2098,4076.98,8553504
2024,7,1,2024-07,392,1741,7555.26,13153708
2024,7,1,2024-07,393,1219,6649.4,8105619
2024,7,1,2024-07,394,1636,5353.68,8758620
2024,7,1,2024-07,395,1071,5140,5504940
2024,7,1,2024-07,396,1226,5307.72,6507265
2024,7,1,2024-07,397,1577,6819.54,10754415
2024,7,1,2024-07,398,1670,6484.28,10828748
2024,7,1,2024-07,399,809,4784.65,3870782
2024,7,1,2024-07,400,1204,4762.54,5734098
2024,7,1,2024-07,401,741,4460.98,3305586
2024,7,1,2024-07,402,1133,6449.47,7307250
2024,7,1,2024-07,403,1267,6828.73,8652001
2024,7,1,2024-07,404,1125,5079.88,5714865
2024,7,1,2024-07,405,1363,4085.31,5568278
2024,7,1,2024-07,406,1886,4401.13,8300531
2024,7,1,2024-07,407,1290,7523.24,9704980
2024,7,1,2024-07,408,1937,5160.96,9996780
2024,7,1,2024-07,409,1972,6792.36,13394534
2024,7,1,2024-07,410,2296,6359.9,14602330
2024,7,1,2024-07,411,1450,5479.86,7945797
2024,7,1,2024-07,412,1562,4791.23,7483901
2024,7,1,2024-07,413,1534,4500.41,6903629
2024,7,1,2024-07,414,947,6261.97,5930086
2024,7,1,2024-07,415,1228,6860.67,8424903
2024,7,1,2024-07,416,2010,6481.81,13028438
2024,7,1,2024-07,417,1978,5902.32,11674789
2024,7,1,2024-07,418,673,4251.94,2861556
2024,7,1,2024-07,419,818,7570.9,6192996
2024,7,1,2024-07,420,1287,6920.33,8906465
2024,7,1,2024-07,421,2374,5059.34,12010873
2024,7,1,2024-07,422,1037,7583.53,7864121
2024,7,1,2024-07,423,1512,6185.37,9352279
2024,7,1,2024-07,424,1245,6195.59,7713510
2024,7,1,2024-07,425,1971,6700.89,13207454
2024,7,1,2024-07,426,1851,6988.67,12936028
2024,7,1,2024-07,427,1284,6400.76,8218576
2024,7,1,2024-07,428,1388,4595.69,6378818
2024,7,1,2024-07,429,1629,5367.85,8744228
2024,7,1,2024-07,430,926,7390.82,6843899
2024,7,1,2024-07,431,1761,4843.38,8529192
2024,7,1,2024-07,432,1859,5493.73,10212844
2024,7,1,2024-07,433,717,5626.63,4034294
2024,7,1,2024-07,434,2022,5673.11,11471028
2024,7,1,2024-07,435,2095,6274.25,13144554
2024,7,1,2024-07,436,1763,7451.36,13136748
2024,7,1,2024-07,437,1673,4926.01,8241215
2024,7,1,2024-07,438,1754,4436.83,7782200
2024,7,1,2024-07,439,1679,4873.11,8181952
2024,7,1,2024-07,440,1862,7268.67,13534264
2024,7,1,2024-07,441,744,6393.62,4756853
2024,7,1,2024-07,442,1723,5151.68,8876345
2024,7,1,2024-07,443,1568,6980.69,10945722
2024,7,1,2024-07,444,1692,7184.98,12156986
2024,7,1,2024-07,445,1391,7080.58,9849087
2024,7,1,2024-07,446,1211,7358.7,8911386
2024,7,1,2024-07,447,1160,5015.79,5818316
2024,7,1,2024-07,448,1388,6800.38,9438927
2024,7,1,2024-07,449,2216,5719.9,12675298
2024,7,1,2024-07,450,1271,7131.95,9064708
2024,7,1,2024-07,451,782,6658.06,5206603
2024,7,1,2024-07,452,1481,6823.44,10105515
2024,7,1,2024-07,453,1782,6413.95,11429659
2024,7,1,2024-07,454,2326,4711.52,10958996
2024,7,1,2024-07,455,1395,6021.83,8400453
2024,7,1,2024-07,456,2314,7590.18,17563677
2024,7,1,2024-07,457,918,7480.93,6867494
2024,7,1,2024-07,458,1651,4309.32,7114687
2024,7,1,2024-07,459,1867,4670.89,8720552
2024,7,1,2024-07,460,2293,4585.05,10513520
2024,7,1,2024-07,461,1746,6650.98,11612611
2024,7,1,2024-07,462,1875,7008.18,13140338
2024,7,1,2024-07,463,1275,4871.81,6211558
2024,7,1,2024-07,464,1119,5858.81,6556008
2024,7,1,2024-07,465,1622,7128.17,11561892
2024,7,1,2024-07,466,2200,6675.74,14686628
2024,7,1,2024-07,467,1898,6072.77,11526117
2024,7,1,2024-07,468,1323,6237.13,8251723
2024,7,1,2024-07,469,1324,5955.83,7885519
2024,7,1,2024-07,470,2190,5197.63,11382810
2024,7,1,2024-07,471,1814,6195.28,11238238
2024,7,1,2024-07,472,2164,6574.2,14226569
2024,7,1,2024-07,473,1992,7146,14234832
2024,7,1,2024-07,474,1560,6369.04,9935702
2024,7,1,2024-07,475,2331,6789.16,15825532
2024,7,1,2024-07,476,1342,4598.39,6171039
2024,7,1,2024-07,477,1679,5795.76,9731081
2024,7,1,2024-07,478,1695,4106.83,6961077
2024,7,1,2024-07,479,915,4902.52,4485806
2024,7,1,2024-07,480,1767,6656.76,11762495
2024,7,1,2024-07,481,710,7736.86,5493171
2024,7,1,2024-07,482,2159,4503.52,9723100
2024,7,1,2024-07,483,1790,5556.2,9945598
2024,7,1,2024-07,484,2028,6977.46,14150289
2024,7,1,2024-07,485,1458,4776.41,6964006
2024,7,1,2024-07,486,2150,6028.72,12961748
2024,7,1,2024-07,487,2118,6734.53,14263735
2024,7,1,2024-07,488,1741,6362.09,11076399
2024,7,1,2024-07,489,1812,4714.05,8541859
2024,7,1,2024-07,490,1659,5354.09,8882435
2024,7,1,2024-07,491,798,6901.39,5507309
2024,7,1,2024-07,492,1777,6048.03,10747349
2024,7,1,2024-07,493,1812,4098.02,7425612
2024,7,1,2024-07,494,1116,6763,7547508
2024,7,1,2024-07,495,2094,4227.43,8852238
2024,7,1,2024-07,496,1729,6762.47,11692311
2024,7,1,2024-07,497,1020,4839.23,4936015
2024,7,1,2024-07,498,1256,7505.07,9426368
2024,7,1,2024-07,499,1103,5435.43,5995279
2024,7,1,2024-07,500,952,5271.9,5018849
2024,7,1,2024-07,501,1365,4675.39,6381907
2024,7,1,2024-07,502,2169,5168.45,11210368
2024,7,1,2024-07,503,2091,7265.43,15192014
2024,7,1,2024-07,504,1367,7641.03,10445288
2024,7,1,2024-07,505,709,5433.54,3852380
2024,7,1,2024-07,506,1329,5751.69,7643996
2024,7,1,2024-07,507,1933,6722.94,12995443
2024,7,1,2024-07,508,1578,7247.97,11437297
2024,7,1,2024-07,509,1876,6184.89,11602854
2024,7,1,2024-07,510,2017,5531.41,11156854
2024,7,1,2024-07,511,1655,5542.77,9173284
2024,7,1,2024-07,512,1275,6620,8440500
2024,7,1,2024-07,513,1649,4044.96,6670139
2024,7,1,2024-07,514,1733,6324.82,10960913
2024,7,1,2024-07,515,2267,5342.25,12110881
2024,7,1,2024-07,516,1150,6853.1,7881065
2024,7,1,2024-07,517,1808,4385.02,7928116
2024,7,1,2024-07,518,1449,6173.81,8945851
2024,7,1,2024-07,519,1305,5894.28,7692035
2024,7,1,2024-07,520,1030,6250.02,6437521
2024,7,1,2024-07,521,1375,4304.22,5918302
2024,7,1,2024-07,522,1729,6146.13,10626659
2024,7,1,2024-07,523,972,6052,5882544
2024,7,1,2024-07,524,2188,6075.24,13292625
2024,7,1,2024-07,525,1627,6239.24,10151243
2024,7,1,2024-07,526,1334,6476.8,8640051
2024,7,1,2024-07,527,1083,6982.75,7562318
2024,7,1,2024-07,528,1747,5123.55,8950842
2024,7,1,2024-07,529,1353,7036.2,9519979
2024,7,1,2024-07,530,2107,5838.59,12301909
2024,7,1,2024-07,531,1949,4357.92,8493586
2024,7,1,2024-07,532,2327,4281.01,9961910
2024,7,1,2024-07,533,1951,5332.15,10403025
2024,7,1,2024-07,534,1703,6873.91,11706269
2024,7,1,2024-07,535,1029,6640.53,6833105
2024,7,1,2024-07,536,1239,6921.1,8575243
2024,7,1,2024-07,537,735,5942.3,4367590
2024,7,1,2024-07,538,1957,5610.69,10980120
2024,7,1,2024-07,539,2054,4587.02,9421739
2024,7,1,2024-07,540,1162,5252.61,6103533
2024,7,1,2024-07,541,1556,5586.13,8692018
2024,7,1,2024-07,542,726,4360.06,3165404
2024,7,1,2024-07,543,1523,4854.76,7393799
2024,7,1,2024-07,544,1418,6242.46,8851808
2024,7,1,2024-07,545,836,6782.06,5669802
2024,7,1,2024-07,546,1516,7670.34,11628235
2024,7,1,2024-07,547,1261,7430.68,9370087
2024,7,1,2024-07,548,1758,6388.82,11231546
2024,7,1,2024-07,549,1768,5578.68,9863106
2024,7,1,2024-07,550,1163,6358.54,7394982
2024,7,1,2024-07,551,734,6922.85,5081372
2024,7,1,2024-07,552,1398,4553.09,6365220
2024,7,1,2024-07,553,1791,5443.64,9749559
2024,7,1,2024-07,554,1575,7123.67,11219780
2024,7,1,2024-07,555,1881,5446.94,10245694
2024,7,1,2024-07,556,1366,6155.07,8407826
2024,7,1,2024-07,557,2168,6205.9,13454391
2024,7,1,2024-07,558,2437,4741.17,11554231
2024,7,1,2024-07,559,1631,5406.6,8818165
2024,7,1,2024-07,560,2080,5296.61,11016949
2024,7,1,2024-07,561,1803,4179.24,7535170
2024,7,1,2024-07,562,1399,4168.84,5832207
2024,7,1,2024-07,563,1368,7017.78,9600323
2024,7,1,2024-07,564,2246,5064.65,11375204
2024,7,1,2024-07,565,1171,5850.81,6851299
2024,7,1,2024-07,566,1801,5168.72,9308865
2024,7,1,2024-07,567,1010,7485.74,7560597
2024,7,1,2024-07,568,1541,4949.54,7627241
2024,7,1,2024-07,569,1991,5611.65,11172795
2024,7,1,2024-07,570,1807,7272.86,13142058
2024,7,1,2024-07,571,1798,7197.05,12940296
2024,7,1,2024-07,572,748,4748.56,3551923
2024,7,1,2024-07,573,1653,6961.09,11506682
2024,7,1,2024-07,574,2089,5722.95,11955243
2024,7,1,2024-07,575,818,5821.58,4762052
2024,7,1,2024-07,576,2106,4620.29,9730331
2024,7,1,2024-07,577,1319,4375.69,5771535
2024,7,1,2024-07,578,880,6629.35,5833828
2024,7,1,2024-07,579,1653,5874.64,9710780
2024,7,1,2024-07,580,1664,5632.52,9372513
2024,7,1,2024-07,581,1938,6646.28,12880491
2024,7,1,2024-07,582,857,6775.08,5806244
2024,7,1,2024-07,583,1405,4650.69,6534219
2024,7,1,2024-07,584,1376,6298.21,8666337
2024,7,1,2024-07,585,2261,4597.09,10394020
2024,7,1,2024-07,586,1040,6829.15,7102316
2024,7,1,2024-07,587,1434,6403.09,9182031
2024,7,1,2024-07,588,1741,7492.39,13044251
2024,7,1,2024-07,589,998,4362.48,4353755
2024,7,1,2024-07,590,1215,4323.75,5253356
2024,7,1,2024-07,591,1071,5073.17,5433365
2024,7,1,2024-07,592,1988,4992.43,9924951
2024,7,1,2024-07,593,749,4991.87,3738911
2024,7,1,2024-07,594,1095,7368.47,8068475
2024,7,1,2024-07,595,1132,4969.16,5625089
2024,7,1,2024-07,596,1479,5080.66,7514296
2024,7,1,2024-07,597,1483,6803.72,10089917
2024,7,1,2024-07,598,2179,5666.62,12347565
2024,7,1,2024-07,599,1840,6898.6,12693424
2024,7,1,2024-07,600,2119,4310.81,9134606
2024,7,1,2024-07,601,863,5763.07,4973529
2024,7,1,2024-07,602,1712,4177.85,7152479
2024,7,1,2024-07,603,1836,4210.13,7729799
2024,7,1,2024-07,604,1848,7451.23,13769873
2024,7,1,2024-07,605,1196,4643.77,5553949
2024,7,1,2024-07,606,1935,5932.32,11479039
2024,7,1,2024-07,607,1891,5531.17,10459442
2024,7,1,2024-07,608,1651,5339.8,8816010
2024,7,1,2024-07,609,2215,7377.91,16342071
2024,7,1,2024-07,610,1880,4197.88,7892014
2024,7,1,2024-07,611,2134,6471.54,13810266
2024,7,1,2024-07,612,1376,7506.81,10329371
2024,7,1,2024-07,613,1757,6112.47,10739610
2024,7,1,2024-07,614,773,7457.95,5764995
2024,7,1,2024-07,615,1726,4275.7,7379858
2024,7,1,2024-07,616,2001,5581.66,11168902
2024,7,1,2024-07,617,1779,4997.69,8890891
2024,7,1,2024-07,618,1343,6759.28,9077713
2024,7,1,2024-07,619,2179,7521.2,16388695
2024,7,1,2024-07,620,1410,5018.72,7076395
2024,7,1,2024-07,621,1871,6427.96,12026713
2024,7,1,2024-07,622,2041,4707.24,9607477
2024,7,1,2024-07,623,1828,6092.39,11136889
2024,7,1,2024-07,624,1415,5700.85,8066703
2024,7,1,2024-07,625,1063,7517.62,7991230
2024,7,1,2024-07,626,1536,6228.68,9567252
2024,7,1,2024-07,627,1685,5393.44,9087946
2024,7,1,2024-07,628,1343,4492.68,6033669
2024,7,1,2024-07,629,1980,4661.76,9230285
2024,7,1,2024-07,630,1846,4839.08,8932942
2024,7,1,2024-07,631,1686,4957.06,8357603
2024,7,1,2024-07,632,1293,7110.74,9194187
2024,7,1,2024-07,633,1835,6101.91,11197005
2024,7,1,2024-07,634,2193,5983.32,13121421
2024,7,1,2024-07,635,2180,4509.94,9831669
2024,7,1,2024-07,636,2061,7127.61,14690004
2024,7,1,2024-07,637,2106,6706.04,14122920
2024,7,1,2024-07,638,921,4301.86,3962013
2024,7,1,2024-07,639,2265,6631.13,15019509
2024,7,1,2024-07,640,2067,5969.63,12339225
2024,7,1,2024-07,641,1680,4368.04,7338307
2024,7,1,2024-07,642,1408,5749.85,8095789
2024,7,1,2024-07,643,2115,5825.61,12321165
2024,7,1,2024-07,644,643,4643.4,2985706
2024,7,1,2024-07,645,1949,7494.38,14606547
2024,7,1,2024-07,646,2234,7092.59,15844846
2024,7,1,2024-07,647,1010,6401.68,6465697
2024,7,1,2024-07,648,2410,5787.35,13947514
2024,7,1,2024-07,649,2231,5514.95,12303853
2024,7,1,2024-07,650,1335,6451.28,8612459
2024,7,1,2024-07,651,1264,6027.57,7618848
2024,7,1,2024-07,652,2020,4339.02,8764820
2024,7,1,2024-07,653,960,5885.12,5649715
2024,7,1,2024-07,654,2080,7010.2,14581216
2024,7,1,2024-07,655,1832,5705.4,10452293
2024,7,1,2024-07,656,1979,4260.75,8432024
2024,7,1,2024-07,657,2047,6802.74,13925209
2024,7,1,2024-07,658,2037,4734.59,9644360
2024,7,1,2024-07,659,1207,5046.43,6091041
2024,7,1,2024-07,660,1662,4646.39,7722300
2024,7,1,2024-07,661,2096,5180.13,10857552
2024,7,1,2024-07,662,929,6766.04,6285651
2024,7,1,2024-07,663,762,5969.29,4548599
2024,7,1,2024-07,664,1549,4766.25,7382921
2024,7,1,2024-07,665,703,7273.85,5113517
2024,7,1,2024-07,666,2032,7208.71,14648099
2024,7,1,2024-07,667,2427,7183.96,17435471
2024,7,1,2024-07,668,624,4906.52,3061668
2024,7,1,2024-07,669,1335,5616.71,7498308
2024,7,1,2024-07,670,1587,7596.55,12055725
2024,7,1,2024-07,671,2057,6844.33,14078787
2024,7,1,2024-07,672,2031,4200.52,8531256
2024,7,1,2024-07,673,1390,4285.15,5956358
2024,7,1,2024-07,674,1330,5672.25,7544092
2024,7,1,2024-07,675,1408,7415.7,10441306
2024,7,1,2024-07,676,1660,6021.36,9995458
2024,7,1,2024-07,677,2271,5863.43,13315850
2024,7,1,2024-07,678,1813,4510.79,8178062
2024,7,1,2024-07,679,1131,6391.58,7228877
2024,7,1,2024-07,680,1254,6975.58,8747377
2024,7,1,2024-07,681,982,5475.32,5376764
2024,7,1,2024-07,682,1240,6941.27,8607175
2024,7,1,2024-07,683,1873,7472.38,13995768
2024,7,1,2024-07,684,2409,4813.16,11594902
2024,7,1,2024-07,685,2281,5972.82,13624002
2024,7,1,2024-07,686,1549,5132.55,7950320
2024,7,1,2024-07,687,1827,6907.18,12619418
2024,7,1,2024-07,688,1528,6109.69,9335606
2024,7,1,2024-07,689,2148,6261.61,13449938
2024,7,1,2024-07,690,954,7029.5,6706143
2024,7,1,2024-07,691,1064,5573.17,5929853
2024,7,1,2024-07,692,1535,7328.02,11248511
2024,7,1,2024-07,693,1474,5991.93,8832105
2024,7,1,2024-07,694,849,4621.99,3924070
2024,7,1,2024-07,695,1543,6560.14,10122296
2024,7,1,2024-07,696,1822,6915.38,12599822
2024,7,1,2024-07,697,1061,5162.7,5477625
2024,7,1,2024-07,698,1686,7147.2,12050179
2024,7,1,2024-07,699,2143,7330.72,15709733
2024,7,1,2024-07,700,1076,5001.05,5381130
2024,7,1,2024-07,701,1515,7569.99,11468535
2024,7,1,2024-07,702,1959,4524.4,8863300
2024,7,1,2024-07,703,1967,4759.81,9362546
2024,7,1,2024-07,704,2092,4732.64,9900683
2024,7,1,2024-07,705,2103,7275.22,15299788
2024,7,1,2024-07,706,853,6418.16,5474690
2024,7,1,2024-07,707,2182,4722.68,10304888
2024,7,1,2024-07,708,2136,5673.63,12118874
2024,7,1,2024-07,709,2076,6302.88,13084779
2024,7,1,2024-07,710,2364,4388.57,10374579
2024,7,1,2024-07,711,2169,7176.27,15565330
2024,7,1,2024-07,712,2217,6953.74,15416442
2024,7,1,2024-07,713,1409,5892.17,8302068
2024,7,1,2024-07,714,1183,7577.46,8964135
2024,7,1,2024-07,715,1770,5529.32,9786896
2024,7,1,2024-07,716,1658,7579.52,12566844
2024,7,1,2024-07,717,2157,6425.15,13859049
2024,7,1,2024-07,718,1235,6325.06,7811449
2024,7,1,2024-07,719,1644,4665.21,7669605
2024,7,1,2024-07,720,1601,7185.72,11504338
2024,7,1,2024-07,721,1115,5651.28,6301177
2024,7,1,2024-07,722,1938,4620.87,8955246
2024,7,1,2024-07,723,2252,4161.09,9370775
2024,7,1,2024-07,724,1214,6067.15,7365520
2024,7,1,2024-07,725,1147,5950.37,6825074
2024,7,1,2024-07,726,1793,6696.74,12007255
2024,7,1,2024-07,727,2055,7298.32,14998048
2024,7,1,2024-07,728,2167,4390.15,9513455
2024,7,1,2024-07,729,1583,6624.4,10486425
2024,7,1,2024-07,730,886,4811.13,4262661
2024,7,1,2024-07,731,1578,7221.52,11395559
2024,7,1,2024-07,732,2135,7003.69,14952878
2024,7,1,2024-07,733,2156,5976.79,12885959
2024,7,1,2024-07,734,1245,6571.76,8181841
2024,7,1,2024-07,735,1288,5196.57,6693182
2024,7,1,2024-07,736,1521,5721.89,8702995
2024,7,1,2024-07,737,797,7014.68,5590700
2024,7,1,2024-07,738,1549,5703.36,8834505
2024,7,1,2024-07,739,1285,5305.32,6817336
2024,7,1,2024-07,740,1893,5823.08,11023090
2024,7,1,2024-07,741,1990,7052.19,14033858
2024,7,1,2024-07,742,2065,5243.63,10828096
2024,7,1,2024-07,743,1833,4691.35,8599245
2024,7,1,2024-07,744,1022,6672.79,6819591
2024,7,1,2024-07,745,1595,7006.37,11175160
2024,7,1,2024-07,746,1687,4403.89,7429362
2024,7,1,2024-07,747,1797,4949.16,8893641
2024,7,1,2024-07,748,1732,4645.85,8046612
2024,7,1,2024-07,749,2177,5349.78,11646471
2024,7,1,2024-07,750,892,5666.42,5054447
2024,7,1,2024-07,751,1651,6733.91,11117685
2024,7,1,2024-07,752,853,6392.93,5453169
2024,7,1,2024-07,753,1530,6291.99,9626745
2024,7,1,2024-07,754,1092,5458.53,5960715
2024,7,1,2024-07,755,852,7101.24,6050256
2024,7,1,2024-07,756,1555,5853.48,9102161
2024,7,1,2024-07,757,1423,7626.36,10852310
2024,7,1,2024-07,758,1956,6241.62,12208609
2024,7,1,2024-07,759,1921,4515.78,8674813
2024,7,1,2024-07,760,1656,6502.64,10768372
2024,7,1,2024-07,761,1894,5257.44,9957591
2024,7,1,2024-07,762,1862,6545.08,12186939
2024,7,1,2024-07,763,1631,4258.67,6945891
2024,7,1,2024-07,764,1131,4633.39,5240364
2024,7,1,2024-07,765,1879,7146.06,13427447
2024,7,1,2024-07,766,833,4881.45,4066248
2024,7,1,2024-07,767,881,7138.49,6289010
2024,7,1,2024-07,768,2219,5086.3,11286500
2024,7,1,2024-07,769,854,6421.3,5483790
2024,7,1,2024-07,770,1462,6599.32,9648206
2024,7,1,2024-07,771,2100,5917.77,12427317
2024,7,1,2024-07,772,869,5228.9,4543914
2024,7,1,2024-07,773,2098,4826.85,10126731
2024,7,1,2024-07,774,1416,4203.46,5952099
2024,7,1,2024-07,775,1721,5177.43,8910357
2024,7,1,2024-07,776,1488,6385.45,9501550
2024,7,1,2024-07,777,2367,7391.26,17495112
2024,7,1,2024-07,778,1168,7145.46,8345897
2024,7,1,2024-07,779,2010,6780.28,13628363
2024,7,1,2024-07,780,1345,6901.3,9282248
2024,7,1,2024-07,781,1117,6479.62,7237736
2024,7,1,2024-07,782,1164,4961.58,5775279
2024,7,1,2024-07,783,1459,7334.66,10701269
2024,7,1,2024-07,784,1294,6474.88,8378495
2024,7,1,2024-07,785,1435,6133.65,8801788
2024,7,1,2024-07,786,1535,4461.49,6848387
2024,7,1,2024-07,787,1817,5757.65,10461650
2024,7,1,2024-07,788,2337,5768.2,13480283
2024,7,1,2024-07,789,1873,7164.78,13419633
2024,7,1,2024-07,790,1770,6017.91,10651701
2024,7,1,2024-07,791,1687,5487.78,9257885
2024,7,1,2024-07,792,1434,7566.19,10849916
2024,7,1,2024-07,793,2208,4484.99,9902858
2024,7,1,2024-07,794,721,5575.68,4020065
2024,7,1,2024-07,795,2239,4212.5,9431788
2024,7,1,2024-07,796,1922,6678.82,12836692
2024,7,1,2024-07,797,1907,7432.78,14174311
2024,7,1,2024-07,798,1282,5071.14,6501201
2024,7,1,2024-07,799,710,7163.57,5086135
2024,7,1,2024-07,800,702,5154.59,3618522
2024,7,1,2024-07,801,1361,7406.11,10079716
2024,7,1,2024-07,802,1391,6759,9401769
2024,7,1,2024-07,803,2043,6862.74,14020578
2024,7,1,2024-07,804,1218,4155.73,5061679
2024,7,1,2024-07,805,1478,7553.66,11164309
2024,7,1,2024-07,806,1318,6662.19,8780766
2024,7,1,2024-07,807,876,5201.99,4556943
2024,7,1,2024-07,808,2108,7053.99,14869811
2024,7,1,2024-07,809,880,5078.42,4469010
2024,7,1,2024-07,810,1978,7268.75,14377588
2024,7,1,2024-07,811,1082,4475.5,4842491
2024,7,1,2024-07,812,955,6678.87,6378321
2024,7,1,2024-07,813,1278,6022.79,7697126
2024,7,1,2024-07,814,1091,4395.1,4795054
2024,7,1,2024-07,815,664,4866.72,3231502
2024,7,1,2024-07,816,1606,4185.18,6721399
2024,7,1,2024-07,817,1750,5806.97,10162198
2024,7,1,2024-07,818,901,5200.65,4685786
2024,7,1,2024-07,819,1873,6285.35,11772461
2024,7,1,2024-07,820,858,5231.31,4488464
2024,7,1,2024-07,821,1045,5063.76,5291629
2024,7,1,2024-07,822,1879,6665.98,12525376
2024,7,1,2024-07,823,1406,4246.78,5970973
2024,7,1,2024-07,824,1106,7360.92,8141178
2024,7,1,2024-07,825,1506,7148.76,10766033
2024,7,1,2024-07,826,1500,6489.05,9733575
2024,7,1,2024-07,827,2421,6189.14,14983908
2024,7,1,2024-07,828,1836,7240.91,13294311
2024,7,1,2024-07,829,2170,4745.77,10298321
2024,7,1,2024-07,830,1889,4358.25,8232734
2024,7,1,2024-07,831,1624,4923.73,7996138
2024,7,1,2024-07,832,1312,6957.74,9128555
2024,7,1,2024-07,833,770,4210.79,3242308
2024,7,1,2024-07,834,1132,6191.83,7009152
2024,7,1,2024-07,835,832,7642.88,6358876
2024,7,1,2024-07,836,1970,7178.94,14142512
2024,7,1,2024-07,837,1431,5902.74,8446821
2024,7,1,2024-07,838,1716,4251.23,7295111
2024,7,1,2024-07,839,1522,7045.89,10723845
2024,7,1,2024-07,840,2058,6264.18,12891682
2024,7,1,2024-07,841,835,4482.04,3742503
2024,7,1,2024-07,842,1581,4514.48,7137393
2024,7,1,2024-07,843,1896,7295.11,13831529
2024,7,1,2024-07,844,1658,6472.24,10730974
2024,7,1,2024-07,845,1262,6970.94,8797326
2024,7,1,2024-07,846,1280,7297.84,9341235
2024,7,1,2024-07,847,2026,6127.04,12413383
2024,7,1,2024-07,848,1186,5832.2,6916989
2024,7,1,2024-07,849,1085,5612.66,6089736
2024,7,1,2024-07,850,1934,5105.16,9873379
2024,7,1,2024-07,851,2261,5696.65,12880126
2024,7,1,2024-07,852,1769,6814.4,12054674
2024,7,1,2024-07,853,1309,6242.13,8170948
2024,7,1,2024-07,854,1707,7246.46,12369707
2024,7,1,2024-07,855,1652,5664.2,9357258
2024,7,1,2024-07,856,737,6294.94,4639371
2024,7,1,2024-07,857,934,6327.17,5909577
2024,7,1,2024-07,858,1549,6228.8,9648411
2024,7,1,2024-07,859,1637,6473.95,10597856
2024,7,1,2024-07,860,1080,4879.24,5269579
2024,7,1,2024-07,861,1033,5922.3,6117736
2024,7,1,2024-07,862,2351,4427.7,10409523
2024,7,1,2024-07,863,2069,5515.45,11411466
2024,7,1,2024-07,864,1497,5869.27,8786297
2024,7,1,2024-07,865,1821,6481.58,11802957
2024,7,1,2024-07,866,864,7491.71,6472837
2024,7,1,2024-07,867,1535,6202.3,9520530
2024,7,1,2024-07,868,840,6774.62,5690681
2024,7,1,2024-07,869,2486,5850.68,14544790
2024,7,1,2024-07,870,1033,6342.35,6551648
2024,7,1,2024-07,871,844,4359.32,3679266
2024,7,1,2024-07,872,691,4965.45,3431126
2024,7,1,2024-07,873,953,5489.07,5231084
2024,7,1,2024-07,874,1495,5809.77,8685606
2024,7,1,2024-07,875,1993,4209.14,8388816
2024,7,1,2024-07,876,1531,4631.21,7090383
2024,7,1,2024-07,877,840,5150.87,4326731
2024,7,1,2024-07,878,2279,7494.53,17080034
2024,7,1,2024-07,879,1636,5330.04,8719945
2024,7,1,2024-07,880,1032,5754.7,5938850
2024,7,1,2024-07,881,1693,4788.28,8106558
2024,7,1,2024-07,882,1091,6279.86,6851327
2024,7,1,2024-07,883,2018,5061.58,10214268
2024,7,1,2024-07,884,2247,4797.84,10780746
2024,7,1,2024-07,885,1452,5896.49,8561703
2024,7,1,2024-07,886,899,4082.61,3670266
2024,7,1,2024-07,887,1551,4069.9,6312415
2024,7,1,2024-07,888,851,4920.92,4187703
2024,7,1,2024-07,889,1289,4152.41,5352456
2024,7,1,2024-07,890,1769,4554.54,8056981
2024,7,1,2024-07,891,2105,5293.32,11142439
2024,7,1,2024-07,892,1662,6863.81,11407652
2024,7,1,2024-07,893,2337,6168.22,14415130
2024,7,1,2024-07,894,1523,5903.56,8991122
2024,7,1,2024-07,895,1542,5083.36,7838541
2024,7,1,2024-07,896,1385,7404.75,10255579
2024,7,1,2024-07,897,2117,5472.51,11585304
2024,7,1,2024-07,898,1679,4456.69,7482783
2024,7,1,2024-07,899,1480,6259.34,9263823
2024,7,1,2024-07,900,1185,4434.83,5255274
2024,7,1,2024-07,901,1330,5290.19,7035953
2024,7,1,2024-07,902,1312,5857.58,7685145
2024,7,1,2024-07,903,1878,7262.8,13639538
2024,7,1,2024-07,904,1367,5861.69,8012930
2024,7,1,2024-07,905,2037,6533.21,13308149
2024,7,1,2024-07,906,1922,7591.01,14589921
2024,7,1,2024-07,907,1392,4537.53,6316242
2024,7,1,2024-07,908,882,4987.02,4398552
2024,7,1,2024-07,909,1109,5448.78,6042697
2024,7,1,2024-07,910,1954,5610.69,10963288
2024,7,1,2024-07,911,1048,5639.1,5909777
2024,7,1,2024-07,912,863,7251.05,6257656
2024,7,1,2024-07,913,1914,6764.02,12946334
2024,7,1,2024-07,914,1267,6278.57,7954948
2024,7,1,2024-07,915,628,5142.8,3229678
2024,7,1,2024-07,916,1637,7102.65,11627038
2024,7,1,2024-07,917,814,7522.31,6123160
2024,7,1,2024-07,918,1132,7062.72,7994999
2024,7,1,2024-07,919,2096,4129.97,8656417
2024,7,1,2024-07,920,1552,6412.02,9951455
2024,7,1,2024-07,921,2028,4213.84,8545668
2024,7,1,2024-07,922,727,5045,3667715
2024,7,1,2024-07,923,1680,4302.55,7228284
2024,7,1,2024-07,924,2100,6273.14,13173594
2024,7,1,2024-07,925,1564,6512.77,10185972
2024,7,1,2024-07,926,782,4467.64,3493694
2024,7,1,2024-07,927,1424,5434.15,7738230
2024,7,1,2024-07,928,778,5752.09,4475126
2024,7,1,2024-07,929,1513,5403.54,8175556
2024,7,1,2024-07,930,1253,4495.87,5633325
2024,7,1,2024-07,931,1082,5570.63,6027422
2024,7,1,2024-07,932,736,6830.47,5027226
2024,7,1,2024-07,933,1003,4363.45,4376540
2024,7,1,2024-07,934,2056,4394.66,9035421
2024,7,1,2024-07,935,2005,5368.23,10763301
2024,7,1,2024-07,936,982,7504.01,7368938
2024,7,1,2024-07,937,1473,6431.11,9473025
2024,7,1,2024-07,938,1165,6554.7,7636226
2024,7,1,2024-07,939,1502,5385.25,8088646
2024,7,1,2024-07,940,2292,6168.77,14138821
2024,7,1,2024-07,941,1723,4122.6,7103240
2024,7,1,2024-07,942,1704,6350.18,10820707
2024,7,1,2024-07,943,1838,7369.41,13544976
2024,7,1,2024-07,944,1794,6318.93,11336160
2024,7,1,2024-07,945,1440,7161.61,10312718
2024,7,1,2024-07,946,991,6754.17,6693382
2024,7,1,2024-07,947,2092,4442.83,9294400
2024,7,1,2024-07,948,1772,7281.98,12903669
2024,7,1,2024-07,949,1397,4413.59,6165785
2024,7,1,2024-07,950,1778,5930.4,10544251
2024,7,1,2024-07,951,1874,4569.02,8562343
2024,7,1,2024-07,952,1158,4094.08,4740945
2024,7,1,2024-07,953,753,5487.96,4132434
2024,7,1,2024-07,954,1472,5137.63,7562591
2024,7,1,2024-07,955,1525,5845.63,8914586
2024,7,1,2024-07,956,2074,6171.71,12800127
2024,7,1,2024-07,957,2269,4216.91,9568169
2024,7,1,2024-07,958,847,4437.97,3758961
2024,7,1,2024-07,959,2283,6053.86,13820962
2024,7,1,2024-07,960,804,5273.81,4240143
2024,7,1,2024-07,961,1481,6706.6,9932475
2024,7,1,2024-07,962,1316,6394.43,8415070
2024,7,1,2024-07,963,946,7129.46,6744469
2024,7,1,2024-07,964,2246,6476.68,14546623
2024,7,1,2024-07,965,677,5652.43,3826695
2024,7,1,2024-07,966,2384,6516.24,15534716
2024,7,1,2024-07,967,961,5021.4,4825565
2024,7,1,2024-07,968,936,5149.1,4819558
2024,7,1,2024-07,969,766,6893.37,5280321
2024,7,1,2024-07,970,1796,5731.19,10293217
2024,7,1,2024-07,971,860,6928.26,5958304
2024,7,1,2024-07,972,945,7042.61,6655266
2024,7,1,2024-07,973,985,7153.11,7045813
2024,7,1,2024-07,974,2351,7405.53,17410401
2024,7,1,2024-07,975,537,5634.95,3025968
2024,7,1,2024-07,976,1386,5170.49,7166299
2024,7,1,2024-07,977,2239,6156.65,13784739
2024,7,1,2024-07,978,1497,5458.73,8171719
2024,7,1,2024-07,979,1471,6250.64,9194691
2024,7,1,2024-07,980,1118,6554.85,7328322
2024,7,1,2024-07,981,1508,6628.46,9995718
2024,7,1,2024-07,982,1400,5398.58,7558012
2024,7,1,2024-07,983,2071,4724.79,9785040
2024,7,1,2024-07,984,2385,5689.89,13570388
2024,7,1,2024-07,985,2122,4644.09,9854759
2024,7,1,2024-07,986,1082,7230.67,7823585
2024,7,1,2024-07,987,1702,5372.92,9144710
2024,7,1,2024-07,988,2137,4650,9937050
2024,7,1,2024-07,989,2175,4118.4,8957520
2024,7,1,2024-07,990,2362,6393.22,15100786
2024,7,1,2024-07,991,1468,6320.23,9278098
2024,7,1,2024-07,992,1054,5322.99,5610431
2024,7,1,2024-07,993,1458,4379.07,6384684
2024,7,1,2024-07,994,1191,5602.98,6673149
2024,7,1,2024-07,995,2107,5196.88,10949826
2024,7,1,2024-07,996,1680,6467.87,10866022
2024,7,1,2024-07,997,2239,6199.82,13881397
2024,7,1,2024-07,998,1101,5421.75,5969347
2024,7,1,2024-07,999,1301,4910.31,6388313
2024,7,1,2024-07,1000,2039,7645.94,15590072
2024,7,1,2024-07,1001,1696,5672.62,9620764
2024,7,1,2024-07,1002,1757,6520.29,11456150
2024,7,1,2024-07,1003,1087,4564.13,4961209
2024,7,1,2024-07,1004,1421,5756.48,8179958
2024,7,1,2024-07,1005,1835,4208.31,7722249
2024,7,1,2024-07,1006,873,5888.74,5140870
2024,7,1,2024-07,1007,1378,7599.85,10472593
2024,7,1,2024-07,1008,1834,5417.7,9936062
2024,7,1,2024-07,1009,1919,4220.07,8098314
2024,7,1,2024-07,1010,832,4141.81,3445986
2024,7,1,2024-07,1011,2188,5457.85,11941776
2024,7,1,2024-07,1012,1218,4695.13,5718668
2024,7,1,2024-07,1013,787,4173.26,3284356
2024,7,1,2024-07,1014,777,6748.68,5243724
2024,7,1,2024-07,1015,1341,5659.89,7589912
2024,7,1,2024-07,1016,1227,5106.77,6266007
2024,7,1,2024-07,1017,1505,7316.08,11010700
2024,7,1,2024-07,1018,963,4539.56,4371596
2024,7,1,2024-07,1019,1769,7472.95,13219649
2024,7,1,2024-07,1020,1353,5175.54,7002506
2024,7,1,2024-07,1021,2342,7360.6,17238525
2024,7,1,2024-07,1022,601,6242.87,3751965
2024,7,1,2024-07,1023,1409,7087.27,9985963
2024,7,1,2024-07,1024,1437,7550.09,10849479
2024,7,1,2024-07,1025,2332,5133.33,11970926
2024,7,1,2024-07,1026,1624,7558.43,12274890
2024,7,1,2024-07,1027,2325,5483,12747975
2024,7,1,2024-07,1028,892,5387.88,4805989
2024,7,1,2024-07,1029,2149,5263.94,11312207
2024,7,1,2024-07,1030,1079,6040.37,6517559
2024,7,1,2024-07,1031,2243,4566.69,10243086
2024,7,1,2024-07,1032,1936,6181.83,11968023
2024,7,1,2024-07,1033,1750,6076.19,10633332
2024,7,1,2024-07,1034,1504,6744.73,10144074
2024,7,1,2024-07,1035,1098,7081,7774938
2024,7,1,2024-07,1036,1245,5666.1,7054294
2024,7,1,2024-07,1037,992,5217.67,5175929
2024,7,1,2024-07,1038,858,4902.5,4206345
2024,7,1,2024-07,1039,1300,4791.03,6228339
2024,7,1,2024-07,1040,528,4239.34,2238372
2024,7,1,2024-07,1041,726,5331.91,3870967
2024,7,1,2024-07,1042,1342,5004.96,6716656
2024,7,1,2024-07,1043,859,7605.71,6533305
2024,7,1,2024-07,1044,782,6096.06,4767119
2024,7,1,2024-07,1045,1709,5248.33,8969396
2024,7,1,2024-07,1046,1107,6048.73,6695944
2024,7,1,2024-07,1047,1485,4607.56,6842227
2024,7,1,2024-07,1048,1664,5644.3,9392115
2024,7,1,2024-07,1049,851,6353.08,5406471
2024,7,1,2024-07,1050,1263,5806.32,7333382
2024,7,1,2024-07,1051,1053,5578.55,5874213
2024,7,1,2024-07,1052,1910,7687.64,14683392
2024,7,1,2024-07,1053,804,7255.55,5833462
2024,7,1,2024-07,1054,1898,6276.68,11913139
2024,7,1,2024-07,1055,1108,6097.51,6756041
2024,7,1,2024-07,1056,1881,6295.67,11842155
2024,7,1,2024-07,1057,1066,4760.08,5074245
2024,7,1,2024-07,1058,1558,5530.4,8616363
2024,7,1,2024-07,1059,1671,4213.71,7041109
2024,7,1,2024-07,1060,1721,5780.07,9947500
2024,7,1,2024-07,1061,2202,6006.21,13225674
2024,7,1,2024-07,1062,1747,4901.07,8562169
2024,7,1,2024-07,1063,983,7543.45,7415211
2024,7,1,2024-07,1064,961,7315.69,7030378
2024,7,1,2024-07,1065,1006,6659.68,6699638
2024,7,1,2024-07,1066,820,5974.19,4898836
2024,7,1,2024-07,1067,2295,7178.26,16474107
2024,7,1,2024-07,1068,1903,4555.5,8669116
2024,7,1,2024-07,1069,1299,6799.78,8832914
2024,7,1,2024-07,1070,1298,4596.83,5966685
2024,7,1,2024-07,1071,2071,6962.45,14419234
2024,7,1,2024-07,1072,2280,5080.87,11584384
2024,7,1,2024-07,1073,1615,7262.26,11728550
2024,7,1,2024-07,1074,2083,7403.01,15420470
2024,7,1,2024-07,1075,1565,4540.87,7106462
2024,7,1,2024-07,1076,2077,5657.2,11750004
2024,7,1,2024-07,1077,1043,7615.69,7943165
2024,7,1,2024-07,1078,1510,5822.73,8792322
2024,7,1,2024-07,1079,2119,7192.32,15240526
2024,7,1,2024-07,1080,1547,6235.23,9645901
2024,7,1,2024-07,1081,2060,5322.95,10965277
2024,7,1,2024-07,1082,731,5055.41,3695505
2024,7,1,2024-07,1083,1539,4784.76,7363746
2024,7,1,2024-07,1084,2118,6842.13,14491631
2024,7,1,2024-07,1085,853,5476.58,4671523
2024,7,1,2024-07,1086,2332,6034.57,14072617
2024,7,1,2024-07,1087,1360,5799.08,7886749
2024,7,1,2024-07,1088,832,6175.66,5138149
2024,7,1,2024-07,1089,1302,7226.16,9408460
2024,7,1,2024-07,1090,1956,7661.24,14985385
2024,7,1,2024-07,1091,686,5535.92,3797641
2024,7,1,2024-07,1092,1105,6988.66,7722469
2024,7,1,2024-07,1093,1223,6851.46,8379336
2024,7,1,2024-07,1094,2265,6151.87,13933986
2024,7,1,2024-07,1095,1410,7532.91,10621403
2024,7,1,2024-07,1096,1521,4865.1,7399817
2024,7,1,2024-07,1097,1152,4467.37,5146410
2024,7,1,2024-07,1098,1849,7095.11,13118858
2024,7,1,2024-07,1099,1596,5683.56,9070962
2024,7,1,2024-07,1100,1013,7130.7,7223399
2024,7,1,2024-07,1101,1889,7267.53,13728364
2024,7,1,2024-07,1102,1419,4265.13,6052219
2024,7,1,2024-07,1103,832,7262.77,6042625
2024,7,1,2024-07,1104,2027,5729.4,11613494
2024,7,1,2024-07,1105,1916,5841.43,11192180
2024,7,1,2024-07,1106,1463,6330.52,9261551
2024,7,1,2024-07,1107,1499,7427.44,11133733
2024,7,1,2024-07,1108,573,4236.62,2427583
2024,7,1,2024-07,1109,1826,5795.9,10583313
2024,7,1,2024-07,1110,1075,6617.18,7113468
2024,7,1,2024-07,1111,1279,6710.08,8582192
2024,7,1,2024-07,1112,1204,6603.06,7950084
2024,7,1,2024-07,1113,1868,4531.85,8465496
2024,7,1,2024-07,1114,1286,5269.63,6776744
2024,7,1,2024-07,1115,2191,5373.16,11772594
2024,7,1,2024-07,1116,1812,6973.86,12636634
2024,7,1,2024-07,1117,2143,5085.24,10897669
2024,7,1,2024-07,1118,1324,4896.72,6483257
2024,7,1,2024-07,1119,2007,7600.16,15253521
2024,7,1,2024-07,1120,1572,4148.61,6521615
2024,7,1,2024-07,1121,998,7639.16,7623882
2024,7,1,2024-07,1122,1034,6584.64,6808518
2024,7,1,2024-07,1123,1219,6993.88,8525540
2024,7,1,2024-07,1124,2340,5109.77,11956862
2024,7,1,2024-07,1125,1726,4075.98,7035141
2024,7,1,2024-07,1126,2000,6710.07,13420140
2024,7,1,2024-07,1127,2121,7116.15,15093354
2024,7,1,2024-07,1128,2286,6725.87,15375339
2024,7,1,2024-07,1129,1703,4600.85,7835248
2024,7,1,2024-07,1130,1216,6798.63,8267134
2024,7,1,2024-07,1131,2022,6827.38,13804962
2024,7,1,2024-07,1132,951,6392.57,6079334
2024,7,1,2024-07,1133,1036,6753.19,6996305
2024,7,1,2024-07,1134,1273,7171.88,9129803
2024,7,1,2024-07,1135,1787,6253.51,11175022
2024,7,1,2024-07,1136,1883,4373.32,8234962
2024,7,1,2024-07,1137,1533,5764.23,8836565
2024,7,1,2024-07,1138,1929,4358.8,8408125
2024,7,1,2024-07,1139,1831,5569.42,10197608
2024,7,1,2024-07,1140,1006,5527.05,5560212
2024,7,1,2024-07,1141,971,4339.13,4213295
2024,7,1,2024-07,1142,1686,5246.03,8844807
2024,7,1,2024-07,1143,879,4491.94,3948415
2024,7,1,2024-07,1144,1883,6959.88,13105454
2024,7,1,2024-07,1145,2240,7412.3,16603552
2024,7,1,2024-07,1146,1966,4273.07,8400856
2024,7,1,2024-07,1147,930,7465,6942450
2024,7,1,2024-07,1148,1036,5901.83,6114296
2024,7,1,2024-07,1149,1724,5174.4,8920666
2024,7,1,2024-07,1150,941,4381.74,4123217
2024,7,1,2024-07,1151,2239,5885.69,13178060
2024,7,1,2024-07,1152,1004,6946.14,6973925
2024,7,1,2024-07,1153,1553,6545.8,10165627
2024,7,1,2024-07,1154,1455,4289.74,6241572
2024,7,1,2024-07,1155,2035,4378,8909230
2024,7,1,2024-07,1156,1544,5540.63,8554733
2024,7,1,2024-07,1157,2076,5139.06,10668689
2024,7,1,2024-07,1158,937,4885.05,4577292
2024,7,1,2024-07,1159,794,5107.62,4055450
2024,7,1,2024-07,1160,1974,6944.08,13707614
2024,7,1,2024-07,1161,1553,7452.6,11573888
2024,7,1,2024-07,1162,1331,5548.76,7385400
2024,7,1,2024-07,1163,2059,7320.82,15073568
2024,7,1,2024-07,1164,1675,5221.79,8746498
2024,7,1,2024-07,1165,784,5784.3,4534891
2024,7,1,2024-07,1166,1580,4888.81,7724320
2024,7,1,2024-07,1167,1076,6374.71,6859188
2024,7,1,2024-07,1168,969,7530.9,7297442
2024,7,1,2024-07,1169,1111,6256.66,6951149
2024,7,1,2024-07,1170,1097,5374.79,5896145
2024,7,1,2024-07,1171,919,6351.45,5836983
2024,7,1,2024-07,1172,959,4537.27,4351242
2024,7,1,2024-07,1173,1573,7265.44,11428537
2024,7,1,2024-07,1174,1805,5849.4,10558167
2024,7,1,2024-07,1175,1660,5721.83,9498238
2024,7,1,2024-07,1176,1877,6243.12,11718336
2024,7,1,2024-07,1177,1651,6296.3,10395191
2024,7,1,2024-07,1178,1570,4348.69,6827443
2024,7,1,2024-07,1179,2100,6585.15,13828815
2024,7,1,2024-07,1180,1855,4853.95,9004077
2024,7,1,2024-07,1181,941,6726.21,6329364
2024,7,1,2024-07,1182,1668,7033.05,11731127
2024,7,1,2024-07,1183,1999,6997.08,13987163
2024,7,1,2024-07,1184,1819,5986.93,10890226
2024,7,1,2024-07,1185,1989,5886.45,11708149
2024,7,1,2024-07,1186,937,4554.87,4267913
2024,7,1,2024-07,1187,1704,6813.09,11609505
2024,7,1,2024-07,1188,1610,4953.18,7974620
2024,7,1,2024-07,1189,1384,5810.31,8041469
2024,7,1,2024-07,1190,2232,5066.68,11308830
2024,7,1,2024-07,1191,1728,4501.42,7778454
2024,7,1,2024-07,1192,996,6406.13,6380505
2024,7,1,2024-07,1193,1738,4310.26,7491232
2024,7,1,2024-07,1194,2411,6732.02,16230900
2024,7,1,2024-07,1195,2223,5249.35,11669305
2024,7,1,2024-07,1196,2415,4102.81,9908286
2024,7,1,2024-07,1197,1851,5838.01,10806157
2024,7,1,2024-07,1198,2325,4274.15,9937399
2024,7,1,2024-07,1199,1599,5056.31,8085040
2024,7,1,2024-07,1200,2283,6647.16,15175466
2024,7,1,2024-07,1201,2252,4262.77,9599758
2024,7,1,2024-07,1202,957,7114.01,6808108
2024,7,1,2024-07,1203,1826,4148.2,7574613
2024,7,1,2024-07,1204,1889,4988.04,9422408
2024,7,1,2024-07,1205,1770,6656.8,11782536
2024,7,1,2024-07,1206,1994,5329.17,10626365
2024,7,1,2024-07,1207,1309,4478.47,5862317
2024,7,1,2024-07,1208,1168,5365.02,6266343
2024,7,1,2024-07,1209,1667,5082.47,8472477
2024,7,1,2024-07,1210,1654,7196.66,11903276
2024,7,1,2024-07,1211,2221,5144.47,11425868
2024,7,1,2024-07,1212,1663,6958.42,11571852
2024,7,1,2024-07,1213,2120,7269.96,15412315
2024,7,1,2024-07,1214,1912,5624.71,10754446
2024,7,1,2024-07,1215,943,7330.5,6912662
2024,7,1,2024-07,1216,2381,5342.77,12721135
2024,7,1,2024-07,1217,1084,7557.36,8192178
2024,7,1,2024-07,1218,791,4297.37,3399220
2024,7,1,2024-07,1219,1645,6521.17,10727325
2024,7,1,2024-07,1220,1279,5830.97,7457811
2024,7,1,2024-07,1221,762,5456.64,4157960
2024,7,1,2024-07,1222,1412,6253.36,8829744
2024,7,1,2024-07,1223,892,6644.99,5927331
2024,7,1,2024-07,1224,1332,4020.01,5354653
2024,7,1,2024-07,1225,2081,4642.74,9661542
2024,7,1,2024-07,1226,1058,6613.26,6996829
2024,7,1,2024-07,1227,1197,6456.74,7728718
2024,7,1,2024-07,1228,1126,7559.92,8512470
2024,7,1,2024-07,1229,1501,6810.34,10222320
2024,7,1,2024-07,1230,1941,7575.04,14703153
2024,7,1,2024-07,1231,1594,6615.87,10545697
2024,7,1,2024-07,1232,1727,5165.75,8921250
2024,7,1,2024-07,1233,1521,4438.21,6750517
2024,7,1,2024-07,1234,2311,6897.46,15940030
2024,7,1,2024-07,1235,2112,6369.36,13452088
2024,7,1,2024-07,1236,1405,4238.02,5954418
2024,7,1,2024-07,1237,929,5517.81,5126045
2024,7,1,2024-07,1238,1974,7579.12,14961183
2024,7,1,2024-07,1239,1567,5838.07,9148256
2024,7,1,2024-07,1240,1938,5664.3,10977413
2024,7,1,2024-07,1241,934,5736.58,5357966
2024,7,1,2024-07,1242,1192,4804.58,5727059
2024,7,1,2024-07,1243,762,5499.88,4190909
2024,7,1,2024-07,1244,1429,5401.02,7718058
2024,7,1,2024-07,1245,1344,4336.83,5828700
2024,7,1,2024-07,1246,1617,6803.18,11000742
2024,7,1,2024-07,1247,1094,5626.56,6155457
2024,7,1,2024-07,1248,2221,7088.28,15743070
2024,7,1,2024-07,1249,1675,7085.28,11867844
2024,7,1,2024-07,1250,1699,4830.75,8207444
2024,7,1,2024-07,1251,1747,6434.69,11241403
2024,7,1,2024-07,1252,1877,5850.12,10980675
2024,7,1,2024-07,1253,1955,7305.44,14282135
2024,7,1,2024-07,1254,1531,4841.12,7411755
2024,7,1,2024-07,1255,1019,6494.5,6617896
2024,7,1,2024-07,1256,1289,6272.19,8084853
2024,7,1,2024-07,1257,992,5072.81,5032228
2024,7,1,2024-07,1258,2018,4633.09,9349576
2024,7,1,2024-07,1259,2215,6379.3,14130150
2024,7,1,2024-07,1260,1249,6733.57,8410229
2024,7,1,2024-07,1261,885,5279.29,4672172
2024,7,1,2024-07,1262,1740,6413.83,11160064
2024,7,1,2024-07,1263,1687,5482.71,9249332
2024,7,1,2024-07,1264,868,6592.34,5722151
2024,7,1,2024-07,1265,1184,4797.35,5680062
2024,7,1,2024-07,1266,1917,7258.51,13914564
2024,7,1,2024-07,1267,1490,5233.4,7797766
2024,7,1,2024-07,1268,1964,5366.56,10539924
2024,7,1,2024-07,1269,651,4271.08,2780473
2024,7,1,2024-07,1270,1483,4441,6586003
2024,7,1,2024-07,1271,949,5920.8,5618839
2024,7,1,2024-07,1272,2121,5067.9,10749016
2024,7,1,2024-07,1273,1328,7033.16,9340036
2024,7,1,2024-07,1274,2394,4155.66,9948650
2024,7,1,2024-07,1275,974,5388.69,5248584
2024,7,1,2024-07,1276,1848,5335.87,9860688
2024,7,1,2024-07,1277,2496,4135.79,10322932
2024,7,1,2024-07,1278,1751,4517.38,7909932
2024,7,1,2024-07,1279,1045,5630.14,5883496
2024,7,1,2024-07,1280,1741,5830.57,10151022
2024,7,1,2024-07,1281,1348,5551.24,7483072
2024,7,1,2024-07,1282,2058,6018.16,12385373
2024,7,1,2024-07,1283,2003,6274.56,12567944
2024,7,1,2024-07,1284,1958,4137.49,8101205
2024,7,1,2024-07,1285,898,5733.03,5148261
2024,7,1,2024-07,1286,1109,7510.17,8328779
2024,7,1,2024-07,1287,1710,5957.97,10188129
2024,7,1,2024-07,1288,1980,6476.64,12823747
2024,7,1,2024-07,1289,916,5227.07,4787996
2024,7,1,2024-07,1290,2058,6864.84,14127841
2024,7,1,2024-07,1291,1678,6799.46,11409494
2024,7,1,2024-07,1292,1598,5896.62,9422799
2024,7,1,2024-07,1293,2037,7582.15,15444840
2024,7,1,2024-07,1294,1727,4523.4,7811912
2024,7,1,2024-07,1295,829,4184.55,3468992
2024,7,1,2024-07,1296,1550,6800.8,10541240
2024,7,1,2024-07,1297,1455,7007.35,10195694
2024,7,1,2024-07,1298,2446,4551.41,11132749
2024,7,1,2024-07,1299,945,4984.02,4709899
2024,7,1,2024-07,1300,2300,4139.99,9521977
2024,7,1,2024-07,1301,742,5197.87,3856820
2024,7,1,2024-07,1302,787,6870.78,5407304
2024,7,1,2024-07,1303,2223,5935.53,13194683
2024,7,1,2024-07,1304,2171,5370.98,11660398
2024,7,1,2024-07,1305,2095,5394.83,11302169
2024,7,1,2024-07,1306,2060,4077.31,8399259
2024,7,1,2024-07,1307,1831,5167.2,9461143
2024,7,1,2024-07,1308,1474,6463.55,9527273
2024,7,1,2024-07,1309,1238,7530.48,9322734
2024,7,1,2024-07,1310,1367,7138.34,9758111
2024,7,1,2024-07,1311,1176,4153.64,4884681
2024,7,1,2024-07,1312,1034,7357.3,7607448
2024,7,1,2024-07,1313,1908,6923.18,13209427
2024,7,1,2024-07,1314,1442,6875.19,9914024
2024,7,1,2024-07,1315,2097,5752.34,12062657
2024,7,1,2024-07,1316,1952,5484.95,10706622
2024,7,1,2024-07,1317,1226,5142.24,6304386
2024,7,1,2024-07,1318,1841,4435.77,8166253
2024,7,1,2024-07,1319,1784,4886.85,8718140
2024,7,1,2024-07,1320,2058,4977.34,10243366
2024,7,1,2024-07,1321,2207,5801.1,12803028
2024,7,1,2024-07,1322,1004,6703,6729812
2024,7,1,2024-07,1323,1943,5736.11,11145262
2024,7,1,2024-07,1324,1926,4309.37,8299847
2024,7,1,2024-07,1325,2246,7449.73,16732094
2024,7,1,2024-07,1326,1778,7427.34,13205811
2024,7,1,2024-07,1327,1844,6925.2,12770069
2024,7,1,2024-07,1328,1054,7643.4,8056144
2024,7,1,2024-07,1329,1362,6016.28,8194173
2024,7,1,2024-07,1330,711,7511.1,5340392
2024,7,1,2024-07,1331,923,4311.33,3979358
2024,7,1,2024-07,1332,1158,5495.58,6363882
2024,7,1,2024-07,1333,1878,4849.19,9106779
2024,7,1,2024-07,1334,1604,4833.2,7752453
2024,7,1,2024-07,1335,1569,4491.42,7047038
2024,7,1,2024-07,1336,1795,6352.99,11403617
2024,7,1,2024-07,1337,781,6925.99,5409198
2024,7,1,2024-07,1338,1170,6113.85,7153204
2024,7,1,2024-07,1339,1530,4585.13,7015249
2024,7,1,2024-07,1340,815,7036.68,5734894
2024,7,1,2024-07,1341,1644,6310.66,10374725
2024,7,1,2024-07,1342,853,5495.35,4687534
2024,7,1,2024-07,1343,2231,6468.12,14430376
2024,7,1,2024-07,1344,1580,5057.43,7990739
2024,7,1,2024-07,1345,2105,5405.79,11379188
2024,7,1,2024-07,1346,1608,7323.8,11776670
2024,7,1,2024-07,1347,836,5152.86,4307791
2024,7,1,2024-07,1348,1191,5812.4,6922568
2024,7,1,2024-07,1349,1706,7181.52,12251673
2024,7,1,2024-07,1350,1510,6663.94,10062549
2024,7,1,2024-07,1351,1546,4325.5,6687223
2024,7,1,2024-07,1352,1762,4642.98,8180931
2024,7,1,2024-07,1353,2069,4033.12,8344525
2024,7,1,2024-07,1354,1511,6377.51,9636418
2024,7,1,2024-07,1355,1278,5680.32,7259449
2024,7,1,2024-07,1356,1854,4516.27,8373165
2024,7,1,2024-07,1357,1174,7545.31,8858194
2024,7,1,2024-07,1358,1126,6018.32,6776628
2024,7,1,2024-07,1359,1463,4949.02,7240416
2024,7,1,2024-07,1360,1771,5894.21,10438646
2024,7,1,2024-07,1361,2072,6510.95,13490688
2024,7,1,2024-07,1362,1805,4298.05,7757980
2024,7,1,2024-07,1363,2181,5063.35,11043166
2024,7,1,2024-07,1364,1878,7027.73,13198077
2024,7,1,2024-07,1365,1726,5786.08,9986774
2024,7,1,2024-07,1366,1609,6005.19,9662351
2024,7,1,2024-07,1367,2070,5646.19,11687613
2024,7,1,2024-07,1368,2156,4247.71,9158063
2024,7,1,2024-07,1369,1370,4702.35,6442220
2024,7,1,2024-07,1370,1399,5683.27,7950895
2024,7,1,2024-07,1371,1745,4867.98,8494625
2024,7,1,2024-07,1372,1469,4247.38,6239401
2024,7,1,2024-07,1373,759,7154.61,5430349
2024,7,1,2024-07,1374,956,7573.05,7239836
2024,7,1,2024-07,1375,1349,6932.96,9352563
2024,7,1,2024-07,1376,1505,7171.17,10792611
2024,7,1,2024-07,1377,1932,4962.56,9587666
2024,7,1,2024-07,1378,2009,7417.99,14902742
2024,7,1,2024-07,1379,1482,4805.09,7121143
2024,7,1,2024-07,1380,1306,7521.51,9823092
2024,7,1,2024-07,1381,1112,7659.1,8516919
2024,7,1,2024-07,1382,940,6675.42,6274895
2024,7,1,2024-07,1383,1916,7649.51,14656461
2024,7,1,2024-07,1384,2362,6093.2,14392138
2024,7,1,2024-07,1385,2055,4938.48,10148576
2024,7,1,2024-07,1386,2088,5596.38,11685241
2024,7,1,2024-07,1387,1892,6213.6,11756131
2024,7,1,2024-07,1388,1279,4376.22,5597185
2024,7,1,2024-07,1389,870,6307.73,5487725
2024,7,1,2024-07,1390,1510,7534.67,11377352
2024,7,1,2024-07,1391,1270,4780.6,6071362
2024,7,1,2024-07,1392,942,6922.85,6521325
2024,7,1,2024-07,1393,2113,7342.02,15513688
2024,7,1,2024-07,1394,1393,7544.28,10509182
2024,7,1,2024-07,1395,1656,7558.46,12516810
2024,7,1,2024-07,1396,1024,5946.46,6089175
2024,7,1,2024-07,1397,1499,7523.38,11277547
2024,7,1,2024-07,1398,2025,6856.64,13884696
2024,7,1,2024-07,1399,751,4586.03,3444109
2024,7,1,2024-07,1400,739,5780.43,4271738
2024,7,1,2024-07,1401,2349,6602.69,15509719
2024,7,1,2024-07,1402,681,4953.6,3373402
2024,7,1,2024-07,1403,1851,6374.63,11799440
2024,7,1,2024-07,1404,702,6412.46,4501547
2024,7,1,2024-07,1405,1965,4558.99,8958415
2024,7,1,2024-07,1406,2151,6065.06,13045944
2024,7,1,2024-07,1407,1679,6786.42,11394399
2024,7,1,2024-07,1408,2288,5828.72,13336111
2024,7,1,2024-07,1409,1490,4117.79,6135507
2024,7,1,2024-07,1410,1047,4188.03,4384867
2024,7,1,2024-07,1411,836,5337.37,4462041
2024,7,1,2024-07,1412,1973,7376.37,14553578
2024,7,1,2024-07,1413,1681,4900.5,8237740
2024,7,1,2024-07,1414,1418,6386.13,9055532
2024,7,1,2024-07,1415,881,4906.86,4322944
2024,7,1,2024-07,1416,1364,5151.49,7026632
2024,7,1,2024-07,1417,1031,7073.66,7292943
2024,7,1,2024-07,1418,1655,6744.21,11161668
2024,7,1,2024-07,1419,1269,4405.01,5589958
2024,7,1,2024-07,1420,1558,5664.03,8824559
2024,7,1,2024-07,1421,2086,4223.84,8810930
2024,7,1,2024-07,1422,1912,5706.43,10910694
2024,7,1,2024-07,1423,1909,6382.21,12183639
2024,7,1,2024-07,1424,2158,4496.11,9702605
2024,7,1,2024-07,1425,1524,5138.59,7831211
2024,7,1,2024-07,1426,1503,5498.25,8263870
2024,7,1,2024-07,1427,1124,7367.61,8281194
2024,7,1,2024-07,1428,1754,7641.66,13403472
2024,7,1,2024-07,1429,2319,4243.34,9840305
2024,7,1,2024-07,1430,1687,6807.88,11484894
2024,7,1,2024-07,1431,1385,5310.2,7354627
2024,7,1,2024-07,1432,2080,5477.03,11392222
2024,7,1,2024-07,1433,2114,6770.8,14313471
2024,7,1,2024-07,1434,1617,7324.4,11843555
2024,7,1,2024-07,1435,585,7454.22,4360719
2024,7,1,2024-07,1436,870,6076.52,5286572
2024,7,1,2024-07,1437,2083,5382.02,11210748
2024,7,1,2024-07,1438,506,6852.42,3467325
2024,7,1,2024-07,1439,1486,4979.62,7399715
2024,7,1,2024-07,1440,2015,6082.83,12256902
2024,7,1,2024-07,1441,762,5361.53,4085486
2024,7,1,2024-07,1442,1587,6476.96,10278936
2024,7,1,2024-07,1443,1356,4914.13,6663560
2024,7,1,2024-07,1444,2068,4768.05,9860327
2024,7,1,2024-07,1445,2281,7400.48,16880495
2024,7,1,2024-07,1446,782,4458.31,3486398
2024,7,1,2024-07,1447,762,5861.3,4466311
2024,7,1,2024-07,1448,1647,4807.45,7917870
2024,7,1,2024-07,1449,1347,4188.81,5642327
2024,7,1,2024-07,1450,1423,4224.23,6011079
2024,7,1,2024-07,1451,1165,4711.93,5489398
2024,7,1,2024-07,1452,1102,7216.35,7952418
2024,7,1,2024-07,1453,2173,5082.73,11044772
2024,7,1,2024-07,1454,2039,7452.16,15194954
2024,7,1,2024-07,1455,1600,6100.86,9761376
2024,7,1,2024-07,1456,2060,5594.46,11524588
2024,7,1,2024-07,1457,2378,6115.06,14541613
2024,7,1,2024-07,1458,2165,5994.42,12977919
2024,7,1,2024-07,1459,1858,6748.18,12538118
2024,7,1,2024-07,1460,1107,5045.05,5584870
2024,7,1,2024-07,1461,1230,5318.06,6541214
2024,7,1,2024-07,1462,1052,7331.85,7713106
2024,7,1,2024-07,1463,608,7493.93,4556309
2024,7,1,2024-07,1464,1976,7268.4,14362358
2024,7,1,2024-07,1465,745,5516.41,4109725
2024,7,1,2024-07,1466,1447,6872.67,9944753
2024,7,1,2024-07,1467,1134,5822.61,6602840
2024,7,1,2024-07,1468,1775,5922.38,10512224
2024,7,1,2024-07,1469,2183,4713.87,10290378
2024,7,1,2024-07,1470,821,6159.38,5056851
2024,7,1,2024-07,1471,1632,4749.78,7751641
2024,7,1,2024-07,1472,935,5321.8,4975883
2024,7,1,2024-07,1473,799,7078.71,5655889
2024,7,1,2024-07,1474,1700,4770.68,8110156
2024,7,1,2024-07,1475,969,4312.9,4179200
2024,7,1,2024-07,1476,2147,4263.02,9152704
2024,7,1,2024-07,1477,700,7355.98,5149186
2024,7,1,2024-07,1478,933,5987.91,5586720
2024,7,1,2024-07,1479,2344,5532.33,12967782
2024,7,1,2024-07,1480,647,6950.36,4496883
2024,7,1,2024-07,1481,1776,7015.61,12459723
2024,7,1,2024-07,1482,1207,5265.76,6355772
2024,7,1,2024-07,1483,925,6535.5,6045338
2024,7,1,2024-07,1484,1827,6872.87,12556733
2024,7,1,2024-07,1485,1681,6372.47,10712122
2024,7,1,2024-07,1486,1864,4620.54,8612687
2024,7,1,2024-07,1487,2032,7209.38,14649460
2024,7,1,2024-07,1488,979,6031.53,5904868
2024,7,1,2024-07,1489,796,5081.26,4044683
2024,7,1,2024-07,1490,2231,5625.99,12551584
2024,7,1,2024-07,1491,1025,4226.77,4332439
2024,7,1,2024-07,1492,978,4575.02,4474370
2024,7,1,2024-07,1493,1464,6843.95,10019543
2024,7,1,2024-07,1494,1938,4070.76,7889133
2024,7,1,2024-07,1495,1057,5643.68,5965370
2024,7,1,2024-07,1496,1822,5925.04,10795423
2024,7,1,2024-07,1497,1510,4343.51,6558700
2024,7,1,2024-07,1498,1863,7608.66,14174934
2024,7,1,2024-07,1499,1305,4918.64,6418825
2024,7,1,2024-07,1500,1922,5167.31,9931570
2024,7,1,2024-07,1501,1869,5138.94,9604679
2024,7,1,2024-07,1502,1217,4916.45,5983320
2024,7,1,2024-07,1503,804,4097.08,3294052
2024,7,1,2024-07,1504,2031,6687.75,13582820
2024,7,1,2024-07,1505,1594,7566.26,12060618
2024,7,1,2024-07,1506,1797,4926.49,8852903
2024,7,1,2024-07,1507,1609,6417.72,10326111
2024,7,1,2024-07,1508,1193,6707.53,8002083
2024,7,1,2024-07,1509,1998,7061.26,14108397
2024,7,1,2024-07,1510,1732,5612.09,9720140
2024,7,1,2024-07,1511,1041,5237.73,5452477
2024,7,1,2024-07,1512,1152,5187.94,5976507
2024,7,1,2024-07,1513,1142,6598.56,7535556
2024,7,1,2024-07,1514,1557,6943.73,10811388
2024,7,1,2024-07,1515,712,4709.59,3353228
2024,7,1,2024-07,1516,1740,5317.72,9252833
2024,7,1,2024-07,1517,1502,7362.49,11058460
2024,7,1,2024-07,1518,1499,7003.05,10497572
2024,7,1,2024-07,1519,1646,7618.34,12539788
2024,7,1,2024-07,1520,2323,6825.63,15855938
2024,7,1,2024-07,1521,1274,5531.76,7047462
2024,7,1,2024-07,1522,2100,6197,13013700
2024,7,1,2024-07,1523,1894,6390.98,12104516
2024,7,1,2024-07,1524,1168,4333.76,5061832
2024,7,1,2024-07,1525,1670,6030.94,10071670
2024,7,1,2024-07,1526,1689,6589.49,11129649
2024,7,1,2024-07,1527,1064,4763.52,5068385
2024,7,1,2024-07,1528,2375,6886.61,16355699
2024,7,1,2024-07,1529,1499,6180.03,9263865
2024,7,1,2024-07,1530,2071,7535.94,15606932
2024,7,1,2024-07,1531,2262,4251.43,9616735
2024,7,1,2024-07,1532,1946,5024.37,9777424
2024,7,1,2024-07,1533,1775,6307.11,11195120
2024,7,1,2024-07,1534,1343,5167.57,6940047
2024,7,1,2024-07,1535,923,6620.5,6110722
2024,7,1,2024-07,1536,1913,6810.21,13027932
2024,7,1,2024-07,1537,947,4430.08,4195286
2024,7,1,2024-07,1538,1562,5888.37,9197634
2024,7,1,2024-07,1539,2067,5943.07,12284326
2024,7,1,2024-07,1540,1531,5385.58,8245323
2024,7,1,2024-07,1541,1700,7389.77,12562609
2024,7,1,2024-07,1542,893,7055.36,6300436
2024,7,1,2024-07,1543,1741,6628.34,11539940
2024,7,1,2024-07,1544,902,6547.86,5906170
2024,7,1,2024-07,1545,888,5706.19,5067097
2024,7,1,2024-07,1546,1085,7281.07,7899961
2024,7,1,2024-07,1547,2105,6419.49,13513026
2024,7,1,2024-07,1548,1767,6696.94,11833493
2024,7,1,2024-07,1549,1952,7110.18,13879071
2024,7,1,2024-07,1550,2225,5102.03,11352017
2024,7,1,2024-07,1551,1552,6920.09,10739980
2024,7,1,2024-07,1552,1806,4812.03,8690526
2024,7,1,2024-07,1553,656,5335.53,3500108
2024,7,1,2024-07,1554,1174,5245.63,6158370
2024,7,1,2024-07,1555,2198,7564.74,16627299
2024,7,1,2024-07,1556,2050,7158.87,14675684
2024,7,1,2024-07,1557,1612,6619.18,10670118
2024,7,1,2024-07,1558,2360,6749.26,15928254
2024,7,1,2024-07,1559,974,6107.41,5948617
2024,7,1,2024-07,1560,1482,7472.91,11074853
2024,7,1,2024-07,1561,1705,5863.4,9997097
2024,7,1,2024-07,1562,1304,5436.85,7089652
2024,7,1,2024-07,1563,1173,4649.34,5453676
2024,7,1,2024-07,1564,980,6857.48,6720330
2024,7,1,2024-07,1565,1772,6731.7,11928572
2024,7,1,2024-07,1566,1955,5424.19,10604291
2024,7,1,2024-07,1567,1776,4185.09,7432720
2024,7,1,2024-07,1568,2105,7086.75,14917609
2024,7,1,2024-07,1569,1851,4156.95,7694514
2024,7,1,2024-07,1570,1585,6615.01,10484791
2024,7,1,2024-07,1571,673,7522.93,5062932
2024,7,1,2024-07,1572,1623,5602.82,9093377
2024,7,1,2024-07,1573,1407,4974.45,6999051
2024,7,1,2024-07,1574,1192,6589.6,7854803
2024,7,1,2024-07,1575,1132,7072.97,8006602
2024,7,1,2024-07,1576,1450,5923.84,8589568
2024,7,1,2024-07,1577,1556,7554.46,11754740
2024,7,1,2024-07,1578,717,4310.55,3090664
2024,7,1,2024-07,1579,2227,5896.8,13132174
2024,7,1,2024-07,1580,2000,6666.67,13333340
2024,7,1,2024-07,1581,1105,7198.64,7954497
2024,7,1,2024-07,1582,1033,4765.64,4922906
2024,7,1,2024-07,1583,1691,6976,11796416
2024,7,1,2024-07,1584,1571,6119.55,9613813
2024,7,1,2024-07,1585,2102,5484.42,11528251
2024,7,1,2024-07,1586,1159,4633.56,5370296
2024,7,1,2024-07,1587,1191,7135.88,8498833
2024,7,1,2024-07,1588,1537,4692.9,7212987
2024,7,1,2024-07,1589,780,5213.09,4066210
2024,7,1,2024-07,1590,2444,5225.57,12771293
2024,7,1,2024-07,1591,1790,7217.71,12919701
2024,7,1,2024-07,1592,1205,6524.4,7861902
2024,7,1,2024-07,1593,1171,6862.57,8036069
2024,7,1,2024-07,1594,951,5021.6,4775542
2024,7,1,2024-07,1595,903,6335.08,5720577
2024,7,1,2024-07,1596,1231,6165.5,7589730
2024,7,1,2024-07,1597,1437,7023.38,10092597
2024,7,1,2024-07,1598,1805,7305.85,13187059
2024,7,1,2024-07,1599,1343,4138.88,5558516
2024,7,1,2024-07,1600,1090,6494.99,7079539
2024,7,1,2024-07,1601,1871,4284.91,8017067
2024,7,1,2024-07,1602,2087,6057.94,12642921
2024,7,1,2024-07,1603,1785,5093.76,9092362
2024,7,1,2024-07,1604,2028,5173.81,10492487
2024,7,1,2024-07,1605,901,5316.15,4789851
2024,7,1,2024-07,1606,940,6433.66,6047640
2024,7,1,2024-07,1607,1829,5297.41,9688963
2024,7,1,2024-07,1608,2011,6787.12,13648898
2024,7,1,2024-07,1609,1559,5487.41,8554872
2024,7,1,2024-07,1610,1800,4327.74,7789932
2024,7,1,2024-07,1611,2185,6870.66,15012392
2024,7,1,2024-07,1612,1984,5127.2,10172365
2024,7,1,2024-07,1613,2096,5644.42,11830704
2024,7,1,2024-07,1614,2172,6487.9,14091719
2024,7,1,2024-07,1615,755,5297.83,3999862
2024,7,1,2024-07,1616,2006,4301.67,8629150
2024,7,1,2024-07,1617,894,5438,4861572
2024,7,1,2024-07,1618,2039,7517.37,15327917
2024,7,1,2024-07,1619,1424,6425.36,9149713
2024,7,1,2024-07,1620,1563,6562.24,10256781
2024,7,1,2024-07,1621,2065,6364.15,13141970
2024,7,1,2024-07,1622,1530,4840.15,7405429
2024,7,1,2024-07,1623,1886,5575.04,10514525
2024,7,1,2024-07,1624,2023,6781.98,13719946
2024,7,1,2024-07,1625,1968,4475.98,8808729
2024,7,1,2024-07,1626,2110,5058.86,10674195
2024,7,1,2024-07,1627,955,5078.4,4849872
2024,7,1,2024-07,1628,1851,5574.89,10319121
2024,7,1,2024-07,1629,1013,7649.53,7748974
2024,7,1,2024-07,1630,1539,4385.52,6749315
2024,7,1,2024-07,1631,1507,5888.02,8873246
2024,7,1,2024-07,1632,1346,4780.91,6435105
2024,7,1,2024-07,1633,1049,7602.9,7975442
2024,7,1,2024-07,1634,744,4506.91,3353141
2024,7,1,2024-07,1635,1971,5545.41,10930003
2024,7,1,2024-07,1636,1377,6752.41,9298069
2024,7,1,2024-07,1637,1484,6548.29,9717662
2024,7,1,2024-07,1638,2013,5703.01,11480159
2024,7,1,2024-07,1639,1791,5229.12,9365354
2024,7,1,2024-07,1640,1239,5443.68,6744720
2024,7,1,2024-07,1641,1448,5080.31,7356289
2024,7,1,2024-07,1642,1656,4863,8053128
2024,7,1,2024-07,1643,854,5891.74,5031546
2024,7,1,2024-07,1644,1931,5052.47,9756320
2024,7,1,2024-07,1645,1133,5073.94,5748774
2024,7,1,2024-07,1646,773,6439.38,4977641
2024,7,1,2024-07,1647,974,7590.03,7392689
2024,7,1,2024-07,1648,1696,6215.17,10540928
2024,7,1,2024-07,1649,2011,4314.59,8676640
2024,7,1,2024-07,1650,1563,4359.01,6813133
2024,7,1,2024-07,1651,1995,7457.97,14878650
2024,7,1,2024-07,1652,1115,5142.81,5734233
2024,7,1,2024-07,1653,1264,4388.75,5547380
2024,7,1,2024-07,1654,2327,6256.22,14558224
2024,7,1,2024-07,1655,1972,6297.78,12419222
2024,7,1,2024-07,1656,1673,6383.62,10679796
2024,7,1,2024-07,1657,2104,5075.46,10678768
2024,7,1,2024-07,1658,1253,4091.31,5126411
2024,7,1,2024-07,1659,1775,7498.32,13309518
2024,7,1,2024-07,1660,1940,4999.91,9699825
2024,7,1,2024-07,1661,1734,6466,11212044
2024,7,1,2024-07,1662,1722,6673.38,11491560
2024,7,1,2024-07,1663,2159,6221.82,13432909
2024,7,1,2024-07,1664,976,5201.12,5076293
2024,7,1,2024-07,1665,1284,5017.88,6442958
2024,7,1,2024-07,1666,2263,6290.91,14236329
2024,7,1,2024-07,1667,869,7137.72,6202679
2024,7,1,2024-07,1668,1976,7559.99,14938540
2024,7,1,2024-07,1669,2349,4469.8,10499560
2024,7,1,2024-07,1670,1650,4632.74,7644021
2024,7,1,2024-07,1671,2214,7372.66,16323069
2024,7,1,2024-07,1672,1729,6796.78,11751633
2024,7,1,2024-07,1673,1846,7268.55,13417743
2024,7,1,2024-07,1674,1776,4757.19,8448769
2024,7,1,2024-07,1675,591,6165.57,3643852
2024,7,1,2024-07,1676,955,6520.76,6227326
2024,7,1,2024-07,1677,2135,6484.98,13845432
2024,7,1,2024-07,1678,2141,5542.04,11865508
2024,7,1,2024-07,1679,1629,4215.95,6867783
2024,7,1,2024-07,1680,1369,6284.48,8603453
2024,7,1,2024-07,1681,729,5016.56,3657072
2024,7,1,2024-07,1682,2168,5627.73,12200919
2024,7,1,2024-07,1683,1784,7617.31,13589281
2024,7,1,2024-07,1684,1759,5434.82,9559848
2024,7,1,2024-07,1685,1867,7129.85,13311430
2024,7,1,2024-07,1686,1338,4764.6,6375035
2024,7,1,2024-07,1687,2227,6548.1,14582619
2024,7,1,2024-07,1688,1850,7547.98,13963763
2024,7,1,2024-07,1689,2133,4498.26,9594789
2024,7,1,2024-07,1690,1015,4182.29,4245024
2024,7,1,2024-07,1691,1023,5656.61,5786712
2024,7,1,2024-07,1692,1272,4419.13,5621133
2024,7,1,2024-07,1693,849,6810.12,5781792
2024,7,1,2024-07,1694,1550,7418.96,11499388
2024,7,1,2024-07,1695,1825,5618.76,10254237
2024,7,1,2024-07,1696,1873,4984.08,9335182
2024,7,1,2024-07,1697,741,5612.07,4158544
2024,7,1,2024-07,1698,2127,6573.86,13982600
2024,7,1,2024-07,1699,1951,4161.61,8119301
2024,7,1,2024-07,1700,944,6195.41,5848467
2024,7,1,2024-07,1701,1991,6268.18,12479946
2024,7,1,2024-07,1702,1050,6348.28,6665694
2024,7,1,2024-07,1703,2063,4972.63,10258536
2024,7,1,2024-07,1704,844,6611.57,5580165
2024,7,1,2024-07,1705,1187,4454.52,5287515
2024,7,1,2024-07,1706,1456,4783.02,6964077
2024,7,1,2024-07,1707,1723,7174.29,12361302
2024,7,1,2024-07,1708,1514,6756.86,10229886
2024,7,1,2024-07,1709,1073,4097.28,4396381
2024,7,1,2024-07,1710,1517,4972.49,7543267
2024,7,1,2024-07,1711,2067,4896.24,10120528
2024,7,1,2024-07,1712,1943,5058.08,9827849
2024,7,1,2024-07,1713,1094,4977.62,5445516
2024,7,1,2024-07,1714,837,4291.15,3591693
2024,7,1,2024-07,1715,1196,5736.43,6860770
2024,7,1,2024-07,1716,1620,6680.14,10821827
2024,7,1,2024-07,1717,517,6281.23,3247396
2024,7,1,2024-07,1718,817,6478.98,5293327
2024,7,1,2024-07,1719,1339,4369.02,5850118
2024,7,1,2024-07,1720,1795,7445.4,13364493
2024,7,1,2024-07,1721,1359,7109.79,9662205
2024,7,1,2024-07,1722,1952,6942.58,13551916
2024,7,1,2024-07,1723,1282,6981.84,8950719
2024,7,1,2024-07,1724,1206,7400.2,8924641
2024,7,1,2024-07,1725,2376,6070.67,14423912
2024,7,1,2024-07,1726,1429,4829.73,6901684
2024,7,1,2024-07,1727,1117,6192.8,6917358
2024,7,1,2024-07,1728,2290,6713.27,15373388
2024,7,1,2024-07,1729,850,6791.49,5772766
2024,7,1,2024-07,1730,983,6008.95,5906798
2024,7,1,2024-07,1731,2105,4275.7,9000348
2024,7,1,2024-07,1732,1410,5455.13,7691733
2024,7,1,2024-07,1733,856,7316.09,6262573
2024,7,1,2024-07,1734,2154,6140.15,13225883
2024,7,1,2024-07,1735,1973,5964.65,11768254
2024,7,1,2024-07,1736,1964,5082.13,9981303
2024,7,1,2024-07,1737,1898,5406.67,10261860
2024,7,1,2024-07,1738,680,7312.69,4972629
2024,7,1,2024-07,1739,839,6382.96,5355303
2024,7,1,2024-07,1740,2006,6943.47,13928601
2024,7,1,2024-07,1741,1539,5786.03,8904700
2024,7,1,2024-07,1742,1466,6352.45,9312692
2024,7,1,2024-07,1743,1330,5065.09,6736570
2024,7,1,2024-07,1744,1578,6649.84,10493448
2024,7,1,2024-07,1745,1172,5698.07,6678138
2024,7,1,2024-07,1746,1438,5659.87,8138893
2024,7,1,2024-07,1747,1690,6424.28,10857033
2024,7,1,2024-07,1748,2326,7405.78,17225844
2024,7,1,2024-07,1749,1329,4250.86,5649393
2024,7,1,2024-07,1750,1041,7000.75,7287781
2024,7,1,2024-07,1751,2346,5145.89,12072258
2024,7,1,2024-07,1752,1330,5618.44,7472525
2024,7,1,2024-07,1753,2121,4170.72,8846097
2024,7,1,2024-07,1754,1889,5066.18,9570014
2024,7,1,2024-07,1755,1742,5870.26,10225993
2024,7,1,2024-07,1756,2290,4299.88,9846725
2024,7,1,2024-07,1757,1210,5812.16,7032714
2024,7,1,2024-07,1758,1122,7389.4,8290907
2024,7,1,2024-07,1759,2008,4463.33,8962367
2024,7,1,2024-07,1760,784,6804.12,5334430
2024,7,1,2024-07,1761,1900,5565.47,10574393
2024,7,1,2024-07,1762,1356,6354.72,8617000
2024,7,1,2024-07,1763,2030,4964.71,10078361
2024,7,1,2024-07,1764,1679,4611.57,7742826
2024,7,1,2024-07,1765,1480,4651.66,6884457
2024,7,1,2024-07,1766,2205,4420.72,9747688
2024,7,1,2024-07,1767,2368,4777.35,11312765
2024,7,1,2024-07,1768,1536,6385.92,9808773
2024,7,1,2024-07,1769,1039,7250.43,7533197
2024,7,1,2024-07,1770,1838,6974.55,12819223
2024,7,1,2024-07,1771,1297,6517.49,8453185
2024,7,1,2024-07,1772,1717,4449.47,7639740
2024,7,1,2024-07,1773,1211,5109.04,6187047
2024,7,1,2024-07,1774,1679,5114.96,8588018
2024,7,1,2024-07,1775,1647,4975.83,8195192
2024,7,1,2024-07,1776,832,5943.6,4945075
2024,7,1,2024-07,1777,1262,5966.81,7530114
2024,7,1,2024-07,1778,1960,5339.97,10466341
2024,7,1,2024-07,1779,909,5298.97,4816764
2024,7,1,2024-07,1780,931,7032.7,6547444
2024,7,1,2024-07,1781,2218,6914.54,15336450
2024,7,1,2024-07,1782,1598,5179.69,8277145
2024,7,1,2024-07,1783,1328,7385.28,9807652
2024,7,1,2024-07,1784,909,7538.39,6852397
2024,7,1,2024-07,1785,1575,5229.42,8236336
2024,7,1,2024-07,1786,1502,5344.54,8027499
2024,7,1,2024-07,1787,1934,5846.2,11306551
2024,7,1,2024-07,1788,1542,7431.89,11459974
2024,7,1,2024-07,1789,1084,7224.14,7830968
2024,7,1,2024-07,1790,1238,4488.03,5556181
2024,7,1,2024-07,1791,1788,5487.58,9811793
2024,7,1,2024-07,1792,611,6080.5,3715186
2024,7,1,2024-07,1793,1621,5826.74,9445146
2024,7,1,2024-07,1794,1916,4791.64,9180782
2024,7,1,2024-07,1795,1853,7120.1,13193545
2024,7,1,2024-07,1796,828,6579.27,5447636
2024,7,1,2024-07,1797,1858,7166.09,13314595
2024,7,1,2024-07,1798,1308,7228.44,9454800
2024,7,1,2024-07,1799,1268,6722.65,8524320
2024,7,1,2024-07,1800,2379,5687.82,13531324
2024,7,1,2024-07,1801,1649,6159.02,10156224
2024,7,1,2024-07,1802,2056,4709.01,9681725
2024,7,1,2024-07,1803,1284,6495.25,8339901
2024,7,1,2024-07,1804,1851,4646.4,8600486
2024,7,1,2024-07,1805,1006,6596.54,6636119
2024,7,1,2024-07,1806,903,4892.92,4418307
2024,7,1,2024-07,1807,2292,4491.95,10295549
2024,7,1,2024-07,1808,1664,4702.16,7824394
2024,7,1,2024-07,1809,1512,4139.25,6258546
2024,7,1,2024-07,1810,1033,6670.17,6890286
2024,7,1,2024-07,1811,2035,6603.58,13438285
2024,7,1,2024-07,1812,1564,5941.05,9291802
2024,7,1,2024-07,1813,1968,4617.68,9087594
2024,7,1,2024-07,1814,2000,4407.61,8815220
2024,7,1,2024-07,1815,2122,4170.11,8848973
2024,7,1,2024-07,1816,1727,4665.4,8057146
2024,7,1,2024-07,1817,2130,7267.09,15478902
2024,7,1,2024-07,1818,1673,4867.69,8143645
2024,7,1,2024-07,1819,2301,5424.06,12480762
2024,7,1,2024-07,1820,1611,4475.39,7209853
2024,7,1,2024-07,1821,2342,4890.64,11453879
2024,7,1,2024-07,1822,1812,5954.62,10789771
2024,7,1,2024-07,1823,711,6176.37,4391399
2024,7,1,2024-07,1824,982,5005.21,4915116
2024,7,1,2024-07,1825,1749,4271.66,7471133
2024,7,1,2024-07,1826,743,5487.2,4076990
2024,7,1,2024-07,1827,2090,4893.91,10228272
2024,7,1,2024-07,1828,2238,4813.38,10772344
2024,7,1,2024-07,1829,2119,7492.09,15875739
2024,7,1,2024-07,1830,1569,6279.02,9851782
2024,7,1,2024-07,1831,1724,6074.44,10472335
2024,7,1,2024-07,1832,1826,5547.61,10129936
2024,7,1,2024-07,1833,2132,5612.58,11966021
2024,7,1,2024-07,1834,1793,6004.18,10765495
2024,7,1,2024-07,1835,1553,6512.42,10113788
2024,7,1,2024-07,1836,1432,6593.08,9441291
2024,7,1,2024-07,1837,2161,4695.63,10147256
2024,7,1,2024-07,1838,1275,5840.55,7446701
2024,7,1,2024-07,1839,968,5598.4,5419251
2024,7,1,2024-07,1840,1990,7196.44,14320916
2024,7,1,2024-07,1841,1318,6359.09,8381281
2024,7,1,2024-07,1842,1812,5949.03,10779642
2024,7,1,2024-07,1843,2204,4465.49,9841940
2024,7,1,2024-07,1844,1327,6237.07,8276592
2024,7,1,2024-07,1845,1561,4447.87,6943125
2024,7,1,2024-07,1846,1734,5206.53,9028123
2024,7,1,2024-07,1847,818,4655.64,3808314
2024,7,1,2024-07,1848,1003,6533.27,6552870
2024,7,1,2024-07,1849,1168,4815.03,5623955
2024,7,1,2024-07,1850,1734,5498.52,9534434
2024,7,1,2024-07,1851,1335,7278.22,9716424
2024,7,1,2024-07,1852,1113,4763.96,5302287
2024,7,1,2024-07,1853,1942,5947.32,11549695
2024,7,1,2024-07,1854,1753,5562.38,9750852
2024,7,1,2024-07,1855,1470,4177.68,6141190
2024,7,1,2024-07,1856,1819,6985.66,12706916
2024,7,1,2024-07,1857,1545,4275.11,6605045
2024,7,1,2024-07,1858,1017,5819.86,5918798
2024,7,1,2024-07,1859,1300,6097.18,7926334
2024,7,1,2024-07,1860,2071,6294.06,13034998
2024,7,1,2024-07,1861,2181,6569.53,14328145
2024,7,1,2024-07,1862,1346,4997.86,6727120
2024,7,1,2024-07,1863,1818,4095.39,7445419
2024,7,1,2024-07,1864,1692,6760.64,11439003
2024,7,1,2024-07,1865,1324,6020.48,7971116
2024,7,1,2024-07,1866,1574,7028.81,11063347
2024,7,1,2024-07,1867,1185,7040.15,8342578
2024,7,1,2024-07,1868,844,7095.6,5988686
2024,7,1,2024-07,1869,1064,5771.4,6140770
2024,7,1,2024-07,1870,2217,5270.11,11683834
2024,7,1,2024-07,1871,1452,6936.06,10071159
2024,7,1,2024-07,1872,1004,5659.76,5682399
2024,7,1,2024-07,1873,1948,4680.5,9117614
2024,7,1,2024-07,1874,1493,7083.57,10575770
2024,7,1,2024-07,1875,608,7184.54,4368200
2024,7,1,2024-07,1876,1136,5779.25,6565228
2024,7,1,2024-07,1877,2039,4376.39,8923459
2024,7,1,2024-07,1878,1403,5433.02,7622527
2024,7,1,2024-07,1879,2339,6951.77,16260190
2024,7,1,2024-07,1880,1360,7253.81,9865182
2024,7,1,2024-07,1881,914,4785.89,4374303
2024,7,1,2024-07,1882,584,4296.94,2509413
2024,7,1,2024-07,1883,2342,7238.96,16953644
2024,7,1,2024-07,1884,1403,5533.14,7762995
2024,7,1,2024-07,1885,1586,5975.88,9477746
2024,7,1,2024-07,1886,770,7512.71,5784787
2024,7,1,2024-07,1887,2316,4337.61,10045905
2024,7,1,2024-07,1888,2224,6341.46,14103407
2024,7,1,2024-07,1889,1482,4311.14,6389109
2024,7,1,2024-07,1890,1020,5468.82,5578196
2024,7,1,2024-07,1891,2088,7017.52,14652582
2024,7,1,2024-07,1892,1167,5595.86,6530369
2024,7,1,2024-07,1893,1094,7616.96,8332954
2024,7,1,2024-07,1894,1718,6117.13,10509229
2024,7,1,2024-07,1895,1686,5279.15,8900647
2024,7,1,2024-07,1896,2137,4860.83,10387594
2024,7,1,2024-07,1897,1184,5309.23,6286128
2024,7,1,2024-07,1898,2225,5442.41,12109362
2024,7,1,2024-07,1899,1731,4347.31,7525194
2024,7,1,2024-07,1900,955,5405.75,5162491
2024,7,1,2024-07,1901,1544,5828.63,8999405
2024,7,1,2024-07,1902,1386,6681.81,9260989
2024,7,1,2024-07,1903,1780,6383.34,11362345
2024,7,1,2024-07,1904,1135,6639.6,7535946
2024,7,1,2024-07,1905,672,4084.55,2744818
2024,7,1,2024-07,1906,1124,4856.46,5458661
2024,7,1,2024-07,1907,1601,6486.82,10385399
2024,7,1,2024-07,1908,1275,5855.5,7465762
2024,7,1,2024-07,1909,961,3971.8,3816900
2024,7,1,2024-07,1910,1616,6937.53,11211048
2024,7,1,2024-07,1911,2089,6827.03,14261666
2024,7,1,2024-07,1912,805,6046.98,4867819
2024,7,1,2024-07,1913,2146,4283.6,9192606
2024,7,1,2024-07,1914,1680,6814.38,11448158
2024,7,1,2024-07,1915,920,6169.86,5676271
2024,7,1,2024-07,1916,821,6807.11,5588637
2024,7,1,2024-07,1917,937,6766.83,6340520
2024,7,1,2024-07,1918,1480,7001.68,10362486
2024,7,1,2024-07,1919,877,5882.86,5159268
2024,7,1,2024-07,1920,1513,4594.12,6950904
2024,7,1,2024-07,1921,1279,6490.31,8301106
2024,7,1,2024-07,1922,2071,6224.01,12889925
2024,7,1,2024-07,1923,1007,6725.31,6772387
2024,7,1,2024-07,1924,1267,4689.93,5942141
2024,7,1,2024-07,1925,771,4839.92,3731578
2024,7,1,2024-07,1926,1451,7254.83,10526758
2024,7,1,2024-07,1927,1885,6785.91,12791440
2024,7,1,2024-07,1928,2153,7303.29,15723983
2024,7,1,2024-07,1929,851,6813.82,5798561
2024,7,1,2024-07,1930,2205,6261.82,13807313
2024,7,1,2024-07,1931,1249,6351.7,7933273
2024,7,1,2024-07,1932,2320,7273.18,16873778
2024,7,1,2024-07,1933,1628,6180.91,10062521
2024,7,1,2024-07,1934,1934,6342.6,12266588
2024,7,1,2024-07,1935,2172,4657.12,10115265
2024,7,1,2024-07,1936,1869,5815.81,10869749
2024,7,1,2024-07,1937,2043,6587.72,13458712
2024,7,1,2024-07,1938,874,5073.31,4434073
2024,7,1,2024-07,1939,1059,4863.65,5150605
2024,7,1,2024-07,1940,822,5190.04,4266213
2024,7,1,2024-07,1941,868,4922.19,4272461
2024,7,1,2024-07,1942,1307,4826.95,6308824
2024,7,1,2024-07,1943,1900,5619.89,10677791
2024,7,1,2024-07,1944,853,7398.22,6310682
2024,7,1,2024-07,1945,1743,5994.17,10447838
2024,7,1,2024-07,1946,2146,4830.05,10365287
2024,7,1,2024-07,1947,2297,4346.99,9985036
2024,7,1,2024-07,1948,870,6538.66,5688634
2024,7,1,2024-07,1949,1172,5387.16,6313752
2024,7,1,2024-07,1950,1583,7046.99,11155385
2024,7,1,2024-07,1951,1340,6578.5,8815190
2024,7,1,2024-07,1952,2043,6944.66,14187940
2024,7,1,2024-07,1953,1549,5075.39,7861779
2024,7,1,2024-07,1954,1707,6561.85,11201078
2024,7,1,2024-07,1955,697,5056.8,3524590
2024,7,1,2024-07,1956,1550,7418.28,11498334
2024,7,1,2024-07,1957,1567,6378.15,9994561
2024,7,1,2024-07,1958,1823,5234.53,9542548
2024,7,1,2024-07,1959,2010,5072.74,10196207
2024,7,1,2024-07,1960,715,4769.62,3410278
2024,7,1,2024-07,1961,1598,6595.33,10539337
2024,7,1,2024-07,1962,2167,4828.54,10463446
2024,7,1,2024-07,1963,2074,6265.67,12995000
2024,7,1,2024-07,1964,902,5077.58,4579977
2024,7,1,2024-07,1965,2031,6441.64,13082971
2024,7,1,2024-07,1966,1525,6976.89,10639757
2024,7,1,2024-07,1967,2205,6813.37,15023481
2024,7,1,2024-07,1968,1324,6756.38,8945447
2024,7,1,2024-07,1969,1014,4741.08,4807455
2024,7,1,2024-07,1970,1621,4410.31,7149113
2024,7,1,2024-07,1971,1099,6596.43,7249477
2024,7,1,2024-07,1972,1095,5483.23,6004137
2024,7,1,2024-07,1973,1595,5610.69,8949051
2024,7,1,2024-07,1974,1338,4171.14,5580985
2024,7,1,2024-07,1975,1187,5011.54,5948698
2024,7,1,2024-07,1976,1964,4166.46,8182927
2024,7,1,2024-07,1977,1035,7300.89,7556421
2024,7,1,2024-07,1978,1610,5038.53,8112033
2024,7,1,2024-07,1979,1899,6116.47,11615177
2024,7,1,2024-07,1980,1834,4268.54,7828502
2024,7,1,2024-07,1981,1457,6465.26,9419884
2024,7,1,2024-07,1982,926,5272.97,4882770
2024,7,1,2024-07,1983,1269,7355.26,9333825
2024,7,1,2024-07,1984,1008,7249.56,7307556
2024,7,1,2024-07,1985,1895,5315.27,10072437
2024,7,1,2024-07,1986,1251,7308.89,9143421
2024,7,1,2024-07,1987,1607,7646.06,12287218
2024,7,1,2024-07,1988,2068,7000.26,14476538
2024,7,1,2024-07,1989,1638,7119.26,11661348
2024,7,1,2024-07,1990,805,5028.33,4047806
2024,7,1,2024-07,1991,1796,6048.4,10862926
2024,7,1,2024-07,1992,866,4343.24,3761246
2024,7,1,2024-07,1993,1223,4459.41,5453858
2024,7,1,2024-07,1994,1578,7665.63,12096364
2024,7,1,2024-07,1995,1423,5167.08,7352755
2024,7,1,2024-07,1996,1560,6702.33,10455635
2024,7,1,2024-07,1997,2180,6969.07,15192573
2024,7,1,2024-07,1998,2201,7081.08,15585457
2024,7,1,2024-07,1999,1192,7776.58,9269683
2024,7,1,2024-07,2000,1628,5009.46,8155401
2024,7,1,2024-07,2001,845,4184.91,3536249
2024,7,1,2024-07,2002,1608,5597.36,9000555
2024,7,1,2024-07,2003,1240,4582.68,5682523
2024,7,1,2024-07,2004,1071,4151.13,4445860
2024,7,1,2024-07,2005,2206,5420.7,11958064
2024,7,1,2024-07,2006,1841,6796.77,12512854
2024,7,1,2024-07,2007,1748,6097.07,10657678
2024,7,1,2024-07,2008,1270,5182.52,6581800
2024,7,1,2024-07,2009,1114,6508.69,7250681
2024,7,1,2024-07,2010,2156,4873.94,10508215
2024,7,1,2024-07,2011,1742,4169.51,7263286
2024,7,1,2024-07,2012,1323,6790.38,8983673
2024,7,1,2024-07,2013,1449,6366.18,9224595
2024,7,1,2024-07,2014,2169,6794.56,14737401
2024,7,1,2024-07,2015,792,4171.86,3304113
2024,7,1,2024-07,2016,2205,7080.26,15611973
2024,7,1,2024-07,2017,1560,6341.24,9892334
2024,7,1,2024-07,2018,1984,6126.02,12154024
2024,7,1,2024-07,2019,2045,6254.29,12790023
2024,7,1,2024-07,2020,1347,7107.39,9573654
2024,7,1,2024-07,2021,770,6157.74,4741460
2024,7,1,2024-07,2022,1585,6120.96,9701722
2024,7,1,2024-07,2023,1534,7590.29,11643505
2024,7,1,2024-07,2024,1426,6773.29,9658712
2024,7,1,2024-07,2025,968,5695.95,5513680
2024,7,1,2024-07,2026,1609,6605.16,10627702
2024,7,1,2024-07,2027,1442,5426.19,7824566
2024,7,1,2024-07,2028,2007,4864.64,9763332
2024,7,1,2024-07,2029,1763,6242.14,11004893
2024,7,1,2024-07,2030,1308,7402.33,9682248
2024,7,1,2024-07,2031,1135,7378.72,8374847
2024,7,1,2024-07,2032,815,5338.64,4350992
2024,7,1,2024-07,2033,1517,6011.04,9118748
2024,7,1,2024-07,2034,1426,4878.7,6957026
2024,7,1,2024-07,2035,1662,7644.05,12704411
2024,7,1,2024-07,2036,1989,7556.19,15029262
2024,7,1,2024-07,2037,1217,6400.37,7789250
2024,7,1,2024-07,2038,1062,6932.68,7362506
2024,7,1,2024-07,2039,1044,6526.64,6813812
2024,7,1,2024-07,2040,785,6198.33,4865689
2024,7,1,2024-07,2041,1332,4181.35,5569558
2024,7,1,2024-07,2042,1258,5681.25,7147012
2024,7,1,2024-07,2043,1791,6474.71,11596206
2024,7,1,2024-07,2044,1035,6580.27,6810579
2024,7,1,2024-07,2045,1570,5368.53,8428592
2024,7,1,2024-07,2046,1900,7466.15,14185685
2024,7,1,2024-07,2047,1647,4671.65,7694208
2024,7,1,2024-07,2048,1007,5897.75,5939034
2024,7,1,2024-07,2049,574,6528.68,3747462
2024,7,1,2024-07,2050,2040,6509.84,13280074
2024,7,1,2024-07,2051,2190,6412.22,14042762
2024,7,1,2024-07,2052,898,5072.71,4555294
2024,7,1,2024-07,2053,2350,4654.43,10937910
2024,7,1,2024-07,2054,2173,6348.49,13795269
2024,7,1,2024-07,2055,1458,6214.92,9061353
2024,7,1,2024-07,2056,901,4764.98,4293247
2024,7,1,2024-07,2057,1774,6641.57,11782145
2024,7,1,2024-07,2058,2081,5679.19,11818394
2024,7,1,2024-07,2059,1024,6469.13,6624389
2024,7,1,2024-07,2060,2195,7028.4,15427338
2024,7,1,2024-07,2061,1959,4719.9,9246284
2024,7,1,2024-07,2062,1425,4176.5,5951512
2024,7,1,2024-07,2063,854,6937.78,5924864
2024,7,1,2024-07,2064,1407,6301.27,8865887
2024,7,1,2024-07,2065,1660,6597.88,10952481
2024,7,1,2024-07,2066,1771,7201.38,12753644
2024,7,1,2024-07,2067,2236,6974.51,15595004
2024,7,1,2024-07,2068,1904,7549.45,14374153
2024,7,1,2024-07,2069,1022,5922.8,6053102
2024,7,1,2024-07,2070,2243,5871.12,13168922
2024,7,1,2024-07,2071,1825,5633.52,10281174
2024,7,1,2024-07,2072,1315,4649.87,6114579
2024,7,1,2024-07,2073,1115,6170.72,6880353
2024,7,1,2024-07,2074,1485,5128.02,7615110
2024,7,1,2024-07,2075,1835,7463.84,13696146
2024,7,1,2024-07,2076,2179,6200.72,13511369
2024,7,1,2024-07,2077,2020,6136.61,12395952
2024,7,1,2024-07,2078,1953,5367.1,10481946
2024,7,1,2024-07,2079,1751,4308.16,7543588
2024,7,1,2024-07,2080,1786,4232.17,7558656
2024,7,1,2024-07,2081,835,5594.64,4671524
2024,7,1,2024-07,2082,966,4373.17,4224482
2024,7,1,2024-07,2083,1158,6241.65,7227831
2024,7,1,2024-07,2084,2176,7231.75,15736288
2024,8,1,2024-08,1,1949,7178.91,13991696
2024,8,1,2024-08,2,2199,4839.31,10641643
2024,8,1,2024-08,3,1485,4520.74,6713299
2024,8,1,2024-08,4,2124,5114.83,10863899
2024,8,1,2024-08,5,1874,4313.04,8082637
2024,8,1,2024-08,6,2065,6029.62,12451165
2024,8,1,2024-08,7,1928,7448.56,14360824
2024,8,1,2024-08,8,900,4182.92,3764628
2024,8,1,2024-08,9,1127,4488.02,5057999
2024,8,1,2024-08,10,1859,5786.68,10757438
2024,8,1,2024-08,11,1077,7386.9,7955691
2024,8,1,2024-08,12,2292,5241.69,12013953
2024,8,1,2024-08,13,615,5924.19,3643377
2024,8,1,2024-08,14,2242,4256.63,9543364
2024,8,1,2024-08,15,1907,4679.11,8923063
2024,8,1,2024-08,16,1319,7601.42,10026273
2024,8,1,2024-08,17,766,7544.02,5778719
2024,8,1,2024-08,18,2024,4104.99,8308500
2024,8,1,2024-08,19,1387,7403.99,10269334
2024,8,1,2024-08,20,1136,6353.67,7217769
2024,8,1,2024-08,21,2442,7253.95,17714146
2024,8,1,2024-08,22,1626,5819.71,9462848
2024,8,1,2024-08,23,1210,5989,7246690
2024,8,1,2024-08,24,1904,5868.07,11172805
2024,8,1,2024-08,25,1788,6425.22,11488293
2024,8,1,2024-08,26,998,4610.35,4601129
2024,8,1,2024-08,27,1965,4214.28,8281060
2024,8,1,2024-08,28,1138,5309.05,6041699
2024,8,1,2024-08,29,1934,6543.72,12655554
2024,8,1,2024-08,30,865,4768.12,4124424
2024,8,1,2024-08,31,1015,6565.13,6663607
2024,8,1,2024-08,32,1483,7640.19,11330402
2024,8,1,2024-08,33,1843,4453.33,8207487
2024,8,1,2024-08,34,1107,6491.2,7185758
2024,8,1,2024-08,35,1935,5715.13,11058777
2024,8,1,2024-08,36,1510,7304.8,11030248
2024,8,1,2024-08,37,2342,4706.94,11023653
2024,8,1,2024-08,38,1321,6600.16,8718811
2024,8,1,2024-08,39,1865,7090.34,13223484
2024,8,1,2024-08,40,864,7496.86,6477287
2024,8,1,2024-08,41,1655,6580.73,10891108
2024,8,1,2024-08,42,1338,5853.97,7832612
2024,8,1,2024-08,43,1924,6355.97,12228886
2024,8,1,2024-08,44,1269,7187.37,9120773
2024,8,1,2024-08,45,1941,6168.7,11973447
2024,8,1,2024-08,46,1747,4123.9,7204453
2024,8,1,2024-08,47,1743,7465.71,13012733
2024,8,1,2024-08,48,1413,6528.21,9224361
2024,8,1,2024-08,49,672,6499.12,4367409
2024,8,1,2024-08,50,1680,4772.27,8017414
2024,8,1,2024-08,51,855,6448.46,5513433
2024,8,1,2024-08,52,1913,5570.74,10656826
2024,8,1,2024-08,53,1153,6360.73,7333922
2024,8,1,2024-08,54,1302,4492.56,5849313
2024,8,1,2024-08,55,1162,6363.06,7393876
2024,8,1,2024-08,56,755,7669.42,5790412
2024,8,1,2024-08,57,1241,4313.68,5353277
2024,8,1,2024-08,58,1473,7591.77,11182677
2024,8,1,2024-08,59,2298,5592.73,12852094
2024,8,1,2024-08,60,1278,7193.53,9193331
2024,8,1,2024-08,61,1652,7016.46,11591192
2024,8,1,2024-08,62,2242,6179.63,13854730
2024,8,1,2024-08,63,715,6752.49,4828030
2024,8,1,2024-08,64,2321,7320.92,16991855
2024,8,1,2024-08,65,1810,5610.47,10154951
2024,8,1,2024-08,66,2365,5247.82,12411094
2024,8,1,2024-08,67,2355,6512.25,15336349
2024,8,1,2024-08,68,1331,6977.88,9287558
2024,8,1,2024-08,69,1621,6869.63,11135670
2024,8,1,2024-08,70,927,7026.06,6513158
2024,8,1,2024-08,71,947,5593.54,5297082
2024,8,1,2024-08,72,1860,7032.28,13080041
2024,8,1,2024-08,73,2259,4598.3,10387560
2024,8,1,2024-08,74,1811,6083.76,11017689
2024,8,1,2024-08,75,1907,4142.5,7899748
2024,8,1,2024-08,76,2427,5311.64,12891350
2024,8,1,2024-08,77,1207,5352.79,6460818
2024,8,1,2024-08,78,1919,5544.79,10640452
2024,8,1,2024-08,79,2166,6644.89,14392832
2024,8,1,2024-08,80,1438,5517.62,7934338
2024,8,1,2024-08,81,1132,5652.14,6398222
2024,8,1,2024-08,82,1445,4935.07,7131176
2024,8,1,2024-08,83,1009,5437.76,5486700
2024,8,1,2024-08,84,985,4878.43,4805254
2024,8,1,2024-08,85,1696,4323.83,7333216
2024,8,1,2024-08,86,1122,6282.46,7048920
2024,8,1,2024-08,87,1567,6566.06,10289016
2024,8,1,2024-08,88,2015,6232.88,12559253
2024,8,1,2024-08,89,1084,5738.2,6220209
2024,8,1,2024-08,90,2102,5428.12,11409908
2024,8,1,2024-08,91,2003,7257.15,14536071
2024,8,1,2024-08,92,1797,5991.24,10766258
2024,8,1,2024-08,93,1151,5878.65,6766326
2024,8,1,2024-08,94,1236,4234.21,5233484
2024,8,1,2024-08,95,1307,5375.99,7026419
2024,8,1,2024-08,96,1554,5475,8508150
2024,8,1,2024-08,97,1806,5550.11,10023499
2024,8,1,2024-08,98,1514,6200.75,9387936
2024,8,1,2024-08,99,882,6012.11,5302681
2024,8,1,2024-08,100,1490,6276.52,9352015
2024,8,1,2024-08,101,899,6858.96,6166205
2024,8,1,2024-08,102,1109,7029.81,7796059
2024,8,1,2024-08,103,1435,6679.9,9585656
2024,8,1,2024-08,104,1752,7527.37,13187952
2024,8,1,2024-08,105,2181,4199.89,9159960
2024,8,1,2024-08,106,813,4796.95,3899920
2024,8,1,2024-08,107,613,4074.78,2497840
2024,8,1,2024-08,108,1174,6427.04,7545345
2024,8,1,2024-08,109,2041,7273.25,14844703
2024,8,1,2024-08,110,1929,5020,9683580
2024,8,1,2024-08,111,1564,7390.96,11559461
2024,8,1,2024-08,112,2386,4295.64,10249397
2024,8,1,2024-08,113,1741,7462.51,12992230
2024,8,1,2024-08,114,2088,5359.4,11190427
2024,8,1,2024-08,115,1224,4518.52,5530668
2024,8,1,2024-08,116,1033,5830.54,6022948
2024,8,1,2024-08,117,1294,5007.56,6479783
2024,8,1,2024-08,118,1156,5086.91,5880468
2024,8,1,2024-08,119,1224,5148.07,6301238
2024,8,1,2024-08,120,975,6950.28,6776523
2024,8,1,2024-08,121,1782,6049.01,10779336
2024,8,1,2024-08,122,634,5273.54,3343424
2024,8,1,2024-08,123,1825,6323.28,11539986
2024,8,1,2024-08,124,792,6637.67,5257035
2024,8,1,2024-08,125,920,5084.76,4677979
2024,8,1,2024-08,126,1819,5582.62,10154786
2024,8,1,2024-08,127,1738,4590.62,7978498
2024,8,1,2024-08,128,1698,4809.58,8166667
2024,8,1,2024-08,129,1996,6450.47,12875138
2024,8,1,2024-08,130,1416,4814.12,6816794
2024,8,1,2024-08,131,1328,5909.81,7848228
2024,8,1,2024-08,132,1512,6650.22,10055133
2024,8,1,2024-08,133,822,4390.77,3609213
2024,8,1,2024-08,134,1292,6176.85,7980490
2024,8,1,2024-08,135,1674,5004.8,8378035
2024,8,1,2024-08,136,1747,7576.15,13235534
2024,8,1,2024-08,137,1205,5818.67,7011497
2024,8,1,2024-08,138,2476,7028.29,17402046
2024,8,1,2024-08,139,1320,5995.05,7913466
2024,8,1,2024-08,140,1755,4285.34,7520772
2024,8,1,2024-08,141,1898,6385.32,12119337
2024,8,1,2024-08,142,1110,7521.38,8348732
2024,8,1,2024-08,143,1577,6276.9,9898671
2024,8,1,2024-08,144,1063,7082.83,7529048
2024,8,1,2024-08,145,1455,7308.64,10634071
2024,8,1,2024-08,146,1678,4854.67,8146136
2024,8,1,2024-08,147,1201,4866.02,5844090
2024,8,1,2024-08,148,1162,6303.28,7324411
2024,8,1,2024-08,149,1768,5569.36,9846628
2024,8,1,2024-08,150,1665,7112.64,11842546
2024,8,1,2024-08,151,2302,7342.3,16901975
2024,8,1,2024-08,152,1648,5400.43,8899909
2024,8,1,2024-08,153,1535,4975.29,7637070
2024,8,1,2024-08,154,2009,6932.39,13927172
2024,8,1,2024-08,155,1102,5173.88,5701616
2024,8,1,2024-08,156,1829,7034.68,12866430
2024,8,1,2024-08,157,901,5611.75,5056187
2024,8,1,2024-08,158,1196,6521.2,7799355
2024,8,1,2024-08,159,2519,4444.07,11194612
2024,8,1,2024-08,160,915,6318.1,5781062
2024,8,1,2024-08,161,1436,5697.55,8181682
2024,8,1,2024-08,162,2028,6228.42,12631236
2024,8,1,2024-08,163,1323,4723.78,6249561
2024,8,1,2024-08,164,1646,6821.38,11227991
2024,8,1,2024-08,165,1374,7141.58,9812531
2024,8,1,2024-08,166,1909,4832.61,9225452
2024,8,1,2024-08,167,2199,4447.9,9780932
2024,8,1,2024-08,168,1935,4151.9,8033926
2024,8,1,2024-08,169,1305,6317.95,8244925
2024,8,1,2024-08,170,1594,6254.42,9969545
2024,8,1,2024-08,171,1246,6154.78,7668856
2024,8,1,2024-08,172,1625,5043.92,8196370
2024,8,1,2024-08,173,1240,5524.78,6850727
2024,8,1,2024-08,174,1589,6178.17,9817112
2024,8,1,2024-08,175,2045,5843.74,11950448
2024,8,1,2024-08,176,2134,7638.76,16301114
2024,8,1,2024-08,177,2233,4567.84,10199987
2024,8,1,2024-08,178,2196,6595.58,14483894
2024,8,1,2024-08,179,2240,5550.3,12432672
2024,8,1,2024-08,180,1838,5578.64,10253540
2024,8,1,2024-08,181,950,6666.31,6332994
2024,8,1,2024-08,182,2128,6599.38,14043481
2024,8,1,2024-08,183,2252,7630.18,17183165
2024,8,1,2024-08,184,2148,4604.35,9890144
2024,8,1,2024-08,185,2028,4477.43,9080228
2024,8,1,2024-08,186,1314,6686.75,8786390
2024,8,1,2024-08,187,1306,6173.53,8062630
2024,8,1,2024-08,188,1750,5058.6,8852550
2024,8,1,2024-08,189,2048,4404.9,9021235
2024,8,1,2024-08,190,2231,4370.36,9750273
2024,8,1,2024-08,191,1354,7407.43,10029660
2024,8,1,2024-08,192,2268,4880.01,11067863
2024,8,1,2024-08,193,2220,5255.44,11667077
2024,8,1,2024-08,194,1346,4938.73,6647531
2024,8,1,2024-08,195,1100,5399.1,5939010
2024,8,1,2024-08,196,1924,4377.66,8422618
2024,8,1,2024-08,197,2184,5989.44,13080937
2024,8,1,2024-08,198,1494,4378.46,6541419
2024,8,1,2024-08,199,1488,6995.62,10409483
2024,8,1,2024-08,200,2178,4902.97,10678669
2024,8,1,2024-08,201,2249,6053.56,13614456
2024,8,1,2024-08,202,1953,7215.97,14092789
2024,8,1,2024-08,203,1815,6453.49,11713084
2024,8,1,2024-08,204,1008,6050.44,6098844
2024,8,1,2024-08,205,1330,5279.23,7021376
2024,8,1,2024-08,206,2160,5327.03,11506385
2024,8,1,2024-08,207,2052,6506.37,13351071
2024,8,1,2024-08,208,2358,7740.53,18252170
2024,8,1,2024-08,209,1726,6487.62,11197632
2024,8,1,2024-08,210,1825,6055.74,11051726
2024,8,1,2024-08,211,1780,6693.3,11914074
2024,8,1,2024-08,212,1589,5785.61,9193334
2024,8,1,2024-08,213,941,4376.78,4118550
2024,8,1,2024-08,214,1052,6131.3,6450128
2024,8,1,2024-08,215,1325,7536.91,9986406
2024,8,1,2024-08,216,693,4679.17,3242665
2024,8,1,2024-08,217,1394,6655.18,9277321
2024,8,1,2024-08,218,2006,4761.37,9551308
2024,8,1,2024-08,219,1152,5949.02,6853271
2024,8,1,2024-08,220,2130,4427.18,9429893
2024,8,1,2024-08,221,1976,5739.68,11341608
2024,8,1,2024-08,222,1959,6788.4,13298476
2024,8,1,2024-08,223,1561,5317.71,8300945
2024,8,1,2024-08,224,2225,6443.12,14335942
2024,8,1,2024-08,225,888,7026.43,6239470
2024,8,1,2024-08,226,1701,7432.97,12643482
2024,8,1,2024-08,227,2420,4981.98,12056392
2024,8,1,2024-08,228,871,5623.04,4897668
2024,8,1,2024-08,229,1848,4738.78,8757265
2024,8,1,2024-08,230,999,7610.96,7603349
2024,8,1,2024-08,231,1188,7428.49,8825046
2024,8,1,2024-08,232,1566,6068.77,9503694
2024,8,1,2024-08,233,1244,7118.32,8855190
2024,8,1,2024-08,234,808,5935,4795480
2024,8,1,2024-08,235,1626,6212.37,10101314
2024,8,1,2024-08,236,983,4481.9,4405708
2024,8,1,2024-08,237,1995,6886.39,13738348
2024,8,1,2024-08,238,1508,4592.47,6925445
2024,8,1,2024-08,239,824,7055.29,5813559
2024,8,1,2024-08,240,1392,6874.01,9568622
2024,8,1,2024-08,241,2094,6642.69,13909793
2024,8,1,2024-08,242,2069,4292.07,8880293
2024,8,1,2024-08,243,1103,5211.35,5748119
2024,8,1,2024-08,244,1907,4945.51,9431088
2024,8,1,2024-08,245,1123,5462.53,6134421
2024,8,1,2024-08,246,2264,4446.58,10067057
2024,8,1,2024-08,247,1450,7404.61,10736684
2024,8,1,2024-08,248,1579,6109.46,9646837
2024,8,1,2024-08,249,1650,5204.46,8587359
2024,8,1,2024-08,250,1180,5531.31,6526946
2024,8,1,2024-08,251,2129,5656.32,12042305
2024,8,1,2024-08,252,942,6238.4,5876573
2024,8,1,2024-08,253,2012,5873.99,11818468
2024,8,1,2024-08,254,1670,7445.22,12433517
2024,8,1,2024-08,255,1274,5841.04,7441485
2024,8,1,2024-08,256,1678,7700.73,12921825
2024,8,1,2024-08,257,1496,7174.67,10733306
2024,8,1,2024-08,258,1218,4830.4,5883427
2024,8,1,2024-08,259,1646,7396.42,12174507
2024,8,1,2024-08,260,1502,4528.17,6801311
2024,8,1,2024-08,261,1467,7074.36,10378086
2024,8,1,2024-08,262,781,5500.2,4295656
2024,8,1,2024-08,263,2145,7267.39,15588552
2024,8,1,2024-08,264,2117,7199.15,15240601
2024,8,1,2024-08,265,1043,7021.06,7322966
2024,8,1,2024-08,266,818,6858.08,5609909
2024,8,1,2024-08,267,1177,5203.16,6124119
2024,8,1,2024-08,268,1371,4392.4,6021980
2024,8,1,2024-08,269,1921,5488.5,10543408
2024,8,1,2024-08,270,1568,4707.39,7381188
2024,8,1,2024-08,271,631,6663.69,4204788
2024,8,1,2024-08,272,1642,5365.88,8810775
2024,8,1,2024-08,273,2095,7633.32,15991805
2024,8,1,2024-08,274,889,6374.46,5666895
2024,8,1,2024-08,275,1216,6967.95,8473027
2024,8,1,2024-08,276,1757,4644.07,8159631
2024,8,1,2024-08,277,2192,7151.92,15677009
2024,8,1,2024-08,278,1781,7387.24,13156674
2024,8,1,2024-08,279,786,5783.51,4545839
2024,8,1,2024-08,280,1890,6333.05,11969464
2024,8,1,2024-08,281,1966,6852.2,13471425
2024,8,1,2024-08,282,1484,4721.89,7007285
2024,8,1,2024-08,283,1058,5927.24,6271020
2024,8,1,2024-08,284,1749,5511.47,9639561
2024,8,1,2024-08,285,1149,4598.83,5284056
2024,8,1,2024-08,286,1014,5363.67,5438761
2024,8,1,2024-08,287,809,4287.51,3468596
2024,8,1,2024-08,288,1905,4243.15,8083201
2024,8,1,2024-08,289,1546,4643.02,7178109
2024,8,1,2024-08,290,1244,7470.08,9292780
2024,8,1,2024-08,291,2093,6065.26,12694589
2024,8,1,2024-08,292,2111,7560.81,15960870
2024,8,1,2024-08,293,720,5619.85,4046292
2024,8,1,2024-08,294,1046,5180.92,5419242
2024,8,1,2024-08,295,1997,5916.99,11816229
2024,8,1,2024-08,296,2032,5642.83,11466231
2024,8,1,2024-08,297,1318,4481.92,5907171
2024,8,1,2024-08,298,2333,6345.4,14803818
2024,8,1,2024-08,299,627,4848.86,3040235
2024,8,1,2024-08,300,960,6305.62,6053395
2024,8,1,2024-08,301,1833,6412.5,11754112
2024,8,1,2024-08,302,1658,4697.82,7788986
2024,8,1,2024-08,303,968,4297.18,4159670
2024,8,1,2024-08,304,1401,6936.78,9718429
2024,8,1,2024-08,305,2086,5612.82,11708343
2024,8,1,2024-08,306,1740,4310.73,7500670
2024,8,1,2024-08,307,737,7565.65,5575884
2024,8,1,2024-08,308,1611,4364.77,7031644
2024,8,1,2024-08,309,1144,6678.95,7640719
2024,8,1,2024-08,310,2276,7618.28,17339205
2024,8,1,2024-08,311,1484,5035.39,7472519
2024,8,1,2024-08,312,2250,4575.43,10294718
2024,8,1,2024-08,313,2080,4580.9,9528272
2024,8,1,2024-08,314,2055,5225.12,10737622
2024,8,1,2024-08,315,1130,4457.07,5036489
2024,8,1,2024-08,316,1357,6577.16,8925206
2024,8,1,2024-08,317,1794,4340.35,7786588
2024,8,1,2024-08,318,1387,5933.42,8229654
2024,8,1,2024-08,319,1127,7681.94,8657546
2024,8,1,2024-08,320,1862,7109.37,13237647
2024,8,1,2024-08,321,1347,6392.66,8610913
2024,8,1,2024-08,322,2275,5235.89,11911650
2024,8,1,2024-08,323,1847,6426.53,11869801
2024,8,1,2024-08,324,1535,5937.85,9114600
2024,8,1,2024-08,325,584,5663.23,3307326
2024,8,1,2024-08,326,1055,4608.83,4862316
2024,8,1,2024-08,327,2178,7254.28,15799822
2024,8,1,2024-08,328,1174,5807.96,6818545
2024,8,1,2024-08,329,1314,4871.35,6400954
2024,8,1,2024-08,330,2072,5441.74,11275285
2024,8,1,2024-08,331,850,5551.55,4718818
2024,8,1,2024-08,332,1020,6992.49,7132340
2024,8,1,2024-08,333,1977,6679.29,13204956
2024,8,1,2024-08,334,1652,6927.14,11443635
2024,8,1,2024-08,335,947,4129.83,3910949
2024,8,1,2024-08,336,1447,5642.56,8164784
2024,8,1,2024-08,337,1820,5840.21,10629182
2024,8,1,2024-08,338,1227,4080.18,5006381
2024,8,1,2024-08,339,1806,5019.92,9065976
2024,8,1,2024-08,340,1672,6778.05,11332900
2024,8,1,2024-08,341,1280,4630.39,5926899
2024,8,1,2024-08,342,1187,6056.68,7189279
2024,8,1,2024-08,343,1863,4863.83,9061315
2024,8,1,2024-08,344,1791,4215.34,7549674
2024,8,1,2024-08,345,790,5013.8,3960902
2024,8,1,2024-08,346,2221,7572.74,16819056
2024,8,1,2024-08,347,1997,6993.2,13965420
2024,8,1,2024-08,348,916,7498.09,6868250
2024,8,1,2024-08,349,1057,5831.92,6164339
2024,8,1,2024-08,350,1779,4522.47,8045474
2024,8,1,2024-08,351,1938,6064.59,11753175
2024,8,1,2024-08,352,1544,5663.59,8744583
2024,8,1,2024-08,353,608,7140.49,4341418
2024,8,1,2024-08,354,1774,4439.04,7874857
2024,8,1,2024-08,355,1006,5812.56,5847435
2024,8,1,2024-08,356,2372,4589.91,10887267
2024,8,1,2024-08,357,1276,5254.88,6705227
2024,8,1,2024-08,358,878,6750.63,5927053
2024,8,1,2024-08,359,884,5794.33,5122188
2024,8,1,2024-08,360,1371,5460.47,7486304
2024,8,1,2024-08,361,1823,5501.38,10029016
2024,8,1,2024-08,362,1371,5772.07,7913508
2024,8,1,2024-08,363,1667,6902.96,11507234
2024,8,1,2024-08,364,1823,7218.8,13159872
2024,8,1,2024-08,365,819,7464.59,6113499
2024,8,1,2024-08,366,888,6892.65,6120673
2024,8,1,2024-08,367,1711,5287.15,9046314
2024,8,1,2024-08,368,1785,6520.17,11638503
2024,8,1,2024-08,369,1810,5685.05,10289940
2024,8,1,2024-08,370,1964,5031.57,9882003
2024,8,1,2024-08,371,2138,7054.53,15082585
2024,8,1,2024-08,372,926,4227.92,3915054
2024,8,1,2024-08,373,927,7333.96,6798581
2024,8,1,2024-08,374,1403,5740.15,8053430
2024,8,1,2024-08,375,1341,6406.55,8591184
2024,8,1,2024-08,376,2127,6484.05,13791574
2024,8,1,2024-08,377,1428,7312.78,10442650
2024,8,1,2024-08,378,1241,6420.44,7967766
2024,8,1,2024-08,379,2142,6297.68,13489631
2024,8,1,2024-08,380,1566,4346.09,6805977
2024,8,1,2024-08,381,1748,5969.01,10433829
2024,8,1,2024-08,382,779,4590.19,3575758
2024,8,1,2024-08,383,1228,6765.54,8308083
2024,8,1,2024-08,384,2085,5906.57,12315198
2024,8,1,2024-08,385,1610,6525.3,10505733
2024,8,1,2024-08,386,1872,4276.28,8005196
2024,8,1,2024-08,387,2224,4425.96,9843335
2024,8,1,2024-08,388,933,6600.01,6157809
2024,8,1,2024-08,389,2060,4296.88,8851573
2024,8,1,2024-08,390,1878,4312.63,8099119
2024,8,1,2024-08,391,2190,4155.02,9099494
2024,8,1,2024-08,392,1409,7581.53,10682376
2024,8,1,2024-08,393,1393,6718.03,9358216
2024,8,1,2024-08,394,1412,5323.38,7516613
2024,8,1,2024-08,395,1319,5120.79,6754322
2024,8,1,2024-08,396,1188,5372.74,6382815
2024,8,1,2024-08,397,1668,6920.9,11544061
2024,8,1,2024-08,398,1714,6513.26,11163728
2024,8,1,2024-08,399,723,4734.48,3423029
2024,8,1,2024-08,400,1478,4656.93,6882943
2024,8,1,2024-08,401,757,4458.26,3374903
2024,8,1,2024-08,402,1155,6530.33,7542531
2024,8,1,2024-08,403,1169,6855.19,8013717
2024,8,1,2024-08,404,1226,4989.27,6116845
2024,8,1,2024-08,405,1177,4174.53,4913422
2024,8,1,2024-08,406,1811,4351.05,7879752
2024,8,1,2024-08,407,1219,7578.19,9237814
2024,8,1,2024-08,408,2000,5157.13,10314260
2024,8,1,2024-08,409,1962,6840.83,13421708
2024,8,1,2024-08,410,2337,6307.83,14741399
2024,8,1,2024-08,411,1611,5487.5,8840362
2024,8,1,2024-08,412,1381,4891.85,6755645
2024,8,1,2024-08,413,1834,4609.52,8453860
2024,8,1,2024-08,414,825,6320.31,5214256
2024,8,1,2024-08,415,1431,6929.63,9916301
2024,8,1,2024-08,416,1945,6359.51,12369247
2024,8,1,2024-08,417,1876,5983.73,11225477
2024,8,1,2024-08,418,902,4209.54,3797005
2024,8,1,2024-08,419,1123,7543.62,8471485
2024,8,1,2024-08,420,1358,6912.39,9387026
2024,8,1,2024-08,421,2033,5222.97,10618298
2024,8,1,2024-08,422,1232,7589.87,9350720
2024,8,1,2024-08,423,1298,6248.39,8110410
2024,8,1,2024-08,424,1643,6115.61,10047947
2024,8,1,2024-08,425,1856,6687.15,12411350
2024,8,1,2024-08,426,2079,7081.72,14722896
2024,8,1,2024-08,427,1142,6439.22,7353589
2024,8,1,2024-08,428,1223,4663.92,5703974
2024,8,1,2024-08,429,1843,5305.41,9777871
2024,8,1,2024-08,430,946,7365.15,6967432
2024,8,1,2024-08,431,1980,4906.78,9715424
2024,8,1,2024-08,432,1881,5436.72,10226470
2024,8,1,2024-08,433,822,5654.06,4647637
2024,8,1,2024-08,434,1811,5670.68,10269601
2024,8,1,2024-08,435,2105,6226.18,13106109
2024,8,1,2024-08,436,1814,7405.66,13433867
2024,8,1,2024-08,437,1599,5015.65,8020024
2024,8,1,2024-08,438,1740,4625.63,8048596
2024,8,1,2024-08,439,1635,4795.81,7841149
2024,8,1,2024-08,440,2125,7191.63,15282214
2024,8,1,2024-08,441,798,6465.99,5159860
2024,8,1,2024-08,442,1636,5086.81,8322021
2024,8,1,2024-08,443,1581,7035.81,11123616
2024,8,1,2024-08,444,1599,7158.99,11447225
2024,8,1,2024-08,445,1557,7107.22,11065942
2024,8,1,2024-08,446,1057,7349.54,7768464
2024,8,1,2024-08,447,1233,5067.43,6248141
2024,8,1,2024-08,448,1465,6822.74,9995314
2024,8,1,2024-08,449,1589,5764.26,9159409
2024,8,1,2024-08,450,1524,7115.02,10843290
2024,8,1,2024-08,451,954,6724.79,6415450
2024,8,1,2024-08,452,1625,6825.62,11091632
2024,8,1,2024-08,453,2118,6472.36,13708458
2024,8,1,2024-08,454,2282,4791.5,10934203
2024,8,1,2024-08,455,1624,6061.35,9843632
2024,8,1,2024-08,456,2086,7662.43,15983829
2024,8,1,2024-08,457,1015,7436.1,7547642
2024,8,1,2024-08,458,1636,4275.46,6994653
2024,8,1,2024-08,459,1768,4674.56,8264622
2024,8,1,2024-08,460,2244,4499.56,10097013
2024,8,1,2024-08,461,1583,6687.9,10586946
2024,8,1,2024-08,462,1940,7077.4,13730156
2024,8,1,2024-08,463,1413,4806.06,6790963
2024,8,1,2024-08,464,1194,5984.84,7145899
2024,8,1,2024-08,465,1651,7083.86,11695453
2024,8,1,2024-08,466,1806,6748.19,12187231
2024,8,1,2024-08,467,1934,6109.81,11816373
2024,8,1,2024-08,468,1447,6295.76,9109965
2024,8,1,2024-08,469,1199,5992.73,7185283
2024,8,1,2024-08,470,1930,5132.44,9905609
2024,8,1,2024-08,471,1796,6174.43,11089276
2024,8,1,2024-08,472,2093,6539.14,13686420
2024,8,1,2024-08,473,2235,7183.05,16054117
2024,8,1,2024-08,474,1527,6351.39,9698573
2024,8,1,2024-08,475,2354,6881.04,16197968
2024,8,1,2024-08,476,1380,4653.87,6422341
2024,8,1,2024-08,477,1621,5717.97,9268829
2024,8,1,2024-08,478,1701,4208.1,7157978
2024,8,1,2024-08,479,1070,4978.56,5327059
2024,8,1,2024-08,480,1742,6729.62,11722998
2024,8,1,2024-08,481,789,7606.64,6001639
2024,8,1,2024-08,482,2329,4439.5,10339596
2024,8,1,2024-08,483,1780,5529.16,9841905
2024,8,1,2024-08,484,1795,6937.36,12452561
2024,8,1,2024-08,485,1493,4828.55,7209025
2024,8,1,2024-08,486,2287,6047.43,13830472
2024,8,1,2024-08,487,2049,6720.43,13770161
2024,8,1,2024-08,488,1920,6356.48,12204442
2024,8,1,2024-08,489,1901,4699.69,8934111
2024,8,1,2024-08,490,1708,5367.45,9167605
2024,8,1,2024-08,491,824,6883.56,5672053
2024,8,1,2024-08,492,1478,6058.36,8954256
2024,8,1,2024-08,493,1671,4209.24,7033640
2024,8,1,2024-08,494,1194,6888.75,8225168
2024,8,1,2024-08,495,1866,4206.89,7850057
2024,8,1,2024-08,496,1678,6708.12,11256225
2024,8,1,2024-08,497,923,4895.1,4518177
2024,8,1,2024-08,498,1384,7546.4,10444218
2024,8,1,2024-08,499,1424,5366.3,7641611
2024,8,1,2024-08,500,1080,5230.67,5649124
2024,8,1,2024-08,501,1350,4639.76,6263676
2024,8,1,2024-08,502,2243,5274.36,11830389
2024,8,1,2024-08,503,2061,7220.67,14881801
2024,8,1,2024-08,504,1154,7685.59,8869171
2024,8,1,2024-08,505,589,5393,3176477
2024,8,1,2024-08,506,1337,5728.04,7658389
2024,8,1,2024-08,507,2054,6611.15,13579302
2024,8,1,2024-08,508,1432,7300.09,10453729
2024,8,1,2024-08,509,1785,6234.02,11127726
2024,8,1,2024-08,510,2184,5465.48,11936608
2024,8,1,2024-08,511,1487,5427.22,8070276
2024,8,1,2024-08,512,1098,6663.06,7316040
2024,8,1,2024-08,513,1544,4035.89,6231414
2024,8,1,2024-08,514,1723,6374.85,10983867
2024,8,1,2024-08,515,2011,5336.58,10731862
2024,8,1,2024-08,516,1086,6959.54,7558060
2024,8,1,2024-08,517,2030,4462.82,9059525
2024,8,1,2024-08,518,1756,6280.34,11028277
2024,8,1,2024-08,519,1052,5773.66,6073890
2024,8,1,2024-08,520,1315,6397.59,8412831
2024,8,1,2024-08,521,1409,4291.18,6046273
2024,8,1,2024-08,522,1658,6129.47,10162661
2024,8,1,2024-08,523,1171,6114.51,7160091
2024,8,1,2024-08,524,2046,6145.17,12573018
2024,8,1,2024-08,525,1593,6372.37,10151185
2024,8,1,2024-08,526,1661,6511.54,10815668
2024,8,1,2024-08,527,1087,6977.83,7584901
2024,8,1,2024-08,528,1868,5067.21,9465548
2024,8,1,2024-08,529,1333,7060.07,9411073
2024,8,1,2024-08,530,2162,5895.56,12746201
2024,8,1,2024-08,531,2122,4326.21,9180218
2024,8,1,2024-08,532,2310,4188.08,9674465
2024,8,1,2024-08,533,1997,5285.62,10555383
2024,8,1,2024-08,534,1792,6997.38,12539305
2024,8,1,2024-08,535,917,6636.32,6085505
2024,8,1,2024-08,536,1429,6916.47,9883636
2024,8,1,2024-08,537,787,5951.23,4683618
2024,8,1,2024-08,538,2244,5645.19,12667806
2024,8,1,2024-08,539,2179,4625.43,10078812
2024,8,1,2024-08,540,1194,5278.19,6302159
2024,8,1,2024-08,541,1522,5656.35,8608965
2024,8,1,2024-08,542,676,4424.49,2990955
2024,8,1,2024-08,543,1581,4896.11,7740750
2024,8,1,2024-08,544,1596,6238.89,9957268
2024,8,1,2024-08,545,1021,6784.21,6926678
2024,8,1,2024-08,546,1346,7757.6,10441730
2024,8,1,2024-08,547,1422,7363.09,10470314
2024,8,1,2024-08,548,2047,6375.21,13050055
2024,8,1,2024-08,549,1707,5509.04,9403931
2024,8,1,2024-08,550,1186,6399.8,7590163
2024,8,1,2024-08,551,810,6967.96,5644048
2024,8,1,2024-08,552,1482,4530.81,6714660
2024,8,1,2024-08,553,1761,5573.82,9815497
2024,8,1,2024-08,554,1447,7079.52,10244065
2024,8,1,2024-08,555,1756,5483.56,9629131
2024,8,1,2024-08,556,1268,6144.08,7790693
2024,8,1,2024-08,557,2167,6253.08,13550424
2024,8,1,2024-08,558,2158,4854.08,10475105
2024,8,1,2024-08,559,1540,5467.96,8420658
2024,8,1,2024-08,560,2112,5400.71,11406300
2024,8,1,2024-08,561,1771,4225.76,7483821
2024,8,1,2024-08,562,1464,4204.35,6155168
2024,8,1,2024-08,563,1327,7075.78,9389560
2024,8,1,2024-08,564,2378,5095.8,12117812
2024,8,1,2024-08,565,1387,5970.33,8280848
2024,8,1,2024-08,566,1532,5230.39,8012957
2024,8,1,2024-08,567,885,7458.18,6600489
2024,8,1,2024-08,568,1555,4982.72,7748130
2024,8,1,2024-08,569,1792,5637.59,10102561
2024,8,1,2024-08,570,1839,7181.66,13207073
2024,8,1,2024-08,571,1808,7103.44,12843020
2024,8,1,2024-08,572,932,4690.49,4371537
2024,8,1,2024-08,573,1700,6974.23,11856191
2024,8,1,2024-08,574,1795,5701.26,10233762
2024,8,1,2024-08,575,946,5863.12,5546512
2024,8,1,2024-08,576,2118,4562.92,9664265
2024,8,1,2024-08,577,1107,4304.67,4765270
2024,8,1,2024-08,578,1025,6687.19,6854370
2024,8,1,2024-08,579,1804,5874.06,10596804
2024,8,1,2024-08,580,1653,5679.63,9388428
2024,8,1,2024-08,581,1988,6734.99,13389160
2024,8,1,2024-08,582,832,6803.56,5660562
2024,8,1,2024-08,583,1560,4636.59,7233080
2024,8,1,2024-08,584,1538,6283.28,9663685
2024,8,1,2024-08,585,2090,4600.32,9614669
2024,8,1,2024-08,586,1132,6810.56,7709554
2024,8,1,2024-08,587,1495,6494.49,9709263
2024,8,1,2024-08,588,1837,7447.72,13681462
2024,8,1,2024-08,589,920,4392.89,4041459
2024,8,1,2024-08,590,1268,4343.52,5507583
2024,8,1,2024-08,591,1444,5149.91,7436470
2024,8,1,2024-08,592,2159,5028.41,10856337
2024,8,1,2024-08,593,892,4997.23,4457529
2024,8,1,2024-08,594,1138,7365.24,8381643
2024,8,1,2024-08,595,1289,4986.64,6427779
2024,8,1,2024-08,596,1502,5117.86,7687026
2024,8,1,2024-08,597,1433,6764.8,9693958
2024,8,1,2024-08,598,2133,5743.15,12250139
2024,8,1,2024-08,599,1622,6902.13,11195255
2024,8,1,2024-08,600,2220,4404.77,9778589
2024,8,1,2024-08,601,1025,5933.26,6081592
2024,8,1,2024-08,602,1646,4214.23,6936623
2024,8,1,2024-08,603,1833,4395.9,8057685
2024,8,1,2024-08,604,1939,7357.38,14265960
2024,8,1,2024-08,605,1202,4615.47,5547795
2024,8,1,2024-08,606,1760,6024.18,10602557
2024,8,1,2024-08,607,1638,5512.35,9029229
2024,8,1,2024-08,608,1742,5395.72,9399344
2024,8,1,2024-08,609,2276,7257.66,16518434
2024,8,1,2024-08,610,2102,4203.4,8835547
2024,8,1,2024-08,611,1986,6363.36,12637633
2024,8,1,2024-08,612,1322,7537.61,9964720
2024,8,1,2024-08,613,1702,6105.14,10390948
2024,8,1,2024-08,614,853,7481.14,6381412
2024,8,1,2024-08,615,1729,4354.81,7529466
2024,8,1,2024-08,616,1843,5596.71,10314737
2024,8,1,2024-08,617,1892,4976.8,9416106
2024,8,1,2024-08,618,1094,6695.63,7325019
2024,8,1,2024-08,619,2142,7622.03,16326388
2024,8,1,2024-08,620,1265,5026.88,6359003
2024,8,1,2024-08,621,1856,6363.48,11810619
2024,8,1,2024-08,622,1877,4787.92,8986926
2024,8,1,2024-08,623,2109,6100.07,12865048
2024,8,1,2024-08,624,1554,5752.16,8938857
2024,8,1,2024-08,625,824,7605.19,6266677
2024,8,1,2024-08,626,1253,6243.02,7822504
2024,8,1,2024-08,627,1577,5400.37,8516383
2024,8,1,2024-08,628,1507,4543.87,6847612
2024,8,1,2024-08,629,1964,4549.34,8934904
2024,8,1,2024-08,630,1787,4889.51,8737554
2024,8,1,2024-08,631,1678,5009.56,8406042
2024,8,1,2024-08,632,1307,7212.11,9426228
2024,8,1,2024-08,633,1753,6055.44,10615186
2024,8,1,2024-08,634,2090,5896.51,12323706
2024,8,1,2024-08,635,1993,4523.09,9014518
2024,8,1,2024-08,636,2035,7132.87,14515390
2024,8,1,2024-08,637,1992,6683.87,13314269
2024,8,1,2024-08,638,933,4311.8,4022909
2024,8,1,2024-08,639,2313,6675.04,15439368
2024,8,1,2024-08,640,1850,6079.57,11247204
2024,8,1,2024-08,641,1601,4367.6,6992528
2024,8,1,2024-08,642,1427,5809.36,8289957
2024,8,1,2024-08,643,1980,5838.61,11560448
2024,8,1,2024-08,644,778,4710.29,3664606
2024,8,1,2024-08,645,2060,7454.3,15355858
2024,8,1,2024-08,646,2295,7108.68,16314421
2024,8,1,2024-08,647,1020,6563.81,6695086
2024,8,1,2024-08,648,2105,5760.87,12126631
2024,8,1,2024-08,649,2078,5585.2,11606046
2024,8,1,2024-08,650,1390,6407.27,8906105
2024,8,1,2024-08,651,1064,6065.19,6453362
2024,8,1,2024-08,652,1975,4326.14,8544126
2024,8,1,2024-08,653,884,5934.36,5245974
2024,8,1,2024-08,654,2201,7060.32,15539764
2024,8,1,2024-08,655,1902,5750.74,10937907
2024,8,1,2024-08,656,1771,4237.5,7504612
2024,8,1,2024-08,657,2102,6936.5,14580523
2024,8,1,2024-08,658,2278,4806.1,10948296
2024,8,1,2024-08,659,1289,4981.76,6421489
2024,8,1,2024-08,660,1807,4659.42,8419572
2024,8,1,2024-08,661,2134,5332.42,11379384
2024,8,1,2024-08,662,973,6762.25,6579669
2024,8,1,2024-08,663,817,5915.79,4833200
2024,8,1,2024-08,664,1526,4838.07,7382895
2024,8,1,2024-08,665,724,7226.67,5232109
2024,8,1,2024-08,666,2035,7203.58,14659285
2024,8,1,2024-08,667,2207,7256.9,16015978
2024,8,1,2024-08,668,821,4937.51,4053696
2024,8,1,2024-08,669,1525,5657.84,8628206
2024,8,1,2024-08,670,1343,7638.04,10257888
2024,8,1,2024-08,671,1954,6899.73,13482072
2024,8,1,2024-08,672,1930,4220.97,8146472
2024,8,1,2024-08,673,1217,4365.43,5312728
2024,8,1,2024-08,674,1191,5790.37,6896331
2024,8,1,2024-08,675,1468,7341.64,10777528
2024,8,1,2024-08,676,1547,6007.97,9294330
2024,8,1,2024-08,677,2151,5852.43,12588577
2024,8,1,2024-08,678,1618,4479.49,7247815
2024,8,1,2024-08,679,1134,6377.44,7232017
2024,8,1,2024-08,680,1230,6990.2,8597946
2024,8,1,2024-08,681,1056,5522.68,5831950
2024,8,1,2024-08,682,1321,6916.3,9136432
2024,8,1,2024-08,683,2019,7558.22,15260046
2024,8,1,2024-08,684,2171,4900,10637900
2024,8,1,2024-08,685,2229,5991.09,13354140
2024,8,1,2024-08,686,1487,5130.6,7629202
2024,8,1,2024-08,687,1631,6876.66,11215832
2024,8,1,2024-08,688,1523,6155.42,9374705
2024,8,1,2024-08,689,2020,6415.75,12959815
2024,8,1,2024-08,690,859,6980.91,5996602
2024,8,1,2024-08,691,1009,5606.58,5657039
2024,8,1,2024-08,692,1381,7375.75,10185911
2024,8,1,2024-08,693,1430,5893.39,8427548
2024,8,1,2024-08,694,989,4684.77,4633238
2024,8,1,2024-08,695,1625,6480.73,10531186
2024,8,1,2024-08,696,1943,6917.5,13440702
2024,8,1,2024-08,697,1007,5275.48,5312408
2024,8,1,2024-08,698,1553,7243.37,11248954
2024,8,1,2024-08,699,2087,7296.11,15226982
2024,8,1,2024-08,700,896,5110.71,4579196
2024,8,1,2024-08,701,1512,7690.25,11627658
2024,8,1,2024-08,702,2063,4610.13,9510698
2024,8,1,2024-08,703,2020,4797.28,9690506
2024,8,1,2024-08,704,2238,4844.49,10841969
2024,8,1,2024-08,705,2049,7343.85,15047549
2024,8,1,2024-08,706,878,6445.16,5658850
2024,8,1,2024-08,707,1873,4577.74,8574107
2024,8,1,2024-08,708,2269,5661.05,12844922
2024,8,1,2024-08,709,1935,6269.87,12132198
2024,8,1,2024-08,710,2329,4323.8,10070130
2024,8,1,2024-08,711,1923,7318.55,14073572
2024,8,1,2024-08,712,2062,7001.82,14437753
2024,8,1,2024-08,713,1413,5877.14,8304399
2024,8,1,2024-08,714,1127,7534.4,8491269
2024,8,1,2024-08,715,1835,5575.79,10231575
2024,8,1,2024-08,716,1743,7576.52,13205874
2024,8,1,2024-08,717,2046,6619.01,13542494
2024,8,1,2024-08,718,1459,6339.78,9249739
2024,8,1,2024-08,719,1651,4681.56,7729256
2024,8,1,2024-08,720,1768,7225.14,12774048
2024,8,1,2024-08,721,1147,5550.54,6366469
2024,8,1,2024-08,722,1825,4627.29,8444804
2024,8,1,2024-08,723,2198,4195.44,9221577
2024,8,1,2024-08,724,1539,6089.46,9371679
2024,8,1,2024-08,725,1161,6007.09,6974231
2024,8,1,2024-08,726,1896,6695.35,12694384
2024,8,1,2024-08,727,1840,7306.55,13444052
2024,8,1,2024-08,728,2169,4355.37,9446798
2024,8,1,2024-08,729,1538,6794.23,10449526
2024,8,1,2024-08,730,1023,4814.23,4924957
2024,8,1,2024-08,731,1572,7192.59,11306751
2024,8,1,2024-08,732,2244,7042.61,15803617
2024,8,1,2024-08,733,1814,5974.34,10837453
2024,8,1,2024-08,734,1262,6679.54,8429579
2024,8,1,2024-08,735,1561,5220.72,8149544
2024,8,1,2024-08,736,1488,5750.92,8557369
2024,8,1,2024-08,737,823,6994.56,5756523
2024,8,1,2024-08,738,1462,5789.03,8463562
2024,8,1,2024-08,739,1221,5319.17,6494707
2024,8,1,2024-08,740,1737,5851.8,10164577
2024,8,1,2024-08,741,1990,7071.36,14072006
2024,8,1,2024-08,742,2094,5294.58,11086851
2024,8,1,2024-08,743,1569,4742.71,7441312
2024,8,1,2024-08,744,1325,6701.4,8879355
2024,8,1,2024-08,745,1569,7083.88,11114608
2024,8,1,2024-08,746,1484,4465.42,6626683
2024,8,1,2024-08,747,1809,4940.28,8936967
2024,8,1,2024-08,748,1477,4545.8,6714147
2024,8,1,2024-08,749,2080,5343.88,11115270
2024,8,1,2024-08,750,1071,5696.08,6100502
2024,8,1,2024-08,751,1525,6803.94,10376008
2024,8,1,2024-08,752,820,6424.79,5268328
2024,8,1,2024-08,753,1545,6369.64,9841094
2024,8,1,2024-08,754,1262,5342.81,6742626
2024,8,1,2024-08,755,886,7086.17,6278347
2024,8,1,2024-08,756,1669,5806.83,9691599
2024,8,1,2024-08,757,1527,7608.39,11618012
2024,8,1,2024-08,758,2374,6387.2,15163213
2024,8,1,2024-08,759,2180,4548.21,9915098
2024,8,1,2024-08,760,1506,6521.58,9821499
2024,8,1,2024-08,761,1787,5251.77,9384913
2024,8,1,2024-08,762,1948,6562.68,12784101
2024,8,1,2024-08,763,1757,4407.31,7743644
2024,8,1,2024-08,764,1368,4705.06,6436522
2024,8,1,2024-08,765,1830,7135.17,13057361
2024,8,1,2024-08,766,838,4929.35,4130795
2024,8,1,2024-08,767,1054,7087.25,7469962
2024,8,1,2024-08,768,2060,5164.81,10639509
2024,8,1,2024-08,769,890,6432.84,5725228
2024,8,1,2024-08,770,1879,6623.16,12444918
2024,8,1,2024-08,771,2275,5978.25,13600519
2024,8,1,2024-08,772,629,5164.8,3248659
2024,8,1,2024-08,773,2248,4868.07,10943421
2024,8,1,2024-08,774,1571,4251.82,6679609
2024,8,1,2024-08,775,1695,5189.66,8796474
2024,8,1,2024-08,776,1687,6397.75,10793004
2024,8,1,2024-08,777,2374,7499.45,17803694
2024,8,1,2024-08,778,1115,7209.89,8039027
2024,8,1,2024-08,779,2003,6855.41,13731386
2024,8,1,2024-08,780,1339,6948.04,9303426
2024,8,1,2024-08,781,1254,6548.46,8211769
2024,8,1,2024-08,782,1005,5042.54,5067753
2024,8,1,2024-08,783,1564,7255.71,11347930
2024,8,1,2024-08,784,1142,6509.14,7433438
2024,8,1,2024-08,785,1206,6119.24,7379803
2024,8,1,2024-08,786,1524,4424.45,6742862
2024,8,1,2024-08,787,1516,5767.42,8743409
2024,8,1,2024-08,788,2234,5629.58,12576482
2024,8,1,2024-08,789,1658,7220.08,11970893
2024,8,1,2024-08,790,1706,5988.37,10216159
2024,8,1,2024-08,791,1636,5510.92,9015865
2024,8,1,2024-08,792,1408,7620.72,10729974
2024,8,1,2024-08,793,2232,4564.93,10188924
2024,8,1,2024-08,794,847,5636.85,4774412
2024,8,1,2024-08,795,1993,4268.87,8507858
2024,8,1,2024-08,796,1869,6733.52,12584949
2024,8,1,2024-08,797,1711,7307.26,12502722
2024,8,1,2024-08,798,1272,5202.09,6617058
2024,8,1,2024-08,799,964,7149.97,6892571
2024,8,1,2024-08,800,1006,5162.71,5193686
2024,8,1,2024-08,801,1359,7322.17,9950829
2024,8,1,2024-08,802,1526,6750.25,10300882
2024,8,1,2024-08,803,2565,6983.37,17912344
2024,8,1,2024-08,804,1199,4185.78,5018750
2024,8,1,2024-08,805,1679,7624.38,12801334
2024,8,1,2024-08,806,1060,6746.22,7150993
2024,8,1,2024-08,807,893,5204.99,4648056
2024,8,1,2024-08,808,2192,7065.55,15487686
2024,8,1,2024-08,809,724,5124.78,3710341
2024,8,1,2024-08,810,1955,7211.52,14098522
2024,8,1,2024-08,811,1010,4516.87,4562039
2024,8,1,2024-08,812,909,6582.96,5983911
2024,8,1,2024-08,813,1234,6011.06,7417648
2024,8,1,2024-08,814,1204,4445.52,5352406
2024,8,1,2024-08,815,938,4982.14,4673247
2024,8,1,2024-08,816,1566,4141.68,6485871
2024,8,1,2024-08,817,2254,5787.48,13044980
2024,8,1,2024-08,818,805,5138.82,4136750
2024,8,1,2024-08,819,1732,6188.11,10717807
2024,8,1,2024-08,820,1004,5163.22,5183873
2024,8,1,2024-08,821,950,5099.16,4844202
2024,8,1,2024-08,822,1671,6798.73,11360678
2024,8,1,2024-08,823,1462,4212.95,6159333
2024,8,1,2024-08,824,1271,7313.48,9295433
2024,8,1,2024-08,825,1538,7172.66,11031551
2024,8,1,2024-08,826,1617,6531.69,10561743
2024,8,1,2024-08,827,2337,6252.68,14612513
2024,8,1,2024-08,828,1856,7315.02,13576677
2024,8,1,2024-08,829,2107,4881.09,10284457
2024,8,1,2024-08,830,2127,4337.63,9226139
2024,8,1,2024-08,831,1549,4973.17,7703440
2024,8,1,2024-08,832,1166,6972.24,8129632
2024,8,1,2024-08,833,725,4242.68,3075943
2024,8,1,2024-08,834,1286,6165.66,7929039
2024,8,1,2024-08,835,802,7686.48,6164557
2024,8,1,2024-08,836,2309,7183.67,16587094
2024,8,1,2024-08,837,1307,6023.14,7872244
2024,8,1,2024-08,838,1563,4351.52,6801426
2024,8,1,2024-08,839,1468,6989.82,10261056
2024,8,1,2024-08,840,2028,6279.89,12735617
2024,8,1,2024-08,841,1034,4495.56,4648409
2024,8,1,2024-08,842,1820,4429.7,8062054
2024,8,1,2024-08,843,2017,7303.68,14731523
2024,8,1,2024-08,844,1598,6501.6,10389557
2024,8,1,2024-08,845,1170,7156.7,8373339
2024,8,1,2024-08,846,1286,7293.56,9379518
2024,8,1,2024-08,847,2061,6093.78,12559281
2024,8,1,2024-08,848,895,5943.86,5319755
2024,8,1,2024-08,849,940,5687.09,5345865
2024,8,1,2024-08,850,1765,5227.88,9227208
2024,8,1,2024-08,851,2250,5564.49,12520102
2024,8,1,2024-08,852,1711,6845.18,11712103
2024,8,1,2024-08,853,1271,6317.03,8028945
2024,8,1,2024-08,854,1615,7361.79,11889291
2024,8,1,2024-08,855,1900,5680.07,10792133
2024,8,1,2024-08,856,615,6261.03,3850533
2024,8,1,2024-08,857,1066,6256.72,6669664
2024,8,1,2024-08,858,1551,6214.02,9637945
2024,8,1,2024-08,859,1660,6589.31,10938255
2024,8,1,2024-08,860,1179,4866.42,5737509
2024,8,1,2024-08,861,1177,5891.77,6934613
2024,8,1,2024-08,862,2328,4416.36,10281286
2024,8,1,2024-08,863,2010,5480.14,11015081
2024,8,1,2024-08,864,1714,5916.16,10140298
2024,8,1,2024-08,865,1543,6427.9,9918250
2024,8,1,2024-08,866,820,7513.15,6160783
2024,8,1,2024-08,867,1244,6361.17,7913295
2024,8,1,2024-08,868,703,6675.74,4693045
2024,8,1,2024-08,869,2293,5921.5,13578000
2024,8,1,2024-08,870,1019,6421.47,6543478
2024,8,1,2024-08,871,958,4370.36,4186805
2024,8,1,2024-08,872,767,4939.07,3788267
2024,8,1,2024-08,873,822,5483.3,4507273
2024,8,1,2024-08,874,1626,5829.87,9479369
2024,8,1,2024-08,875,2093,4277.98,8953812
2024,8,1,2024-08,876,1631,4541.15,7406616
2024,8,1,2024-08,877,727,5195.55,3777165
2024,8,1,2024-08,878,1983,7602.88,15076511
2024,8,1,2024-08,879,1747,5307.5,9272202
2024,8,1,2024-08,880,1223,5852.6,7157730
2024,8,1,2024-08,881,1644,4846.95,7968386
2024,8,1,2024-08,882,1069,6291.71,6725838
2024,8,1,2024-08,883,2158,5100.97,11007893
2024,8,1,2024-08,884,2241,4741.89,10626575
2024,8,1,2024-08,885,1378,5914.4,8150043
2024,8,1,2024-08,886,818,4211.48,3444991
2024,8,1,2024-08,887,1486,4092.7,6081752
2024,8,1,2024-08,888,650,4872.61,3167196
2024,8,1,2024-08,889,1134,4182.09,4742490
2024,8,1,2024-08,890,1690,4511.86,7625043
2024,8,1,2024-08,891,2183,5302.78,11575969
2024,8,1,2024-08,892,1715,6959.28,11935165
2024,8,1,2024-08,893,2184,6112.05,13348717
2024,8,1,2024-08,894,1366,5954.54,8133902
2024,8,1,2024-08,895,1440,5218.3,7514352
2024,8,1,2024-08,896,1197,7358.08,8807622
2024,8,1,2024-08,897,2025,5508.58,11154874
2024,8,1,2024-08,898,1653,4406.78,7284407
2024,8,1,2024-08,899,1529,6274.68,9593986
2024,8,1,2024-08,900,900,4561.76,4105584
2024,8,1,2024-08,901,1231,5389.66,6634671
2024,8,1,2024-08,902,1190,5927.3,7053487
2024,8,1,2024-08,903,1971,7198,14187258
2024,8,1,2024-08,904,1245,5919.04,7369205
2024,8,1,2024-08,905,1866,6600.39,12316328
2024,8,1,2024-08,906,2050,7696.62,15778071
2024,8,1,2024-08,907,1663,4682.75,7787413
2024,8,1,2024-08,908,854,5085.02,4342607
2024,8,1,2024-08,909,575,5520.63,3174362
2024,8,1,2024-08,910,1890,5579.54,10545331
2024,8,1,2024-08,911,839,5618.16,4713636
2024,8,1,2024-08,912,1037,7357.42,7629645
2024,8,1,2024-08,913,1941,6599.17,12808989
2024,8,1,2024-08,914,1127,6244.17,7037180
2024,8,1,2024-08,915,747,5296.99,3956852
2024,8,1,2024-08,916,1444,7037.16,10161659
2024,8,1,2024-08,917,861,7468.26,6430172
2024,8,1,2024-08,918,1182,7047.38,8330003
2024,8,1,2024-08,919,1957,4084.36,7993093
2024,8,1,2024-08,920,1534,6369.85,9771350
2024,8,1,2024-08,921,2053,4309.86,8848143
2024,8,1,2024-08,922,838,5038.99,4222674
2024,8,1,2024-08,923,1384,4317.05,5974797
2024,8,1,2024-08,924,1992,6234.01,12418148
2024,8,1,2024-08,925,1379,6477.5,8932472
2024,8,1,2024-08,926,1134,4598.46,5214654
2024,8,1,2024-08,927,1362,5558.85,7571154
2024,8,1,2024-08,928,725,5735.07,4157926
2024,8,1,2024-08,929,1541,5459.81,8413567
2024,8,1,2024-08,930,1194,4533.95,5413536
2024,8,1,2024-08,931,1156,5565.9,6434180
2024,8,1,2024-08,932,766,6791.9,5202595
2024,8,1,2024-08,933,757,4362.9,3302715
2024,8,1,2024-08,934,2192,4456.38,9768385
2024,8,1,2024-08,935,2263,5375.46,12164666
2024,8,1,2024-08,936,1127,7546.61,8505029
2024,8,1,2024-08,937,1593,6485.98,10332166
2024,8,1,2024-08,938,1289,6503.81,8383411
2024,8,1,2024-08,939,1589,5463.77,8681931
2024,8,1,2024-08,940,2002,6288.12,12588816
2024,8,1,2024-08,941,1575,4142.35,6524201
2024,8,1,2024-08,942,1689,6392.5,10796932
2024,8,1,2024-08,943,1861,7381.05,13736134
2024,8,1,2024-08,944,1503,6302.5,9472658
2024,8,1,2024-08,945,1550,7209.94,11175407
2024,8,1,2024-08,946,1050,6799.12,7139076
2024,8,1,2024-08,947,2098,4515.74,9474023
2024,8,1,2024-08,948,1568,7354.5,11531856
2024,8,1,2024-08,949,1567,4348.81,6814585
2024,8,1,2024-08,950,2081,5898.62,12275028
2024,8,1,2024-08,951,2239,4616.19,10335649
2024,8,1,2024-08,952,1335,4131.86,5516033
2024,8,1,2024-08,953,720,5586.65,4022388
2024,8,1,2024-08,954,1497,5110.87,7650972
2024,8,1,2024-08,955,1790,5921.54,10599557
2024,8,1,2024-08,956,1993,6116.42,12190025
2024,8,1,2024-08,957,1803,4250.45,7663561
2024,8,1,2024-08,958,794,4518.96,3588054
2024,8,1,2024-08,959,2323,6052.56,14060097
2024,8,1,2024-08,960,937,5364.23,5026284
2024,8,1,2024-08,961,1590,6729.92,10700573
2024,8,1,2024-08,962,1207,6412.59,7739996
2024,8,1,2024-08,963,823,7084.79,5830782
2024,8,1,2024-08,964,2128,6602.33,14049758
2024,8,1,2024-08,965,553,5659.55,3129731
2024,8,1,2024-08,966,2146,6502.39,13954129
2024,8,1,2024-08,967,805,5151.97,4147336
2024,8,1,2024-08,968,925,5268.6,4873455
2024,8,1,2024-08,969,663,6900.89,4575290
2024,8,1,2024-08,970,2061,5792.86,11939084
2024,8,1,2024-08,971,987,6944.97,6854685
2024,8,1,2024-08,972,851,7031.52,5983824
2024,8,1,2024-08,973,463,7201.05,3334086
2024,8,1,2024-08,974,2526,7395.84,18681892
2024,8,1,2024-08,975,718,5645.17,4053232
2024,8,1,2024-08,976,1263,5156.63,6512824
2024,8,1,2024-08,977,2168,6112.56,13252030
2024,8,1,2024-08,978,1549,5372.06,8321321
2024,8,1,2024-08,979,1276,6252.34,7977986
2024,8,1,2024-08,980,1190,6602.24,7856666
2024,8,1,2024-08,981,1355,6547.14,8871375
2024,8,1,2024-08,982,1369,5428.59,7431740
2024,8,1,2024-08,983,1894,4743.28,8983772
2024,8,1,2024-08,984,2290,5676.9,13000101
2024,8,1,2024-08,985,2326,4593.81,10685202
2024,8,1,2024-08,986,968,7271.6,7038909
2024,8,1,2024-08,987,1693,5300.54,8973814
2024,8,1,2024-08,988,2085,4639.82,9674025
2024,8,1,2024-08,989,2093,4252.13,8899708
2024,8,1,2024-08,990,2323,6453.22,14990830
2024,8,1,2024-08,991,1476,6397.22,9442297
2024,8,1,2024-08,992,972,5272.25,5124627
2024,8,1,2024-08,993,1479,4356.7,6443559
2024,8,1,2024-08,994,1270,5550.03,7048538
2024,8,1,2024-08,995,2098,5208.54,10927517
2024,8,1,2024-08,996,1810,6559.34,11872405
2024,8,1,2024-08,997,2126,6317.19,13430346
2024,8,1,2024-08,998,1144,5516.4,6310762
2024,8,1,2024-08,999,1758,4841.36,8511111
2024,8,1,2024-08,1000,1735,7690.85,13343625
2024,8,1,2024-08,1001,1718,5719.85,9826702
2024,8,1,2024-08,1002,1870,6531.53,12213961
2024,8,1,2024-08,1003,929,4703.03,4369115
2024,8,1,2024-08,1004,1332,5918.2,7883042
2024,8,1,2024-08,1005,1750,4188.48,7329840
2024,8,1,2024-08,1006,871,5877.46,5119268
2024,8,1,2024-08,1007,1166,7470.43,8710521
2024,8,1,2024-08,1008,1892,5532.89,10468228
2024,8,1,2024-08,1009,2001,4150,8304150
2024,8,1,2024-08,1010,572,4206.8,2406290
2024,8,1,2024-08,1011,2257,5449.75,12300086
2024,8,1,2024-08,1012,1300,4737.58,6158854
2024,8,1,2024-08,1013,855,4269.18,3650149
2024,8,1,2024-08,1014,657,6729.91,4421551
2024,8,1,2024-08,1015,1356,5745.83,7791345
2024,8,1,2024-08,1016,1104,5149.04,5684540
2024,8,1,2024-08,1017,1695,7308.04,12387128
2024,8,1,2024-08,1018,1193,4489.08,5355472
2024,8,1,2024-08,1019,1806,7591.05,13709436
2024,8,1,2024-08,1020,1430,5201.75,7438502
2024,8,1,2024-08,1021,2473,7368.46,18222202
2024,8,1,2024-08,1022,942,6228.76,5867492
2024,8,1,2024-08,1023,1701,7093.38,12065839
2024,8,1,2024-08,1024,1540,7658.69,11794383
2024,8,1,2024-08,1025,2119,5104.06,10815503
2024,8,1,2024-08,1026,1660,7459.28,12382405
2024,8,1,2024-08,1027,2324,5456.63,12681208
2024,8,1,2024-08,1028,995,5428.03,5400890
2024,8,1,2024-08,1029,1817,5356.83,9733360
2024,8,1,2024-08,1030,1135,6021.46,6834357
2024,8,1,2024-08,1031,2214,4715.66,10440471
2024,8,1,2024-08,1032,1972,6108.3,12045568
2024,8,1,2024-08,1033,1544,6030.93,9311756
2024,8,1,2024-08,1034,1660,6830.69,11338945
2024,8,1,2024-08,1035,1090,7023.75,7655888
2024,8,1,2024-08,1036,1119,5668.76,6343342
2024,8,1,2024-08,1037,732,5190.15,3799190
2024,8,1,2024-08,1038,885,5012.65,4436195
2024,8,1,2024-08,1039,1239,4773.24,5914044
2024,8,1,2024-08,1040,863,4354.04,3757537
2024,8,1,2024-08,1041,704,5284.68,3720415
2024,8,1,2024-08,1042,1541,5095.28,7851826
2024,8,1,2024-08,1043,774,7607.7,5888360
2024,8,1,2024-08,1044,828,6119.07,5066590
2024,8,1,2024-08,1045,1778,5290.2,9405976
2024,8,1,2024-08,1046,995,6183.32,6152403
2024,8,1,2024-08,1047,1674,4640.58,7768331
2024,8,1,2024-08,1048,1543,5677.4,8760228
2024,8,1,2024-08,1049,806,6303.42,5080557
2024,8,1,2024-08,1050,990,5810.79,5752682
2024,8,1,2024-08,1051,1069,5553.75,5936959
2024,8,1,2024-08,1052,1682,7641.31,12852683
2024,8,1,2024-08,1053,811,7222.51,5857456
2024,8,1,2024-08,1054,2085,6237.27,13004708
2024,8,1,2024-08,1055,775,6219.68,4820252
2024,8,1,2024-08,1056,2043,6307.76,12886754
2024,8,1,2024-08,1057,1004,4859.11,4878546
2024,8,1,2024-08,1058,1628,5575.75,9077321
2024,8,1,2024-08,1059,1749,4397.01,7690370
2024,8,1,2024-08,1060,1456,5833.71,8493882
2024,8,1,2024-08,1061,2183,6059.39,13227648
2024,8,1,2024-08,1062,2027,4847.27,9825416
2024,8,1,2024-08,1063,854,7458.44,6369508
2024,8,1,2024-08,1064,1024,7247.1,7421030
2024,8,1,2024-08,1065,1134,6677.14,7571877
2024,8,1,2024-08,1066,1188,5964.93,7086337
2024,8,1,2024-08,1067,2140,7191.48,15389767
2024,8,1,2024-08,1068,1935,4634.51,8967777
2024,8,1,2024-08,1069,1199,6952.47,8336012
2024,8,1,2024-08,1070,1399,4548.35,6363142
2024,8,1,2024-08,1071,1977,6951.25,13742621
2024,8,1,2024-08,1072,2134,5057.35,10792385
2024,8,1,2024-08,1073,1938,7217.25,13987030
2024,8,1,2024-08,1074,2295,7415.95,17019605
2024,8,1,2024-08,1075,1428,4669.68,6668303
2024,8,1,2024-08,1076,1999,5836.69,11667543
2024,8,1,2024-08,1077,1021,7671.56,7832663
2024,8,1,2024-08,1078,1539,5832.26,8975848
2024,8,1,2024-08,1079,2146,7233.42,15522919
2024,8,1,2024-08,1080,1560,6232.22,9722263
2024,8,1,2024-08,1081,2189,5452.47,11935457
2024,8,1,2024-08,1082,681,5140.36,3500585
2024,8,1,2024-08,1083,1706,4769.99,8137603
2024,8,1,2024-08,1084,2170,6804.95,14766742
2024,8,1,2024-08,1085,1002,5454.08,5464988
2024,8,1,2024-08,1086,2271,5862.75,13314305
2024,8,1,2024-08,1087,1334,5888.99,7855913
2024,8,1,2024-08,1088,838,6198.39,5194251
2024,8,1,2024-08,1089,1253,7083.57,8875713
2024,8,1,2024-08,1090,1945,7608.74,14798999
2024,8,1,2024-08,1091,726,5544.77,4025503
2024,8,1,2024-08,1092,926,7033.45,6512975
2024,8,1,2024-08,1093,925,6762.16,6254998
2024,8,1,2024-08,1094,2122,6156.11,13063265
2024,8,1,2024-08,1095,1226,7521.95,9221911
2024,8,1,2024-08,1096,1468,4802.52,7050099
2024,8,1,2024-08,1097,944,4529.74,4276075
2024,8,1,2024-08,1098,1722,7190.51,12382058
2024,8,1,2024-08,1099,1536,5589.05,8584781
2024,8,1,2024-08,1100,805,7165.41,5768155
2024,8,1,2024-08,1101,1752,7252.99,12707238
2024,8,1,2024-08,1102,1693,4313.71,7303111
2024,8,1,2024-08,1103,923,7335.76,6770906
2024,8,1,2024-08,1104,2066,5703.73,11783906
2024,8,1,2024-08,1105,1665,5974.01,9946727
2024,8,1,2024-08,1106,1283,6331.69,8123558
2024,8,1,2024-08,1107,1794,7457.18,13378181
2024,8,1,2024-08,1108,695,4168.57,2897156
2024,8,1,2024-08,1109,1815,5795.57,10518960
2024,8,1,2024-08,1110,797,6567.21,5234066
2024,8,1,2024-08,1111,1528,6636.43,10140465
2024,8,1,2024-08,1112,997,6555.69,6536023
2024,8,1,2024-08,1113,1899,4610.85,8756004
2024,8,1,2024-08,1114,1169,5210.9,6091542
2024,8,1,2024-08,1115,2097,5344.27,11206934
2024,8,1,2024-08,1116,1824,7056.55,12871147
2024,8,1,2024-08,1117,2056,5180.75,10651622
2024,8,1,2024-08,1118,1271,4814.46,6119179
2024,8,1,2024-08,1119,2112,7505.6,15851827
2024,8,1,2024-08,1120,1490,4132.99,6158155
2024,8,1,2024-08,1121,1205,7725.13,9308782
2024,8,1,2024-08,1122,786,6548.5,5147121
2024,8,1,2024-08,1123,1321,7051.16,9314582
2024,8,1,2024-08,1124,2296,5099.24,11707855
2024,8,1,2024-08,1125,1867,4065.8,7590849
2024,8,1,2024-08,1126,1952,6753.85,13183515
2024,8,1,2024-08,1127,1597,7167.15,11445939
2024,8,1,2024-08,1128,2089,6750.49,14101774
2024,8,1,2024-08,1129,1751,4632.13,8110860
2024,8,1,2024-08,1130,1286,6806.11,8752657
2024,8,1,2024-08,1131,1948,6778.28,13204089
2024,8,1,2024-08,1132,928,6528.05,6058030
2024,8,1,2024-08,1133,1497,6806.53,10189375
2024,8,1,2024-08,1134,1380,7091.35,9786063
2024,8,1,2024-08,1135,1706,6317.66,10777928
2024,8,1,2024-08,1136,1834,4387.16,8046051
2024,8,1,2024-08,1137,1567,5787.58,9069138
2024,8,1,2024-08,1138,1966,4423.86,8697309
2024,8,1,2024-08,1139,1705,5565.63,9489399
2024,8,1,2024-08,1140,953,5601.49,5338220
2024,8,1,2024-08,1141,1120,4322.13,4840786
2024,8,1,2024-08,1142,1712,5329.45,9124018
2024,8,1,2024-08,1143,765,4510.92,3450854
2024,8,1,2024-08,1144,1945,7008.41,13631357
2024,8,1,2024-08,1145,2047,7462.33,15275390
2024,8,1,2024-08,1146,1952,4326.97,8446245
2024,8,1,2024-08,1147,785,7558.58,5933485
2024,8,1,2024-08,1148,875,5986.22,5237942
2024,8,1,2024-08,1149,1576,5186.16,8173388
2024,8,1,2024-08,1150,1070,4288.62,4588823
2024,8,1,2024-08,1151,2007,5904.31,11849950
2024,8,1,2024-08,1152,802,6960.28,5582145
2024,8,1,2024-08,1153,1317,6616.52,8713957
2024,8,1,2024-08,1154,1557,4307.66,6707027
2024,8,1,2024-08,1155,2162,4332.16,9366130
2024,8,1,2024-08,1156,1575,5558.6,8754795
2024,8,1,2024-08,1157,1850,5089.88,9416278
2024,8,1,2024-08,1158,561,4974.28,2790571
2024,8,1,2024-08,1159,424,5072.68,2150816
2024,8,1,2024-08,1160,2045,6995.15,14305082
2024,8,1,2024-08,1161,1442,7481.16,10787833
2024,8,1,2024-08,1162,1022,5595.58,5718683
2024,8,1,2024-08,1163,1826,7361.93,13442884
2024,8,1,2024-08,1164,1391,5289.19,7357263
2024,8,1,2024-08,1165,746,5873.46,4381601
2024,8,1,2024-08,1166,1581,4916.27,7772623
2024,8,1,2024-08,1167,1099,6436.42,7073626
2024,8,1,2024-08,1168,1145,7550.08,8644842
2024,8,1,2024-08,1169,1075,6228.07,6695175
2024,8,1,2024-08,1170,1234,5449.87,6725140
2024,8,1,2024-08,1171,917,6407.84,5875989
2024,8,1,2024-08,1172,831,4518.58,3754940
2024,8,1,2024-08,1173,1660,7267.3,12063718
2024,8,1,2024-08,1174,2011,5869.46,11803484
2024,8,1,2024-08,1175,1836,5701.69,10468303
2024,8,1,2024-08,1176,1842,6150.28,11328816
2024,8,1,2024-08,1177,1666,6311.08,10514259
2024,8,1,2024-08,1178,1480,4362.85,6457018
2024,8,1,2024-08,1179,2137,6614.19,14134524
2024,8,1,2024-08,1180,2107,4965.71,10462751
2024,8,1,2024-08,1181,942,6577.84,6196325
2024,8,1,2024-08,1182,1795,7089,12724755
2024,8,1,2024-08,1183,2494,7013.56,17491819
2024,8,1,2024-08,1184,2041,6042.45,12332640
2024,8,1,2024-08,1185,1572,5998.11,9429029
2024,8,1,2024-08,1186,1010,4607.62,4653696
2024,8,1,2024-08,1187,1931,6939.99,13401121
2024,8,1,2024-08,1188,1684,5180.57,8724080
2024,8,1,2024-08,1189,1387,5896.58,8178556
2024,8,1,2024-08,1190,2147,5153.67,11064929
2024,8,1,2024-08,1191,1761,4653.32,8194497
2024,8,1,2024-08,1192,790,6396.98,5053614
2024,8,1,2024-08,1193,1911,4317.41,8250571
2024,8,1,2024-08,1194,2386,6774.61,16164219
2024,8,1,2024-08,1195,2018,5187.19,10467749
2024,8,1,2024-08,1196,2149,4090.68,8790871
2024,8,1,2024-08,1197,1510,5919.64,8938656
2024,8,1,2024-08,1198,2313,4271.16,9879193
2024,8,1,2024-08,1199,1456,5007.66,7291153
2024,8,1,2024-08,1200,2216,6614.32,14657333
2024,8,1,2024-08,1201,1938,4315.17,8362799
2024,8,1,2024-08,1202,1254,7041.13,8829577
2024,8,1,2024-08,1203,2203,4134.6,9108524
2024,8,1,2024-08,1204,1940,5026.91,9752205
2024,8,1,2024-08,1205,1691,6751.66,11417057
2024,8,1,2024-08,1206,1867,5177.64,9666654
2024,8,1,2024-08,1207,1570,4462.35,7005890
2024,8,1,2024-08,1208,1051,5423.72,5700330
2024,8,1,2024-08,1209,1675,5100.92,8544041
2024,8,1,2024-08,1210,1589,7113.77,11303781
2024,8,1,2024-08,1211,2229,5241.52,11683348
2024,8,1,2024-08,1212,1629,6895,11231955
2024,8,1,2024-08,1213,1936,7325.17,14181529
2024,8,1,2024-08,1214,1839,5635.42,10363537
2024,8,1,2024-08,1215,1153,7321.87,8442116
2024,8,1,2024-08,1216,2238,5494.64,12297004
2024,8,1,2024-08,1217,966,7555.83,7298932
2024,8,1,2024-08,1218,843,4425.63,3730806
2024,8,1,2024-08,1219,1746,6583.19,11494250
2024,8,1,2024-08,1220,1107,5865.31,6492898
2024,8,1,2024-08,1221,879,5446.81,4787746
2024,8,1,2024-08,1222,1112,6354.88,7066627
2024,8,1,2024-08,1223,986,6552.35,6460617
2024,8,1,2024-08,1224,1119,4171.03,4667383
2024,8,1,2024-08,1225,1995,4649.71,9276171
2024,8,1,2024-08,1226,1205,6739.7,8121338
2024,8,1,2024-08,1227,1033,6449.89,6662736
2024,8,1,2024-08,1228,1155,7584.6,8760213
2024,8,1,2024-08,1229,1618,6908.34,11177694
2024,8,1,2024-08,1230,1635,7514.01,12285406
2024,8,1,2024-08,1231,1832,6600.18,12091530
2024,8,1,2024-08,1232,1630,5169.84,8426839
2024,8,1,2024-08,1233,1434,4440.47,6367634
2024,8,1,2024-08,1234,2092,6806.99,14240223
2024,8,1,2024-08,1235,1792,6432.71,11527416
2024,8,1,2024-08,1236,1252,4183.78,5238093
2024,8,1,2024-08,1237,970,5328.49,5168635
2024,8,1,2024-08,1238,1936,7526.39,14571091
2024,8,1,2024-08,1239,1614,5862.21,9461607
2024,8,1,2024-08,1240,1950,5672.01,11060420
2024,8,1,2024-08,1241,612,5811.17,3556436
2024,8,1,2024-08,1242,1110,4838.03,5370213
2024,8,1,2024-08,1243,842,5393.66,4541462
2024,8,1,2024-08,1244,1686,5504.55,9280671
2024,8,1,2024-08,1245,1552,4320.63,6705618
2024,8,1,2024-08,1246,1537,6888.76,10588024
2024,8,1,2024-08,1247,804,5629.93,4526464
2024,8,1,2024-08,1248,2415,7031.36,16980734
2024,8,1,2024-08,1249,1875,7126.26,13361738
2024,8,1,2024-08,1250,1746,4817.88,8412018
2024,8,1,2024-08,1251,1527,6485.8,9903817
2024,8,1,2024-08,1252,1775,5808.7,10310442
2024,8,1,2024-08,1253,2343,7278.82,17054275
2024,8,1,2024-08,1254,1495,4789.86,7160841
2024,8,1,2024-08,1255,999,6568.14,6561572
2024,8,1,2024-08,1256,1030,6255.07,6442722
2024,8,1,2024-08,1257,1288,5064.06,6522509
2024,8,1,2024-08,1258,1821,4532.64,8253937
2024,8,1,2024-08,1259,2252,6410.12,14435590
2024,8,1,2024-08,1260,1147,6711.34,7697907
2024,8,1,2024-08,1261,906,5231.8,4740011
2024,8,1,2024-08,1262,1811,6428.96,11642847
2024,8,1,2024-08,1263,1760,5510.35,9698216
2024,8,1,2024-08,1264,690,6631.55,4575770
2024,8,1,2024-08,1265,1240,4821.37,5978499
2024,8,1,2024-08,1266,1796,7292.73,13097743
2024,8,1,2024-08,1267,1274,5187.42,6608773
2024,8,1,2024-08,1268,2079,5390.24,11206309
2024,8,1,2024-08,1269,988,4305.38,4253715
2024,8,1,2024-08,1270,1376,4575.54,6295943
2024,8,1,2024-08,1271,908,5892.31,5350217
2024,8,1,2024-08,1272,2069,5043.05,10434070
2024,8,1,2024-08,1273,1319,7048.86,9297446
2024,8,1,2024-08,1274,2155,4098.77,8832849
2024,8,1,2024-08,1275,1096,5468.29,5993246
2024,8,1,2024-08,1276,1998,5368.75,10726762
2024,8,1,2024-08,1277,2237,4266.17,9543422
2024,8,1,2024-08,1278,1772,4545.47,8054573
2024,8,1,2024-08,1279,862,5604.4,4830993
2024,8,1,2024-08,1280,1395,5889.32,8215601
2024,8,1,2024-08,1281,1394,5538.97,7721324
2024,8,1,2024-08,1282,1997,6058.72,12099264
2024,8,1,2024-08,1283,2095,6223.22,13037646
2024,8,1,2024-08,1284,1873,4187.02,7842288
2024,8,1,2024-08,1285,884,5746.04,5079499
2024,8,1,2024-08,1286,1226,7495.87,9189937
2024,8,1,2024-08,1287,1817,5909.43,10737434
2024,8,1,2024-08,1288,1752,6452.46,11304710
2024,8,1,2024-08,1289,815,5274.62,4298815
2024,8,1,2024-08,1290,2028,6927.62,14049213
2024,8,1,2024-08,1291,1512,6834.18,10333280
2024,8,1,2024-08,1292,1704,5918.57,10085243
2024,8,1,2024-08,1293,2321,7557.57,17541120
2024,8,1,2024-08,1294,1983,4559.6,9041687
2024,8,1,2024-08,1295,555,4121.15,2287238
2024,8,1,2024-08,1296,1703,6881.19,11718667
2024,8,1,2024-08,1297,1466,6975.05,10225423
2024,8,1,2024-08,1298,2260,4581.25,10353625
2024,8,1,2024-08,1299,783,5082.64,3979707
2024,8,1,2024-08,1300,2265,4114.93,9320316
2024,8,1,2024-08,1301,522,5094.7,2659433
2024,8,1,2024-08,1302,645,6876.46,4435317
2024,8,1,2024-08,1303,2021,5946.5,12017876
2024,8,1,2024-08,1304,1913,5404.65,10339095
2024,8,1,2024-08,1305,2166,5449.4,11803400
2024,8,1,2024-08,1306,1971,4086.91,8055300
2024,8,1,2024-08,1307,1868,5250.3,9807560
2024,8,1,2024-08,1308,1651,6394.85,10557897
2024,8,1,2024-08,1309,1162,7525.76,8744933
2024,8,1,2024-08,1310,1690,7122.16,12036450
2024,8,1,2024-08,1311,1161,4150.78,4819056
2024,8,1,2024-08,1312,1100,7359.99,8095989
2024,8,1,2024-08,1313,1731,6852.25,11861245
2024,8,1,2024-08,1314,1532,6931.19,10618583
2024,8,1,2024-08,1315,2059,5728.55,11795084
2024,8,1,2024-08,1316,2218,5454.46,12097992
2024,8,1,2024-08,1317,1399,5204.96,7281739
2024,8,1,2024-08,1318,1917,4390.96,8417470
2024,8,1,2024-08,1319,1743,4923.36,8581416
2024,8,1,2024-08,1320,1680,4975.84,8359411
2024,8,1,2024-08,1321,2235,5917.17,13224875
2024,8,1,2024-08,1322,775,6829.23,5292653
2024,8,1,2024-08,1323,1755,5831.53,10234335
2024,8,1,2024-08,1324,1967,4219.01,8298793
2024,8,1,2024-08,1325,2215,7495.94,16603507
2024,8,1,2024-08,1326,1801,7463.86,13442412
2024,8,1,2024-08,1327,1583,6931.03,10971820
2024,8,1,2024-08,1328,1230,7687.58,9455723
2024,8,1,2024-08,1329,1339,6002.65,8037548
2024,8,1,2024-08,1330,956,7571.22,7238086
2024,8,1,2024-08,1331,1007,4320.6,4350844
2024,8,1,2024-08,1332,1176,5442.19,6400015
2024,8,1,2024-08,1333,1728,4858.91,8396196
2024,8,1,2024-08,1334,1601,4858.8,7778939
2024,8,1,2024-08,1335,1866,4617.57,8616386
2024,8,1,2024-08,1336,1649,6310.89,10406658
2024,8,1,2024-08,1337,696,6910.02,4809374
2024,8,1,2024-08,1338,987,6140.98,6061147
2024,8,1,2024-08,1339,1485,4629.16,6874303
2024,8,1,2024-08,1340,1055,6958.01,7340701
2024,8,1,2024-08,1341,1786,6389.94,11412433
2024,8,1,2024-08,1342,932,5479.23,5106642
2024,8,1,2024-08,1343,2313,6503.8,15043289
2024,8,1,2024-08,1344,1828,5030.1,9195023
2024,8,1,2024-08,1345,2268,5296.91,12013392
2024,8,1,2024-08,1346,1517,7476.73,11342199
2024,8,1,2024-08,1347,862,5132.21,4423965
2024,8,1,2024-08,1348,1199,5832.6,6993287
2024,8,1,2024-08,1349,1343,7233.05,9713986
2024,8,1,2024-08,1350,1398,6531.76,9131400
2024,8,1,2024-08,1351,1527,4336.65,6622065
2024,8,1,2024-08,1352,1918,4677.33,8971119
2024,8,1,2024-08,1353,2379,4185.39,9957043
2024,8,1,2024-08,1354,1468,6400.61,9396095
2024,8,1,2024-08,1355,1357,5693.86,7726568
2024,8,1,2024-08,1356,1941,4608.7,8945487
2024,8,1,2024-08,1357,1169,7499.21,8766576
2024,8,1,2024-08,1358,968,5968.98,5777973
2024,8,1,2024-08,1359,1512,4977.44,7525889
2024,8,1,2024-08,1360,1634,5903.29,9645976
2024,8,1,2024-08,1361,1997,6508.86,12998193
2024,8,1,2024-08,1362,1592,4383.48,6978500
2024,8,1,2024-08,1363,2134,5136.26,10960779
2024,8,1,2024-08,1364,2005,6948.15,13931041
2024,8,1,2024-08,1365,1619,5776.53,9352202
2024,8,1,2024-08,1366,1513,5995.62,9071373
2024,8,1,2024-08,1367,2153,5574.61,12002135
2024,8,1,2024-08,1368,1984,4273.26,8478148
2024,8,1,2024-08,1369,1227,4692.42,5757599
2024,8,1,2024-08,1370,1433,5700.94,8169447
2024,8,1,2024-08,1371,1991,4855.09,9666484
2024,8,1,2024-08,1372,1417,4324.39,6127661
2024,8,1,2024-08,1373,756,7143.16,5400229
2024,8,1,2024-08,1374,802,7632.1,6120944
2024,8,1,2024-08,1375,1571,7000.88,10998382
2024,8,1,2024-08,1376,1529,7196.1,11002837
2024,8,1,2024-08,1377,1937,4975.96,9638435
2024,8,1,2024-08,1378,1947,7584.99,14767976
2024,8,1,2024-08,1379,1439,4794.38,6899113
2024,8,1,2024-08,1380,1117,7493.38,8370105
2024,8,1,2024-08,1381,1239,7718.9,9563717
2024,8,1,2024-08,1382,860,6637.28,5708061
2024,8,1,2024-08,1383,2090,7629.06,15944735
2024,8,1,2024-08,1384,2090,6154.94,12863825
2024,8,1,2024-08,1385,2018,5037.66,10165998
2024,8,1,2024-08,1386,2149,5746.22,12348627
2024,8,1,2024-08,1387,2193,6219.46,13639276
2024,8,1,2024-08,1388,1272,4443.77,5652475
2024,8,1,2024-08,1389,760,6279.52,4772435
2024,8,1,2024-08,1390,1476,7608.84,11230648
2024,8,1,2024-08,1391,918,4771.63,4380356
2024,8,1,2024-08,1392,769,6971.54,5361114
2024,8,1,2024-08,1393,1778,7287.88,12957851
2024,8,1,2024-08,1394,1289,7494.15,9659959
2024,8,1,2024-08,1395,1555,7577.34,11782764
2024,8,1,2024-08,1396,925,5952.47,5506035
2024,8,1,2024-08,1397,1392,7569.17,10536285
2024,8,1,2024-08,1398,1978,6782.88,13416537
2024,8,1,2024-08,1399,878,4702.98,4129216
2024,8,1,2024-08,1400,828,5736.52,4749839
2024,8,1,2024-08,1401,2436,6612.25,16107441
2024,8,1,2024-08,1402,962,4990.81,4801159
2024,8,1,2024-08,1403,1739,6419.54,11163580
2024,8,1,2024-08,1404,835,6498.55,5426289
2024,8,1,2024-08,1405,1810,4711.47,8527761
2024,8,1,2024-08,1406,2047,6076.07,12437715
2024,8,1,2024-08,1407,1774,6783.02,12033077
2024,8,1,2024-08,1408,2242,5926.25,13286652
2024,8,1,2024-08,1409,1264,4088.9,5168370
2024,8,1,2024-08,1410,1116,4158.16,4640507
2024,8,1,2024-08,1411,924,5296.96,4894391
2024,8,1,2024-08,1412,2164,7444.82,16110590
2024,8,1,2024-08,1413,1418,4920.25,6976914
2024,8,1,2024-08,1414,1144,6417.74,7341895
2024,8,1,2024-08,1415,953,4932.37,4700549
2024,8,1,2024-08,1416,1356,5237.3,7101779
2024,8,1,2024-08,1417,882,7110.29,6271276
2024,8,1,2024-08,1418,1578,6723.01,10608910
2024,8,1,2024-08,1419,1198,4421.21,5296610
2024,8,1,2024-08,1420,1675,5488.08,9192534
2024,8,1,2024-08,1421,2304,4194.33,9663736
2024,8,1,2024-08,1422,1666,5783.41,9635161
2024,8,1,2024-08,1423,1723,6447.18,11108491
2024,8,1,2024-08,1424,2250,4539.76,10214460
2024,8,1,2024-08,1425,1492,5191.45,7745643
2024,8,1,2024-08,1426,1457,5607.87,8170667
2024,8,1,2024-08,1427,1022,7412.58,7575657
2024,8,1,2024-08,1428,1857,7627.37,14164026
2024,8,1,2024-08,1429,2304,4306.87,9923028
2024,8,1,2024-08,1430,1686,6755.73,11390161
2024,8,1,2024-08,1431,1471,5400.72,7944459
2024,8,1,2024-08,1432,2014,5495.61,11068159
2024,8,1,2024-08,1433,2231,6712.98,14976658
2024,8,1,2024-08,1434,1745,7397.7,12908986
2024,8,1,2024-08,1435,893,7465.81,6666968
2024,8,1,2024-08,1436,1041,6177.26,6430528
2024,8,1,2024-08,1437,1884,5367.63,10112615
2024,8,1,2024-08,1438,508,6880.77,3495431
2024,8,1,2024-08,1439,1377,4955.19,6823297
2024,8,1,2024-08,1440,1972,6117.39,12063493
2024,8,1,2024-08,1441,882,5417.42,4778164
2024,8,1,2024-08,1442,1548,6481.75,10033749
2024,8,1,2024-08,1443,1328,4975.45,6607398
2024,8,1,2024-08,1444,1960,4813.49,9434440
2024,8,1,2024-08,1445,2013,7389.27,14874601
2024,8,1,2024-08,1446,731,4437.08,3243505
2024,8,1,2024-08,1447,701,5974.97,4188454
2024,8,1,2024-08,1448,1249,4862.87,6073725
2024,8,1,2024-08,1449,1135,4312.78,4895005
2024,8,1,2024-08,1450,1690,4260.09,7199552
2024,8,1,2024-08,1451,1140,4717.81,5378303
2024,8,1,2024-08,1452,721,7144.08,5150882
2024,8,1,2024-08,1453,2104,5127.86,10789017
2024,8,1,2024-08,1454,2138,7498.99,16032841
2024,8,1,2024-08,1455,1527,6236.92,9523777
2024,8,1,2024-08,1456,1863,5617.09,10464639
2024,8,1,2024-08,1457,2402,6224.4,14951009
2024,8,1,2024-08,1458,1980,6016.54,11912749
2024,8,1,2024-08,1459,1701,6783.38,11538529
2024,8,1,2024-08,1460,1319,5145.97,6787534
2024,8,1,2024-08,1461,1481,5428.2,8039164
2024,8,1,2024-08,1462,1079,7360.84,7942346
2024,8,1,2024-08,1463,812,7534.18,6117754
2024,8,1,2024-08,1464,2214,7371.49,16320479
2024,8,1,2024-08,1465,715,5605.45,4007897
2024,8,1,2024-08,1466,1445,6890.92,9957379
2024,8,1,2024-08,1467,1104,5876.47,6487623
2024,8,1,2024-08,1468,1589,5775.49,9177254
2024,8,1,2024-08,1469,1899,4821.71,9156427
2024,8,1,2024-08,1470,809,6179.58,4999280
2024,8,1,2024-08,1471,1697,4770.1,8094860
2024,8,1,2024-08,1472,722,5306.98,3831640
2024,8,1,2024-08,1473,591,7186.33,4247121
2024,8,1,2024-08,1474,1766,4846.62,8559131
2024,8,1,2024-08,1475,810,4364.86,3535537
2024,8,1,2024-08,1476,1876,4393.03,8241324
2024,8,1,2024-08,1477,744,7440.82,5535970
2024,8,1,2024-08,1478,888,5899.71,5238942
2024,8,1,2024-08,1479,2306,5525.37,12741503
2024,8,1,2024-08,1480,948,7001.46,6637384
2024,8,1,2024-08,1481,1507,7018.27,10576533
2024,8,1,2024-08,1482,1235,5348.93,6605929
2024,8,1,2024-08,1483,989,6618.58,6545776
2024,8,1,2024-08,1484,1819,6815.71,12397776
2024,8,1,2024-08,1485,1550,6499.02,10073481
2024,8,1,2024-08,1486,1587,4632.74,7352158
2024,8,1,2024-08,1487,1872,7202.93,13483885
2024,8,1,2024-08,1488,1038,6047.07,6276859
2024,8,1,2024-08,1489,749,5038.37,3773739
2024,8,1,2024-08,1490,2137,5607.53,11983292
2024,8,1,2024-08,1491,884,4253.79,3760350
2024,8,1,2024-08,1492,1177,4640.08,5461374
2024,8,1,2024-08,1493,1365,6782.69,9258372
2024,8,1,2024-08,1494,1902,4049.04,7701274
2024,8,1,2024-08,1495,1133,5581.34,6323658
2024,8,1,2024-08,1496,1778,5956.4,10590479
2024,8,1,2024-08,1497,1600,4333.3,6933280
2024,8,1,2024-08,1498,1919,7650.54,14681386
2024,8,1,2024-08,1499,1216,4957.42,6028223
2024,8,1,2024-08,1500,1885,5170.5,9746392
2024,8,1,2024-08,1501,2041,5254.76,10724965
2024,8,1,2024-08,1502,1299,4923.09,6395094
2024,8,1,2024-08,1503,641,4131.28,2648150
2024,8,1,2024-08,1504,2264,6729.37,15235294
2024,8,1,2024-08,1505,1715,7579.85,12999443
2024,8,1,2024-08,1506,1738,4943.98,8592637
2024,8,1,2024-08,1507,1460,6509.71,9504177
2024,8,1,2024-08,1508,934,6788.05,6340039
2024,8,1,2024-08,1509,1674,7112.69,11906643
2024,8,1,2024-08,1510,2164,5574.72,12063694
2024,8,1,2024-08,1511,1064,5219.32,5553356
2024,8,1,2024-08,1512,1221,5280.86,6447930
2024,8,1,2024-08,1513,1021,6690.25,6830745
2024,8,1,2024-08,1514,1374,7002.33,9621201
2024,8,1,2024-08,1515,868,4785.42,4153745
2024,8,1,2024-08,1516,1482,5415.35,8025549
2024,8,1,2024-08,1517,1462,7311.22,10689004
2024,8,1,2024-08,1518,1682,7039.89,11841095
2024,8,1,2024-08,1519,1700,7673.62,13045154
2024,8,1,2024-08,1520,2322,6809.39,15811404
2024,8,1,2024-08,1521,1334,5492.99,7327649
2024,8,1,2024-08,1522,2013,6210.82,12502381
2024,8,1,2024-08,1523,1806,6472.83,11689931
2024,8,1,2024-08,1524,1211,4365.75,5286923
2024,8,1,2024-08,1525,1833,6064.06,11115422
2024,8,1,2024-08,1526,1512,6616.16,10003634
2024,8,1,2024-08,1527,1278,4770.85,6097146
2024,8,1,2024-08,1528,2114,6804.66,14385051
2024,8,1,2024-08,1529,1254,6161.49,7726508
2024,8,1,2024-08,1530,2056,7542.22,15506804
2024,8,1,2024-08,1531,2023,4325.32,8750122
2024,8,1,2024-08,1532,1798,5024.44,9033943
2024,8,1,2024-08,1533,1696,6243.22,10588501
2024,8,1,2024-08,1534,1411,5183.73,7314243
2024,8,1,2024-08,1535,986,6679.64,6586125
2024,8,1,2024-08,1536,1954,6822.68,13331517
2024,8,1,2024-08,1537,981,4504.35,4418767
2024,8,1,2024-08,1538,1707,5953.32,10162317
2024,8,1,2024-08,1539,1988,5936.48,11801722
2024,8,1,2024-08,1540,1697,5493.64,9322707
2024,8,1,2024-08,1541,1662,7430.96,12350256
2024,8,1,2024-08,1542,853,7050.64,6014196
2024,8,1,2024-08,1543,1591,6581.92,10471835
2024,8,1,2024-08,1544,1277,6630.27,8466855
2024,8,1,2024-08,1545,765,5748.39,4397518
2024,8,1,2024-08,1546,1338,7368.09,9858504
2024,8,1,2024-08,1547,2481,6607.04,16392066
2024,8,1,2024-08,1548,2021,6730.59,13602522
2024,8,1,2024-08,1549,1823,7194.61,13115774
2024,8,1,2024-08,1550,2165,5100.58,11042756
2024,8,1,2024-08,1551,1579,7024.97,11092428
2024,8,1,2024-08,1552,1964,4754.63,9338093
2024,8,1,2024-08,1553,636,5349.75,3402441
2024,8,1,2024-08,1554,1135,5374.97,6100591
2024,8,1,2024-08,1555,2342,7577.56,17746646
2024,8,1,2024-08,1556,1998,7278.08,14541604
2024,8,1,2024-08,1557,1808,6596.15,11925839
2024,8,1,2024-08,1558,2237,6713.5,15018100
2024,8,1,2024-08,1559,1003,6125.57,6143947
2024,8,1,2024-08,1560,1370,7424.68,10171812
2024,8,1,2024-08,1561,1775,5841.11,10367970
2024,8,1,2024-08,1562,1198,5492.97,6580578
2024,8,1,2024-08,1563,1085,4675.18,5072570
2024,8,1,2024-08,1564,857,6874.69,5891609
2024,8,1,2024-08,1565,1460,6783.45,9903837
2024,8,1,2024-08,1566,2171,5490.86,11920657
2024,8,1,2024-08,1567,2000,4186.39,8372780
2024,8,1,2024-08,1568,2008,7205.39,14468423
2024,8,1,2024-08,1569,1856,4098.51,7606835
2024,8,1,2024-08,1570,1656,6572.34,10883795
2024,8,1,2024-08,1571,656,7554.01,4955431
2024,8,1,2024-08,1572,1819,5680.12,10332138
2024,8,1,2024-08,1573,1445,4963.18,7171795
2024,8,1,2024-08,1574,1035,6590.28,6820940
2024,8,1,2024-08,1575,1076,6961.75,7490843
2024,8,1,2024-08,1576,1621,6082.77,9860170
2024,8,1,2024-08,1577,1506,7540.52,11356023
2024,8,1,2024-08,1578,1124,4287.77,4819453
2024,8,1,2024-08,1579,2319,5911.5,13708768
2024,8,1,2024-08,1580,1932,6714.61,12972627
2024,8,1,2024-08,1581,856,7164.06,6132435
2024,8,1,2024-08,1582,1031,4815.11,4964378
2024,8,1,2024-08,1583,1667,6956.56,11596586
2024,8,1,2024-08,1584,1495,6018.53,8997702
2024,8,1,2024-08,1585,2145,5475.22,11744347
2024,8,1,2024-08,1586,1070,4526.24,4843077
2024,8,1,2024-08,1587,1173,7163.84,8403184
2024,8,1,2024-08,1588,1466,4676.63,6855940
2024,8,1,2024-08,1589,638,5255.62,3353086
2024,8,1,2024-08,1590,1996,5039.79,10059421
2024,8,1,2024-08,1591,1897,7258.77,13769887
2024,8,1,2024-08,1592,1221,6571.58,8023899
2024,8,1,2024-08,1593,1230,7043.59,8663616
2024,8,1,2024-08,1594,812,5017.13,4073910
2024,8,1,2024-08,1595,1107,6256.95,6926444
2024,8,1,2024-08,1596,1049,6086.53,6384770
2024,8,1,2024-08,1597,1466,7120.69,10438932
2024,8,1,2024-08,1598,1377,7346.67,10116365
2024,8,1,2024-08,1599,1301,4117.78,5357232
2024,8,1,2024-08,1600,1186,6445.55,7644422
2024,8,1,2024-08,1601,1527,4239.57,6473823
2024,8,1,2024-08,1602,1986,6088.79,12092337
2024,8,1,2024-08,1603,1744,5152.69,8986291
2024,8,1,2024-08,1604,2160,5243.06,11325010
2024,8,1,2024-08,1605,827,5424.1,4485731
2024,8,1,2024-08,1606,710,6284.66,4462109
2024,8,1,2024-08,1607,1680,5338.62,8968882
2024,8,1,2024-08,1608,2392,6689.12,16000375
2024,8,1,2024-08,1609,1311,5543.47,7267489
2024,8,1,2024-08,1610,1479,4314.1,6380554
2024,8,1,2024-08,1611,2336,6939.73,16211209
2024,8,1,2024-08,1612,1981,5098.34,10099812
2024,8,1,2024-08,1613,2008,5679.21,11403854
2024,8,1,2024-08,1614,2368,6575.09,15569813
2024,8,1,2024-08,1615,953,5342.65,5091545
2024,8,1,2024-08,1616,1932,4331.3,8368072
2024,8,1,2024-08,1617,1007,5523.77,5562436
2024,8,1,2024-08,1618,1886,7450.72,14052058
2024,8,1,2024-08,1619,1319,6433.03,8485167
2024,8,1,2024-08,1620,1444,6521.66,9417277
2024,8,1,2024-08,1621,2302,6329.5,14570509
2024,8,1,2024-08,1622,1670,4857.24,8111591
2024,8,1,2024-08,1623,2031,5636.76,11448260
2024,8,1,2024-08,1624,2184,6758.7,14761001
2024,8,1,2024-08,1625,2064,4389.91,9060774
2024,8,1,2024-08,1626,1970,5091.46,10030176
2024,8,1,2024-08,1627,941,5059.82,4761291
2024,8,1,2024-08,1628,1939,5654.73,10964521
2024,8,1,2024-08,1629,907,7608.57,6900973
2024,8,1,2024-08,1630,1807,4424.2,7994529
2024,8,1,2024-08,1631,1737,5924.14,10290231
2024,8,1,2024-08,1632,924,4770.63,4408062
2024,8,1,2024-08,1633,950,7512.59,7136960
2024,8,1,2024-08,1634,972,4463.74,4338755
2024,8,1,2024-08,1635,1576,5525.87,8708771
2024,8,1,2024-08,1636,1632,6703.01,10939312
2024,8,1,2024-08,1637,1488,6641.51,9882567
2024,8,1,2024-08,1638,2085,5612.92,11702938
2024,8,1,2024-08,1639,1782,5378.81,9585039
2024,8,1,2024-08,1640,1200,5478.19,6573828
2024,8,1,2024-08,1641,1309,5055.66,6617859
2024,8,1,2024-08,1642,1589,4803.37,7632555
2024,8,1,2024-08,1643,703,5887.08,4138617
2024,8,1,2024-08,1644,1878,5016.66,9421287
2024,8,1,2024-08,1645,975,5051.42,4925134
2024,8,1,2024-08,1646,641,6424.56,4118143
2024,8,1,2024-08,1647,631,7515.3,4742154
2024,8,1,2024-08,1648,1574,6267.48,9865014
2024,8,1,2024-08,1649,1948,4404.1,8579187
2024,8,1,2024-08,1650,1750,4405.76,7710080
2024,8,1,2024-08,1651,1889,7408.48,13994619
2024,8,1,2024-08,1652,944,5198.16,4907063
2024,8,1,2024-08,1653,1518,4442.08,6743077
2024,8,1,2024-08,1654,2128,6276.18,13355711
2024,8,1,2024-08,1655,1958,6372.16,12476689
2024,8,1,2024-08,1656,1897,6393.69,12128830
2024,8,1,2024-08,1657,2337,5018.07,11727230
2024,8,1,2024-08,1658,1061,4171.44,4425898
2024,8,1,2024-08,1659,1648,7596.59,12519180
2024,8,1,2024-08,1660,1978,4943.43,9778105
2024,8,1,2024-08,1661,1723,6522.71,11238629
2024,8,1,2024-08,1662,1578,6605.95,10424189
2024,8,1,2024-08,1663,2445,6260.3,15306434
2024,8,1,2024-08,1664,778,5203.96,4048681
2024,8,1,2024-08,1665,1293,5101.48,6596214
2024,8,1,2024-08,1666,2102,6265.73,13170564
2024,8,1,2024-08,1667,801,7159.52,5734776
2024,8,1,2024-08,1668,2268,7425.99,16842145
2024,8,1,2024-08,1669,1873,4529.69,8484109
2024,8,1,2024-08,1670,1553,4692.38,7287266
2024,8,1,2024-08,1671,2126,7536.4,16022386
2024,8,1,2024-08,1672,1853,6760.87,12527892
2024,8,1,2024-08,1673,1827,7319.89,13373439
2024,8,1,2024-08,1674,1844,4722.98,8709175
2024,8,1,2024-08,1675,928,6198.42,5752134
2024,8,1,2024-08,1676,1140,6578.43,7499410
2024,8,1,2024-08,1677,2233,6623.81,14790968
2024,8,1,2024-08,1678,2019,5508.09,11120834
2024,8,1,2024-08,1679,1651,4097.27,6764593
2024,8,1,2024-08,1680,1239,6158.76,7630704
2024,8,1,2024-08,1681,872,4984.03,4346074
2024,8,1,2024-08,1682,1932,5695.66,11004015
2024,8,1,2024-08,1683,1777,7567.25,13447003
2024,8,1,2024-08,1684,1545,5596.15,8646052
2024,8,1,2024-08,1685,1680,7149.11,12010505
2024,8,1,2024-08,1686,1213,4888.34,5929556
2024,8,1,2024-08,1687,1690,6564.89,11094664
2024,8,1,2024-08,1688,1777,7567.57,13447572
2024,8,1,2024-08,1689,2039,4461.94,9097896
2024,8,1,2024-08,1690,1078,4168.01,4493115
2024,8,1,2024-08,1691,1198,5600.94,6709926
2024,8,1,2024-08,1692,993,4419.83,4388891
2024,8,1,2024-08,1693,748,6807.87,5092287
2024,8,1,2024-08,1694,1391,7458.77,10375149
2024,8,1,2024-08,1695,2267,5656.05,12822265
2024,8,1,2024-08,1696,1758,5036.4,8853991
2024,8,1,2024-08,1697,1009,5679.15,5730262
2024,8,1,2024-08,1698,2113,6611.39,13969867
2024,8,1,2024-08,1699,2123,4118.8,8744212
2024,8,1,2024-08,1700,900,6171.85,5554665
2024,8,1,2024-08,1701,2144,6330.54,13572678
2024,8,1,2024-08,1702,1134,6363.05,7215699
2024,8,1,2024-08,1703,1914,5022.77,9613582
2024,8,1,2024-08,1704,670,6675.45,4472552
2024,8,1,2024-08,1705,1182,4422.28,5227135
2024,8,1,2024-08,1706,1249,4789.88,5982560
2024,8,1,2024-08,1707,1560,7208.03,11244527
2024,8,1,2024-08,1708,1432,6816.6,9761371
2024,8,1,2024-08,1709,999,4060.21,4056150
2024,8,1,2024-08,1710,1238,4987,6173906
2024,8,1,2024-08,1711,2148,4873.15,10467526
2024,8,1,2024-08,1712,1831,4969.31,9098807
2024,8,1,2024-08,1713,1072,5046.74,5410105
2024,8,1,2024-08,1714,844,4335.72,3659348
2024,8,1,2024-08,1715,1157,5776.55,6683468
2024,8,1,2024-08,1716,1570,6756.1,10607077
2024,8,1,2024-08,1717,765,6313.06,4829491
2024,8,1,2024-08,1718,798,6545.02,5222926
2024,8,1,2024-08,1719,1306,4429.23,5784574
2024,8,1,2024-08,1720,1663,7522.39,12509735
2024,8,1,2024-08,1721,1608,7145.28,11489610
2024,8,1,2024-08,1722,1854,7104,13170816
2024,8,1,2024-08,1723,1504,7006.9,10538378
2024,8,1,2024-08,1724,1069,7460.83,7975627
2024,8,1,2024-08,1725,2270,6086.44,13816219
2024,8,1,2024-08,1726,1423,4749.55,6758610
2024,8,1,2024-08,1727,1232,6393.23,7876459
2024,8,1,2024-08,1728,2253,6788.19,15293792
2024,8,1,2024-08,1729,1068,6755.2,7214554
2024,8,1,2024-08,1730,1113,5950.97,6623430
2024,8,1,2024-08,1731,2153,4385.5,9441982
2024,8,1,2024-08,1732,1321,5379.36,7106135
2024,8,1,2024-08,1733,1080,7472.81,8070635
2024,8,1,2024-08,1734,1957,6239.57,12210838
2024,8,1,2024-08,1735,1897,6021.99,11423715
2024,8,1,2024-08,1736,1679,5128.84,8611322
2024,8,1,2024-08,1737,1975,5341.77,10549996
2024,8,1,2024-08,1738,667,7258.73,4841573
2024,8,1,2024-08,1739,1335,6488.49,8662134
2024,8,1,2024-08,1740,1942,6922.77,13444019
2024,8,1,2024-08,1741,1575,5747.63,9052517
2024,8,1,2024-08,1742,1369,6365.7,8714643
2024,8,1,2024-08,1743,1247,5047.06,6293684
2024,8,1,2024-08,1744,1583,6559.73,10384053
2024,8,1,2024-08,1745,1057,5545.63,5861731
2024,8,1,2024-08,1746,1691,5622.32,9507343
2024,8,1,2024-08,1747,1799,6366.2,11452794
2024,8,1,2024-08,1748,2218,7452.52,16529689
2024,8,1,2024-08,1749,1267,4325.68,5480637
2024,8,1,2024-08,1750,1062,7066.73,7504867
2024,8,1,2024-08,1751,2201,5165.15,11368495
2024,8,1,2024-08,1752,1207,5703.2,6883762
2024,8,1,2024-08,1753,1892,4112.74,7781304
2024,8,1,2024-08,1754,2034,5170.38,10516553
2024,8,1,2024-08,1755,1778,5877.96,10451013
2024,8,1,2024-08,1756,2210,4359.83,9635224
2024,8,1,2024-08,1757,1372,5875.64,8061378
2024,8,1,2024-08,1758,1061,7502.74,7960407
2024,8,1,2024-08,1759,2177,4436.46,9658173
2024,8,1,2024-08,1760,711,6823.95,4851828
2024,8,1,2024-08,1761,1878,5610.08,10535730
2024,8,1,2024-08,1762,1112,6424.45,7143988
2024,8,1,2024-08,1763,1693,5051.58,8552325
2024,8,1,2024-08,1764,1504,4647.07,6989193
2024,8,1,2024-08,1765,1029,4730.36,4867540
2024,8,1,2024-08,1766,2085,4293.01,8950926
2024,8,1,2024-08,1767,2004,4854.2,9727817
2024,8,1,2024-08,1768,1618,6513.81,10539345
2024,8,1,2024-08,1769,801,7279.18,5830623
2024,8,1,2024-08,1770,1836,7032.92,12912441
2024,8,1,2024-08,1771,1156,6522.74,7540287
2024,8,1,2024-08,1772,1756,4531.03,7956489
2024,8,1,2024-08,1773,1111,5115.02,5682787
2024,8,1,2024-08,1774,1599,5117.43,8182771
2024,8,1,2024-08,1775,1383,5002.28,6918153
2024,8,1,2024-08,1776,622,5912.36,3677488
2024,8,1,2024-08,1777,1268,6025.85,7640778
2024,8,1,2024-08,1778,1840,5379.74,9898722
2024,8,1,2024-08,1779,1238,5305.63,6568370
2024,8,1,2024-08,1780,1241,7138.93,8859412
2024,8,1,2024-08,1781,2046,6896.58,14110403
2024,8,1,2024-08,1782,1415,5252.95,7432924
2024,8,1,2024-08,1783,1423,7339.59,10444237
2024,8,1,2024-08,1784,1209,7511.8,9081766
2024,8,1,2024-08,1785,1729,5285.23,9138163
2024,8,1,2024-08,1786,1290,5279.99,6811187
2024,8,1,2024-08,1787,2194,5884.29,12910132
2024,8,1,2024-08,1788,1683,7481.02,12590557
2024,8,1,2024-08,1789,1030,7240.07,7457272
2024,8,1,2024-08,1790,1345,4472.4,6015378
2024,8,1,2024-08,1791,1814,5549.36,10066539
2024,8,1,2024-08,1792,927,6046.27,5604892
2024,8,1,2024-08,1793,1790,5906.05,10571830
2024,8,1,2024-08,1794,1871,4735.99,8861037
2024,8,1,2024-08,1795,1841,7151.92,13166685
2024,8,1,2024-08,1796,796,6579.6,5237362
2024,8,1,2024-08,1797,1585,7100.39,11254118
2024,8,1,2024-08,1798,1440,7153.11,10300478
2024,8,1,2024-08,1799,1297,6742.87,8745502
2024,8,1,2024-08,1800,2265,5611.97,12711112
2024,8,1,2024-08,1801,1432,6329.59,9063973
2024,8,1,2024-08,1802,2106,4772.24,10050337
2024,8,1,2024-08,1803,1307,6492.89,8486207
2024,8,1,2024-08,1804,1767,4662.52,8238673
2024,8,1,2024-08,1805,1014,6653.76,6746913
2024,8,1,2024-08,1806,667,4883.61,3257368
2024,8,1,2024-08,1807,2064,4540.47,9371530
2024,8,1,2024-08,1808,1707,4717.54,8052841
2024,8,1,2024-08,1809,1717,4160.62,7143785
2024,8,1,2024-08,1810,1190,6662.39,7928244
2024,8,1,2024-08,1811,1897,6742.43,12790390
2024,8,1,2024-08,1812,1597,5929.3,9469092
2024,8,1,2024-08,1813,1647,4590.03,7559779
2024,8,1,2024-08,1814,1776,4382.78,7783817
2024,8,1,2024-08,1815,1864,4187.91,7806264
2024,8,1,2024-08,1816,1777,4650.39,8263743
2024,8,1,2024-08,1817,2196,7292.16,16013583
2024,8,1,2024-08,1818,1540,4978.48,7666859
2024,8,1,2024-08,1819,2234,5429.74,12130039
2024,8,1,2024-08,1820,1587,4437.66,7042566
2024,8,1,2024-08,1821,2252,4908.76,11054528
2024,8,1,2024-08,1822,1855,5910.07,10963180
2024,8,1,2024-08,1823,908,6177.45,5609125
2024,8,1,2024-08,1824,1036,4958.51,5137016
2024,8,1,2024-08,1825,1783,4284.48,7639228
2024,8,1,2024-08,1826,705,5516.3,3888992
2024,8,1,2024-08,1827,2303,4992.33,11497336
2024,8,1,2024-08,1828,2154,4892.54,10538531
2024,8,1,2024-08,1829,2123,7505.54,15934261
2024,8,1,2024-08,1830,1066,6269.31,6683084
2024,8,1,2024-08,1831,1845,6146.29,11339905
2024,8,1,2024-08,1832,1960,5620.23,11015651
2024,8,1,2024-08,1833,2019,5596.65,11299636
2024,8,1,2024-08,1834,1687,5975.26,10080264
2024,8,1,2024-08,1835,1757,6553,11513621
2024,8,1,2024-08,1836,1597,6657.76,10632443
2024,8,1,2024-08,1837,2033,4674.09,9502425
2024,8,1,2024-08,1838,992,5911.57,5864277
2024,8,1,2024-08,1839,907,5651.84,5126219
2024,8,1,2024-08,1840,1581,7179.51,11350805
2024,8,1,2024-08,1841,1195,6343.41,7580375
2024,8,1,2024-08,1842,1828,6005.27,10977634
2024,8,1,2024-08,1843,2204,4443.03,9792438
2024,8,1,2024-08,1844,1170,6236.24,7296401
2024,8,1,2024-08,1845,1271,4529.75,5757312
2024,8,1,2024-08,1846,1814,5264.62,9550021
2024,8,1,2024-08,1847,873,4709.6,4111481
2024,8,1,2024-08,1848,936,6555.08,6135555
2024,8,1,2024-08,1849,1021,4832.15,4933625
2024,8,1,2024-08,1850,1779,5477.96,9745291
2024,8,1,2024-08,1851,1398,7294.3,10197431
2024,8,1,2024-08,1852,1097,4800.71,5266379
2024,8,1,2024-08,1853,1605,5824.98,9349093
2024,8,1,2024-08,1854,1966,5585.6,10981290
2024,8,1,2024-08,1855,1295,4248.78,5502170
2024,8,1,2024-08,1856,1983,7010.55,13901921
2024,8,1,2024-08,1857,1427,4302.08,6139068
2024,8,1,2024-08,1858,1003,5726.59,5743770
2024,8,1,2024-08,1859,1217,6015.05,7320316
2024,8,1,2024-08,1860,1872,6305.89,11804626
2024,8,1,2024-08,1861,2222,6539.93,14531724
2024,8,1,2024-08,1862,1261,5026.37,6338253
2024,8,1,2024-08,1863,1854,4119.67,7637868
2024,8,1,2024-08,1864,1650,6728.94,11102751
2024,8,1,2024-08,1865,1541,6044.66,9314821
2024,8,1,2024-08,1866,1867,7107.87,13270393
2024,8,1,2024-08,1867,1078,7034.16,7582824
2024,8,1,2024-08,1868,916,7162.51,6560859
2024,8,1,2024-08,1869,1121,5865.72,6575472
2024,8,1,2024-08,1870,2032,5229.89,10627136
2024,8,1,2024-08,1871,1540,6956.74,10713380
2024,8,1,2024-08,1872,1031,5690.45,5866854
2024,8,1,2024-08,1873,1892,4799.94,9081486
2024,8,1,2024-08,1874,1333,7189.28,9583310
2024,8,1,2024-08,1875,675,7335.71,4951604
2024,8,1,2024-08,1876,1144,5680.1,6498034
2024,8,1,2024-08,1877,2088,4387.16,9160390
2024,8,1,2024-08,1878,1257,5460.12,6863371
2024,8,1,2024-08,1879,2128,7071.66,15048492
2024,8,1,2024-08,1880,1309,7190.48,9412338
2024,8,1,2024-08,1881,814,4849.88,3947802
2024,8,1,2024-08,1882,685,4367.21,2991539
2024,8,1,2024-08,1883,2184,7143.52,15601448
2024,8,1,2024-08,1884,1501,5518.39,8283103
2024,8,1,2024-08,1885,1528,5949.01,9090087
2024,8,1,2024-08,1886,921,7531.5,6936512
2024,8,1,2024-08,1887,2305,4359.08,10047679
2024,8,1,2024-08,1888,2171,6376.81,13844055
2024,8,1,2024-08,1889,1725,4371.09,7540130
2024,8,1,2024-08,1890,770,5444.89,4192565
2024,8,1,2024-08,1891,1937,7000.85,13560646
2024,8,1,2024-08,1892,1135,5604.51,6361119
2024,8,1,2024-08,1893,1404,7709.84,10824615
2024,8,1,2024-08,1894,1669,5971.58,9966567
2024,8,1,2024-08,1895,1877,5319.37,9984457
2024,8,1,2024-08,1896,2064,4878.13,10068460
2024,8,1,2024-08,1897,1375,5349.02,7354903
2024,8,1,2024-08,1898,2245,5448.57,12232040
2024,8,1,2024-08,1899,1814,4356.95,7903507
2024,8,1,2024-08,1900,947,5424,5136528
2024,8,1,2024-08,1901,1390,5818.73,8088035
2024,8,1,2024-08,1902,1404,6618.18,9291925
2024,8,1,2024-08,1903,1637,6407.9,10489732
2024,8,1,2024-08,1904,861,6656.44,5731195
2024,8,1,2024-08,1905,743,4116.07,3058240
2024,8,1,2024-08,1906,891,4939.05,4400694
2024,8,1,2024-08,1907,1500,6569.32,9853980
2024,8,1,2024-08,1908,1263,5833.45,7367647
2024,8,1,2024-08,1909,892,4044.24,3607462
2024,8,1,2024-08,1910,1535,6939.59,10652271
2024,8,1,2024-08,1911,1975,6774.01,13378670
2024,8,1,2024-08,1912,994,6091.45,6054901
2024,8,1,2024-08,1913,2031,4297.71,8728649
2024,8,1,2024-08,1914,1520,6836.25,10391100
2024,8,1,2024-08,1915,854,6176.77,5274962
2024,8,1,2024-08,1916,1016,6949.48,7060672
2024,8,1,2024-08,1917,736,6793.13,4999744
2024,8,1,2024-08,1918,1788,6961.7,12447520
2024,8,1,2024-08,1919,709,5913.45,4192636
2024,8,1,2024-08,1920,1622,4631.59,7512439
2024,8,1,2024-08,1921,1173,6452.91,7569263
2024,8,1,2024-08,1922,2038,6264.8,12767662
2024,8,1,2024-08,1923,972,6729.96,6541521
2024,8,1,2024-08,1924,1423,4803.89,6835935
2024,8,1,2024-08,1925,620,4795.36,2973123
2024,8,1,2024-08,1926,1599,7284.11,11647292
2024,8,1,2024-08,1927,2082,6798.62,14154727
2024,8,1,2024-08,1928,2017,7360.6,14846330
2024,8,1,2024-08,1929,804,6805.74,5471815
2024,8,1,2024-08,1930,2048,6194.29,12685906
2024,8,1,2024-08,1931,1250,6421.81,8027263
2024,8,1,2024-08,1932,2285,7272.53,16617731
2024,8,1,2024-08,1933,1591,6108.55,9718703
2024,8,1,2024-08,1934,2122,6354.14,13483485
2024,8,1,2024-08,1935,2152,4670.96,10051906
2024,8,1,2024-08,1936,2038,5773.11,11765598
2024,8,1,2024-08,1937,2069,6719.95,13903577
2024,8,1,2024-08,1938,915,5083.83,4651704
2024,8,1,2024-08,1939,1231,4791.57,5898423
2024,8,1,2024-08,1940,1279,5206.18,6658704
2024,8,1,2024-08,1941,605,5021.45,3037977
2024,8,1,2024-08,1942,1140,4843.37,5521442
2024,8,1,2024-08,1943,2129,5585.66,11891870
2024,8,1,2024-08,1944,879,7310.68,6426088
2024,8,1,2024-08,1945,1860,5919.06,11009452
2024,8,1,2024-08,1946,2151,4784.49,10291438
2024,8,1,2024-08,1947,2100,4408.46,9257766
2024,8,1,2024-08,1948,645,6559.13,4230639
2024,8,1,2024-08,1949,1069,5539.72,5921961
2024,8,1,2024-08,1950,1640,7064.18,11585255
2024,8,1,2024-08,1951,1290,6442.07,8310270
2024,8,1,2024-08,1952,1881,6986.92,13142397
2024,8,1,2024-08,1953,1658,5160.7,8556441
2024,8,1,2024-08,1954,1593,6600.14,10514023
2024,8,1,2024-08,1955,499,5126.01,2557879
2024,8,1,2024-08,1956,1717,7414.99,12731538
2024,8,1,2024-08,1957,1693,6291.31,10651188
2024,8,1,2024-08,1958,1965,5286.97,10388896
2024,8,1,2024-08,1959,1917,5117.45,9810152
2024,8,1,2024-08,1960,942,4725.64,4451553
2024,8,1,2024-08,1961,1762,6642.34,11703803
2024,8,1,2024-08,1962,2163,4865.05,10523103
2024,8,1,2024-08,1963,2102,6258.66,13155703
2024,8,1,2024-08,1964,970,5060.79,4908966
2024,8,1,2024-08,1965,2020,6490.52,13110850
2024,8,1,2024-08,1966,1449,7042.08,10203974
2024,8,1,2024-08,1967,1998,6880.69,13747619
2024,8,1,2024-08,1968,1218,6803.75,8286968
2024,8,1,2024-08,1969,952,4789.38,4559490
2024,8,1,2024-08,1970,1367,4406.26,6023357
2024,8,1,2024-08,1971,1020,6570.63,6702043
2024,8,1,2024-08,1972,1037,5434.04,5635099
2024,8,1,2024-08,1973,1891,5621.68,10630597
2024,8,1,2024-08,1974,1488,4205.28,6257457
2024,8,1,2024-08,1975,1214,5006.91,6078389
2024,8,1,2024-08,1976,2328,4293.3,9994802
2024,8,1,2024-08,1977,1029,7251.03,7461310
2024,8,1,2024-08,1978,1708,4901.66,8372035
2024,8,1,2024-08,1979,1915,6151.56,11780237
2024,8,1,2024-08,1980,1698,4160.46,7064461
2024,8,1,2024-08,1981,1687,6583.3,11106027
2024,8,1,2024-08,1982,699,5259.46,3676363
2024,8,1,2024-08,1983,1210,7285.18,8815068
2024,8,1,2024-08,1984,721,7261.86,5235801
2024,8,1,2024-08,1985,2055,5194.12,10673917
2024,8,1,2024-08,1986,1148,7319.48,8402763
2024,8,1,2024-08,1987,1682,7644.47,12857999
2024,8,1,2024-08,1988,2151,7051.21,15167153
2024,8,1,2024-08,1989,1608,7164.08,11519841
2024,8,1,2024-08,1990,943,5006.68,4721299
2024,8,1,2024-08,1991,1802,6112.7,11015085
2024,8,1,2024-08,1992,612,4298.59,2630737
2024,8,1,2024-08,1993,1119,4453.36,4983310
2024,8,1,2024-08,1994,1526,7696.37,11744661
2024,8,1,2024-08,1995,1348,5267.35,7100388
2024,8,1,2024-08,1996,1639,6802.87,11149904
2024,8,1,2024-08,1997,2227,6993.41,15574324
2024,8,1,2024-08,1998,2212,7178.32,15878444
2024,8,1,2024-08,1999,1193,7707.58,9195143
2024,8,1,2024-08,2000,1950,5052.66,9852687
2024,8,1,2024-08,2001,780,4260.4,3323112
2024,8,1,2024-08,2002,1566,5711.66,8944460
2024,8,1,2024-08,2003,1451,4574.28,6637280
2024,8,1,2024-08,2004,1108,4188.62,4640991
2024,8,1,2024-08,2005,2149,5479.32,11775059
2024,8,1,2024-08,2006,2091,6897.58,14422840
2024,8,1,2024-08,2007,1601,6045.61,9679022
2024,8,1,2024-08,2008,1388,5171.79,7178445
2024,8,1,2024-08,2009,1027,6483.06,6658103
2024,8,1,2024-08,2010,2241,4954.24,11102452
2024,8,1,2024-08,2011,1686,4112.29,6933321
2024,8,1,2024-08,2012,1154,6747.58,7786707
2024,8,1,2024-08,2013,1452,6315.8,9170542
2024,8,1,2024-08,2014,2102,6882.27,14466532
2024,8,1,2024-08,2015,902,4236.79,3821585
2024,8,1,2024-08,2016,2133,7079.86,15101341
2024,8,1,2024-08,2017,1299,6268.37,8142613
2024,8,1,2024-08,2018,1934,6102.57,11802370
2024,8,1,2024-08,2019,2185,6360,13896600
2024,8,1,2024-08,2020,1017,7184.94,7307084
2024,8,1,2024-08,2021,598,6193.71,3703839
2024,8,1,2024-08,2022,1940,6230.36,12086898
2024,8,1,2024-08,2023,1424,7609.88,10836469
2024,8,1,2024-08,2024,1505,6829.57,10278503
2024,8,1,2024-08,2025,758,5677.06,4303211
2024,8,1,2024-08,2026,1239,6705.83,8308523
2024,8,1,2024-08,2027,1109,5533.35,6136485
2024,8,1,2024-08,2028,2139,4981.22,10654830
2024,8,1,2024-08,2029,1800,6264.44,11275992
2024,8,1,2024-08,2030,1412,7399.38,10447925
2024,8,1,2024-08,2031,1035,7488.62,7750722
2024,8,1,2024-08,2032,512,5341.37,2734781
2024,8,1,2024-08,2033,1128,5999.55,6767492
2024,8,1,2024-08,2034,1202,4823.76,5798160
2024,8,1,2024-08,2035,1786,7695.95,13744967
2024,8,1,2024-08,2036,1895,7591.55,14385987
2024,8,1,2024-08,2037,1144,6401.27,7323053
2024,8,1,2024-08,2038,1040,6992.37,7272065
2024,8,1,2024-08,2039,1156,6631.74,7666291
2024,8,1,2024-08,2040,794,6189.38,4914368
2024,8,1,2024-08,2041,1043,4251.26,4434064
2024,8,1,2024-08,2042,1219,5775.02,7039749
2024,8,1,2024-08,2043,2043,6579.87,13442674
2024,8,1,2024-08,2044,867,6611.31,5732006
2024,8,1,2024-08,2045,1619,5478.87,8870291
2024,8,1,2024-08,2046,1888,7365.67,13906385
2024,8,1,2024-08,2047,1807,4715.48,8520872
2024,8,1,2024-08,2048,622,5880.65,3657764
2024,8,1,2024-08,2049,814,6680.5,5437927
2024,8,1,2024-08,2050,1866,6613.03,12339914
2024,8,1,2024-08,2051,2033,6384.56,12979810
2024,8,1,2024-08,2052,1144,5054.31,5782131
2024,8,1,2024-08,2053,2187,4582.58,10022102
2024,8,1,2024-08,2054,2260,6373.39,14403861
2024,8,1,2024-08,2055,1195,6174.86,7378958
2024,8,1,2024-08,2056,957,4653.1,4453017
2024,8,1,2024-08,2057,1614,6582.05,10623429
2024,8,1,2024-08,2058,2040,5684.08,11595523
2024,8,1,2024-08,2059,814,6493.54,5285742
2024,8,1,2024-08,2060,2189,7114.21,15573006
2024,8,1,2024-08,2061,1817,4709.74,8557598
2024,8,1,2024-08,2062,1206,4166.1,5024317
2024,8,1,2024-08,2063,959,6906.04,6622892
2024,8,1,2024-08,2064,1321,6334.59,8367993
2024,8,1,2024-08,2065,1707,6559.46,11196998
2024,8,1,2024-08,2066,1836,7114.35,13061947
2024,8,1,2024-08,2067,2220,6974.34,15483035
2024,8,1,2024-08,2068,1899,7556.92,14350591
2024,8,1,2024-08,2069,760,6010.32,4567843
2024,8,1,2024-08,2070,2093,5809.32,12158907
2024,8,1,2024-08,2071,1689,5533.39,9345896
2024,8,1,2024-08,2072,1261,4619.43,5825101
2024,8,1,2024-08,2073,1157,6105.58,7064156
2024,8,1,2024-08,2074,1311,5146.51,6747075
2024,8,1,2024-08,2075,1947,7403.71,14415023
2024,8,1,2024-08,2076,1903,6099.04,11606473
2024,8,1,2024-08,2077,1988,6074.11,12075331
2024,8,1,2024-08,2078,1708,5364.9,9163249
2024,8,1,2024-08,2079,1344,4260.1,5725574
2024,8,1,2024-08,2080,2110,4217.23,8898355
2024,8,1,2024-08,2081,656,5627.26,3691483
2024,8,1,2024-08,2082,1085,4404.47,4778850
2024,8,1,2024-08,2083,745,6237.38,4646848
2024,8,1,2024-08,2084,2170,7296.39,15833166
2024,9,1,2024-09,1,1904,7183.38,13677156
2024,9,1,2024-09,2,2098,4907.99,10296963
2024,9,1,2024-09,3,1613,4555.87,7348618
2024,9,1,2024-09,4,1964,5076.5,9970246
2024,9,1,2024-09,5,2002,4362.79,8734306
2024,9,1,2024-09,6,1726,6067.86,10473126
2024,9,1,2024-09,7,1846,7546.12,13930138
2024,9,1,2024-09,8,647,4332.73,2803276
2024,9,1,2024-09,9,1195,4509.2,5388494
2024,9,1,2024-09,10,1985,5761.81,11437193
2024,9,1,2024-09,11,1091,7459.98,8138838
2024,9,1,2024-09,12,2260,5270.6,11911556
2024,9,1,2024-09,13,727,5939.08,4317711
2024,9,1,2024-09,14,1879,4279.91,8041951
2024,9,1,2024-09,15,1670,4653.66,7771612
2024,9,1,2024-09,16,1324,7622.36,10092005
2024,9,1,2024-09,17,776,7584.5,5885572
2024,9,1,2024-09,18,2182,4183.17,9127677
2024,9,1,2024-09,19,1378,7517.57,10359211
2024,9,1,2024-09,20,980,6385.09,6257388
2024,9,1,2024-09,21,2084,7235.73,15079261
2024,9,1,2024-09,22,1533,5766.27,8839692
2024,9,1,2024-09,23,1092,5935.88,6481981
2024,9,1,2024-09,24,1876,5853.13,10980472
2024,9,1,2024-09,25,1542,6456.82,9956416
2024,9,1,2024-09,26,1034,4638.2,4795899
2024,9,1,2024-09,27,2025,4216.43,8538271
2024,9,1,2024-09,28,1244,5286.61,6576543
2024,9,1,2024-09,29,1914,6666.37,12759432
2024,9,1,2024-09,30,423,4876.71,2062848
2024,9,1,2024-09,31,905,6538.33,5917189
2024,9,1,2024-09,32,1609,7630.58,12277603
2024,9,1,2024-09,33,1317,4386.81,5777429
2024,9,1,2024-09,34,1113,6527.42,7265018
2024,9,1,2024-09,35,1982,5696.26,11289987
2024,9,1,2024-09,36,1317,7278.71,9586061
2024,9,1,2024-09,37,2246,4699.99,10556178
2024,9,1,2024-09,38,1251,6609.99,8269097
2024,9,1,2024-09,39,1858,7177.89,13336520
2024,9,1,2024-09,40,847,7496.39,6349442
2024,9,1,2024-09,41,1390,6561.97,9121138
2024,9,1,2024-09,42,1555,5914.05,9196348
2024,9,1,2024-09,43,1536,6323.2,9712435
2024,9,1,2024-09,44,1635,7248.4,11851134
2024,9,1,2024-09,45,1957,6213.93,12160661
2024,9,1,2024-09,46,1581,4247.7,6715614
2024,9,1,2024-09,47,1874,7450.94,13963062
2024,9,1,2024-09,48,1308,6624.73,8665147
2024,9,1,2024-09,49,790,6611.28,5222911
2024,9,1,2024-09,50,1564,4866.3,7610893
2024,9,1,2024-09,51,853,6565.04,5599979
2024,9,1,2024-09,52,1887,5506.29,10390369
2024,9,1,2024-09,53,1055,6469.07,6824869
2024,9,1,2024-09,54,1151,4520.24,5202796
2024,9,1,2024-09,55,1048,6493.15,6804821
2024,9,1,2024-09,56,729,7622.67,5556926
2024,9,1,2024-09,57,944,4240.94,4003447
2024,9,1,2024-09,58,1623,7599.17,12333453
2024,9,1,2024-09,59,2181,5549.13,12102653
2024,9,1,2024-09,60,1506,7259.75,10933184
2024,9,1,2024-09,61,1716,6974.41,11968088
2024,9,1,2024-09,62,2097,6058.41,12704486
2024,9,1,2024-09,63,732,6711.43,4912767
2024,9,1,2024-09,64,1937,7239.82,14023531
2024,9,1,2024-09,65,1823,5517.59,10058567
2024,9,1,2024-09,66,2265,5277.47,11953470
2024,9,1,2024-09,67,2115,6471.05,13686271
2024,9,1,2024-09,68,1235,7032.97,8685718
2024,9,1,2024-09,69,1489,6970.26,10378717
2024,9,1,2024-09,70,698,6936.55,4841712
2024,9,1,2024-09,71,997,5736.82,5719610
2024,9,1,2024-09,72,1626,7165.21,11650631
2024,9,1,2024-09,73,2230,4522.92,10086112
2024,9,1,2024-09,74,1888,6166.72,11642767
2024,9,1,2024-09,75,1593,4104.53,6538516
2024,9,1,2024-09,76,1895,5339.17,10117727
2024,9,1,2024-09,77,1312,5397.01,7080877
2024,9,1,2024-09,78,1953,5455.58,10654748
2024,9,1,2024-09,79,2114,6655.65,14070044
2024,9,1,2024-09,80,1230,5535.32,6808444
2024,9,1,2024-09,81,862,5723.12,4933329
2024,9,1,2024-09,82,1555,4897.59,7615752
2024,9,1,2024-09,83,828,5516.23,4567438
2024,9,1,2024-09,84,1038,4984.08,5173475
2024,9,1,2024-09,85,1366,4302.28,5876914
2024,9,1,2024-09,86,961,6289.69,6044392
2024,9,1,2024-09,87,1648,6535.72,10770867
2024,9,1,2024-09,88,1895,6285.59,11911193
2024,9,1,2024-09,89,1232,5824.4,7175661
2024,9,1,2024-09,90,2077,5592.48,11615581
2024,9,1,2024-09,91,1874,7256.73,13599112
2024,9,1,2024-09,92,1729,6056.79,10472190
2024,9,1,2024-09,93,906,5875.84,5323511
2024,9,1,2024-09,94,1579,4163.3,6573851
2024,9,1,2024-09,95,1023,5379.96,5503699
2024,9,1,2024-09,96,1748,5422.3,9478180
2024,9,1,2024-09,97,1864,5524.28,10297258
2024,9,1,2024-09,98,1380,6184.18,8534168
2024,9,1,2024-09,99,924,6012.62,5555661
2024,9,1,2024-09,100,1360,6258.58,8511669
2024,9,1,2024-09,101,1006,6843.91,6884973
2024,9,1,2024-09,102,1240,7021.68,8706883
2024,9,1,2024-09,103,974,6746.08,6570682
2024,9,1,2024-09,104,1838,7555.87,13887689
2024,9,1,2024-09,105,2035,4231.23,8610553
2024,9,1,2024-09,106,796,4810.57,3829214
2024,9,1,2024-09,107,728,4191.88,3051689
2024,9,1,2024-09,108,1539,6348.86,9770896
2024,9,1,2024-09,109,2111,7273.51,15354380
2024,9,1,2024-09,110,1683,5037.01,8477288
2024,9,1,2024-09,111,1424,7408.01,10549006
2024,9,1,2024-09,112,2345,4341.58,10181005
2024,9,1,2024-09,113,1864,7356,13711584
2024,9,1,2024-09,114,1896,5360.92,10164304
2024,9,1,2024-09,115,1117,4427.63,4945663
2024,9,1,2024-09,116,879,5827.35,5122241
2024,9,1,2024-09,117,989,5044.61,4989119
2024,9,1,2024-09,118,682,5144.1,3508276
2024,9,1,2024-09,119,1247,5208.74,6495299
2024,9,1,2024-09,120,920,7032.13,6469560
2024,9,1,2024-09,121,1682,6028.61,10140122
2024,9,1,2024-09,122,543,5222.13,2835617
2024,9,1,2024-09,123,1603,6248.96,10017083
2024,9,1,2024-09,124,815,6735.59,5489506
2024,9,1,2024-09,125,846,5059.16,4280049
2024,9,1,2024-09,126,1493,5535.91,8265114
2024,9,1,2024-09,127,1472,4502.3,6627386
2024,9,1,2024-09,128,1808,4777.62,8637937
2024,9,1,2024-09,129,1931,6551.47,12650889
2024,9,1,2024-09,130,1157,4759.75,5507031
2024,9,1,2024-09,131,1187,6043.55,7173694
2024,9,1,2024-09,132,1482,6611.32,9797976
2024,9,1,2024-09,133,729,4525.57,3299141
2024,9,1,2024-09,134,1429,6153.25,8792994
2024,9,1,2024-09,135,1365,5056.66,6902341
2024,9,1,2024-09,136,1588,7568.11,12018159
2024,9,1,2024-09,137,1435,5815.88,8345788
2024,9,1,2024-09,138,1986,6901.96,13707293
2024,9,1,2024-09,139,1346,6124.47,8243537
2024,9,1,2024-09,140,1606,4276.08,6867384
2024,9,1,2024-09,141,2169,6389.81,13859498
2024,9,1,2024-09,142,1300,7520.45,9776585
2024,9,1,2024-09,143,1617,6204.92,10033356
2024,9,1,2024-09,144,1107,7059.45,7814811
2024,9,1,2024-09,145,1646,7282.98,11987785
2024,9,1,2024-09,146,1518,4933.27,7488704
2024,9,1,2024-09,147,1011,4956.43,5010951
2024,9,1,2024-09,148,1099,6310.56,6935305
2024,9,1,2024-09,149,1828,5584.8,10209014
2024,9,1,2024-09,150,1493,7116.3,10624636
2024,9,1,2024-09,151,2015,7289.99,14689330
2024,9,1,2024-09,152,1441,5390.78,7768114
2024,9,1,2024-09,153,1445,4980.1,7196245
2024,9,1,2024-09,154,1898,6881.25,13060612
2024,9,1,2024-09,155,1366,5136.98,7017115
2024,9,1,2024-09,156,1758,7083.39,12452600
2024,9,1,2024-09,157,742,5630.67,4177957
2024,9,1,2024-09,158,1173,6544.56,7676769
2024,9,1,2024-09,159,2133,4445.45,9482145
2024,9,1,2024-09,160,883,6387.01,5639730
2024,9,1,2024-09,161,1491,5714.01,8519589
2024,9,1,2024-09,162,1843,6289.08,11590774
2024,9,1,2024-09,163,1091,4695.52,5122812
2024,9,1,2024-09,164,1855,6747.96,12517466
2024,9,1,2024-09,165,1119,7166.15,8018922
2024,9,1,2024-09,166,2042,4920.69,10048049
2024,9,1,2024-09,167,1959,4412.23,8643559
2024,9,1,2024-09,168,1763,4200.51,7405499
2024,9,1,2024-09,169,1157,6353.63,7351150
2024,9,1,2024-09,170,1339,6315.35,8456254
2024,9,1,2024-09,171,1289,6101.88,7865323
2024,9,1,2024-09,172,1622,4955.95,8038551
2024,9,1,2024-09,173,1427,5494.64,7840851
2024,9,1,2024-09,174,1360,6277.32,8537155
2024,9,1,2024-09,175,1867,5854.45,10930258
2024,9,1,2024-09,176,2092,7618.38,15937651
2024,9,1,2024-09,177,2015,4640.04,9349681
2024,9,1,2024-09,178,2133,6630.4,14142643
2024,9,1,2024-09,179,2408,5591.11,13463393
2024,9,1,2024-09,180,2104,5755.18,12108899
2024,9,1,2024-09,181,913,6693.83,6111467
2024,9,1,2024-09,182,2072,6578.21,13630051
2024,9,1,2024-09,183,2074,7657.86,15882402
2024,9,1,2024-09,184,2041,4485.74,9155395
2024,9,1,2024-09,185,2105,4510.81,9495255
2024,9,1,2024-09,186,1354,6773.83,9171766
2024,9,1,2024-09,187,1285,6172.96,7932254
2024,9,1,2024-09,188,1772,5160.19,9143857
2024,9,1,2024-09,189,2000,4361.53,8723060
2024,9,1,2024-09,190,2252,4392.49,9891887
2024,9,1,2024-09,191,1151,7282.17,8381778
2024,9,1,2024-09,192,2137,4741.19,10131923
2024,9,1,2024-09,193,2262,5342.71,12085210
2024,9,1,2024-09,194,1540,4954.6,7630084
2024,9,1,2024-09,195,1160,5418.08,6284973
2024,9,1,2024-09,196,1884,4336.85,8170625
2024,9,1,2024-09,197,2121,6012.38,12752258
2024,9,1,2024-09,198,1160,4340.12,5034539
2024,9,1,2024-09,199,1247,6961.16,8680567
2024,9,1,2024-09,200,2082,5004.9,10420202
2024,9,1,2024-09,201,2269,6013.34,13644268
2024,9,1,2024-09,202,1850,7221.96,13360626
2024,9,1,2024-09,203,1828,6397.4,11694447
2024,9,1,2024-09,204,1292,6019.62,7777349
2024,9,1,2024-09,205,1113,5373.33,5980516
2024,9,1,2024-09,206,1854,5299.82,9825866
2024,9,1,2024-09,207,2031,6455.67,13111466
2024,9,1,2024-09,208,2413,7646.43,18450836
2024,9,1,2024-09,209,1895,6465.92,12252918
2024,9,1,2024-09,210,1551,6117.05,9487545
2024,9,1,2024-09,211,1922,6749.14,12971847
2024,9,1,2024-09,212,1173,5689.78,6674112
2024,9,1,2024-09,213,774,4281.21,3313657
2024,9,1,2024-09,214,692,6072.59,4202232
2024,9,1,2024-09,215,1468,7589.93,11142017
2024,9,1,2024-09,216,727,4702.22,3418514
2024,9,1,2024-09,217,1708,6600.1,11272971
2024,9,1,2024-09,218,2083,4860.44,10124297
2024,9,1,2024-09,219,1230,6013.75,7396912
2024,9,1,2024-09,220,1999,4357.6,8710842
2024,9,1,2024-09,221,2070,5783.77,11972404
2024,9,1,2024-09,222,1557,6882.94,10716738
2024,9,1,2024-09,223,1275,5362.66,6837392
2024,9,1,2024-09,224,2178,6467.07,14085278
2024,9,1,2024-09,225,882,7045.19,6213858
2024,9,1,2024-09,226,1374,7403.04,10171777
2024,9,1,2024-09,227,2464,4995.74,12309503
2024,9,1,2024-09,228,679,5481.26,3721776
2024,9,1,2024-09,229,1709,4686.71,8009587
2024,9,1,2024-09,230,839,7610.19,6384949
2024,9,1,2024-09,231,1080,7451.63,8047760
2024,9,1,2024-09,232,1288,6051.38,7794177
2024,9,1,2024-09,233,1238,7114.42,8807652
2024,9,1,2024-09,234,974,5965.58,5810475
2024,9,1,2024-09,235,1516,6398.88,9700702
2024,9,1,2024-09,236,877,4436.02,3890390
2024,9,1,2024-09,237,1496,6838.57,10230501
2024,9,1,2024-09,238,1579,4705.91,7430632
2024,9,1,2024-09,239,853,7017.55,5985970
2024,9,1,2024-09,240,1271,6881.76,8746717
2024,9,1,2024-09,241,1935,6580.22,12732726
2024,9,1,2024-09,242,1749,4174.16,7300606
2024,9,1,2024-09,243,1002,5290.5,5301081
2024,9,1,2024-09,244,1985,5042.86,10010077
2024,9,1,2024-09,245,1085,5289.98,5739628
2024,9,1,2024-09,246,2111,4421.84,9334504
2024,9,1,2024-09,247,1112,7447.95,8282120
2024,9,1,2024-09,248,1526,6053.48,9237610
2024,9,1,2024-09,249,1654,5193.46,8589983
2024,9,1,2024-09,250,1152,5547.29,6390478
2024,9,1,2024-09,251,2056,5701.24,11721749
2024,9,1,2024-09,252,724,6306.29,4565754
2024,9,1,2024-09,253,1894,5961.68,11291422
2024,9,1,2024-09,254,1682,7408,12460256
2024,9,1,2024-09,255,1111,5888.9,6542568
2024,9,1,2024-09,256,1730,7611.95,13168674
2024,9,1,2024-09,257,1205,7110.74,8568442
2024,9,1,2024-09,258,967,4871.99,4711214
2024,9,1,2024-09,259,1678,7413.32,12439551
2024,9,1,2024-09,260,1375,4564.12,6275665
2024,9,1,2024-09,261,996,7027.95,6999838
2024,9,1,2024-09,262,805,5446.95,4384795
2024,9,1,2024-09,263,2016,7271.01,14658356
2024,9,1,2024-09,264,2098,7225.14,15158344
2024,9,1,2024-09,265,835,6927.27,5784270
2024,9,1,2024-09,266,841,6863.12,5771884
2024,9,1,2024-09,267,1092,5236,5717712
2024,9,1,2024-09,268,1380,4377.11,6040412
2024,9,1,2024-09,269,1655,5568.47,9215818
2024,9,1,2024-09,270,1587,4751.98,7541392
2024,9,1,2024-09,271,592,6659.35,3942335
2024,9,1,2024-09,272,1546,5432.56,8398738
2024,9,1,2024-09,273,1927,7556.85,14562050
2024,9,1,2024-09,274,942,6405.55,6034028
2024,9,1,2024-09,275,1197,7055.46,8445386
2024,9,1,2024-09,276,1665,4663.33,7764444
2024,9,1,2024-09,277,1792,7137.54,12790472
2024,9,1,2024-09,278,1910,7484.02,14294478
2024,9,1,2024-09,279,582,5887.48,3426513
2024,9,1,2024-09,280,2054,6263.45,12865126
2024,9,1,2024-09,281,1951,6894.14,13450467
2024,9,1,2024-09,282,1548,4729.34,7321018
2024,9,1,2024-09,283,931,5844.85,5441555
2024,9,1,2024-09,284,1872,5551.65,10392689
2024,9,1,2024-09,285,926,4632.58,4289769
2024,9,1,2024-09,286,958,5413.1,5185750
2024,9,1,2024-09,287,675,4329.39,2922338
2024,9,1,2024-09,288,1952,4241.26,8278940
2024,9,1,2024-09,289,1318,4603.75,6067742
2024,9,1,2024-09,290,1335,7542.27,10068930
2024,9,1,2024-09,291,2193,6058.13,13285479
2024,9,1,2024-09,292,2107,7552.65,15913434
2024,9,1,2024-09,293,875,5640.92,4935805
2024,9,1,2024-09,294,775,5217.5,4043562
2024,9,1,2024-09,295,2110,5963.06,12582057
2024,9,1,2024-09,296,1976,5675.49,11214768
2024,9,1,2024-09,297,1167,4505.87,5258350
2024,9,1,2024-09,298,2245,6394.43,14355495
2024,9,1,2024-09,299,745,4813.64,3586162
2024,9,1,2024-09,300,731,6345.67,4638685
2024,9,1,2024-09,301,1605,6413.02,10292897
2024,9,1,2024-09,302,1610,4694.69,7558451
2024,9,1,2024-09,303,1181,4415.06,5214186
2024,9,1,2024-09,304,1496,6882.15,10295696
2024,9,1,2024-09,305,1897,5805.46,11012958
2024,9,1,2024-09,306,1816,4310.65,7828140
2024,9,1,2024-09,307,900,7663.32,6896988
2024,9,1,2024-09,308,1331,4344.83,5782969
2024,9,1,2024-09,309,1080,6517,7038360
2024,9,1,2024-09,310,2114,7559.58,15980952
2024,9,1,2024-09,311,1809,4978.77,9006595
2024,9,1,2024-09,312,2154,4511.9,9718633
2024,9,1,2024-09,313,1617,4604,7444668
2024,9,1,2024-09,314,1710,5265.35,9003748
2024,9,1,2024-09,315,1004,4498.38,4516374
2024,9,1,2024-09,316,1219,6589.35,8032418
2024,9,1,2024-09,317,1861,4393.85,8176955
2024,9,1,2024-09,318,1606,5921.16,9509383
2024,9,1,2024-09,319,1240,7666.73,9506745
2024,9,1,2024-09,320,1766,7024.42,12405126
2024,9,1,2024-09,321,1237,6282.98,7772046
2024,9,1,2024-09,322,2158,5274.04,11381378
2024,9,1,2024-09,323,1659,6407.96,10630806
2024,9,1,2024-09,324,1541,5962.72,9188552
2024,9,1,2024-09,325,669,5610.48,3753411
2024,9,1,2024-09,326,1010,4572.77,4618498
2024,9,1,2024-09,327,2156,7344.3,15834311
2024,9,1,2024-09,328,1253,5712.97,7158351
2024,9,1,2024-09,329,1035,4824,4992840
2024,9,1,2024-09,330,2011,5387.73,10834725
2024,9,1,2024-09,331,631,5669.97,3577751
2024,9,1,2024-09,332,699,7026.48,4911510
2024,9,1,2024-09,333,1880,6724.87,12642756
2024,9,1,2024-09,334,1530,6794.17,10395080
2024,9,1,2024-09,335,653,4216.31,2753250
2024,9,1,2024-09,336,1864,5607.31,10452026
2024,9,1,2024-09,337,1602,5921.76,9486660
2024,9,1,2024-09,338,1243,4145.76,5153180
2024,9,1,2024-09,339,1465,5097.15,7467325
2024,9,1,2024-09,340,1396,6856.44,9571590
2024,9,1,2024-09,341,1479,4575.66,6767401
2024,9,1,2024-09,342,1287,6004.94,7728358
2024,9,1,2024-09,343,1878,4915.13,9230614
2024,9,1,2024-09,344,2017,4162.91,8396589
2024,9,1,2024-09,345,521,4952.61,2580310
2024,9,1,2024-09,346,2037,7687.94,15660334
2024,9,1,2024-09,347,1903,6988.16,13298468
2024,9,1,2024-09,348,734,7534.15,5530066
2024,9,1,2024-09,349,929,5816.32,5403361
2024,9,1,2024-09,350,1557,4490.11,6991101
2024,9,1,2024-09,351,2129,5983.39,12738637
2024,9,1,2024-09,352,1216,5745.43,6986443
2024,9,1,2024-09,353,684,7172.2,4905785
2024,9,1,2024-09,354,1742,4536.46,7902513
2024,9,1,2024-09,355,944,5847.59,5520125
2024,9,1,2024-09,356,2031,4679.18,9503415
2024,9,1,2024-09,357,1065,5266.18,5608482
2024,9,1,2024-09,358,1048,6676.2,6996658
2024,9,1,2024-09,359,1009,5730.75,5782327
2024,9,1,2024-09,360,1344,5459.89,7338092
2024,9,1,2024-09,361,1882,5440.06,10238193
2024,9,1,2024-09,362,1485,5751.97,8541675
2024,9,1,2024-09,363,1668,6907.84,11522277
2024,9,1,2024-09,364,1770,7230.55,12798074
2024,9,1,2024-09,365,631,7413.66,4678019
2024,9,1,2024-09,366,868,6900.68,5989790
2024,9,1,2024-09,367,1608,5314.67,8545989
2024,9,1,2024-09,368,1503,6592,9907776
2024,9,1,2024-09,369,1922,5651.73,10862625
2024,9,1,2024-09,370,1969,4994.69,9834545
2024,9,1,2024-09,371,2112,7141.62,15083101
2024,9,1,2024-09,372,670,4261.76,2855379
2024,9,1,2024-09,373,509,7373.73,3753229
2024,9,1,2024-09,374,1337,5849.18,7820354
2024,9,1,2024-09,375,1360,6447.72,8768899
2024,9,1,2024-09,376,1960,6525.88,12790725
2024,9,1,2024-09,377,1337,7314.31,9779232
2024,9,1,2024-09,378,1351,6294.27,8503559
2024,9,1,2024-09,379,2094,6218.13,13020764
2024,9,1,2024-09,380,1342,4379.65,5877490
2024,9,1,2024-09,381,1782,5947.19,10597893
2024,9,1,2024-09,382,674,4730.12,3188101
2024,9,1,2024-09,383,1010,6821.14,6889351
2024,9,1,2024-09,384,2076,5955.75,12364137
2024,9,1,2024-09,385,1430,6528.96,9336413
2024,9,1,2024-09,386,1839,4227.31,7774023
2024,9,1,2024-09,387,2152,4495.11,9673477
2024,9,1,2024-09,388,1130,6687.25,7556592
2024,9,1,2024-09,389,1800,4345.51,7821918
2024,9,1,2024-09,390,1896,4370.15,8285804
2024,9,1,2024-09,391,2042,4152.15,8478690
2024,9,1,2024-09,392,1307,7619.39,9958543
2024,9,1,2024-09,393,1115,6765.05,7543031
2024,9,1,2024-09,394,1390,5384.63,7484636
2024,9,1,2024-09,395,1147,5119.6,5872181
2024,9,1,2024-09,396,1360,5392.05,7333188
2024,9,1,2024-09,397,1635,6892.01,11268436
2024,9,1,2024-09,398,1418,6509.01,9229776
2024,9,1,2024-09,399,984,4785.61,4709040
2024,9,1,2024-09,400,1392,4728.03,6581418
2024,9,1,2024-09,401,879,4475.22,3933718
2024,9,1,2024-09,402,987,6446.59,6362784
2024,9,1,2024-09,403,1185,6860.27,8129420
2024,9,1,2024-09,404,1040,5126.73,5331799
2024,9,1,2024-09,405,1595,4235.85,6756181
2024,9,1,2024-09,406,1841,4401.88,8103861
2024,9,1,2024-09,407,1152,7571.23,8722057
2024,9,1,2024-09,408,1837,5203.63,9559068
2024,9,1,2024-09,409,1912,6887.44,13168785
2024,9,1,2024-09,410,1869,6353.94,11875514
2024,9,1,2024-09,411,1272,5461.38,6946875
2024,9,1,2024-09,412,1298,4816.52,6251843
2024,9,1,2024-09,413,1598,4514.61,7214347
2024,9,1,2024-09,414,853,6312.21,5384315
2024,9,1,2024-09,415,1116,6905.16,7706159
2024,9,1,2024-09,416,2108,6345.42,13376145
2024,9,1,2024-09,417,1793,6049.62,10846969
2024,9,1,2024-09,418,879,4223.28,3712263
2024,9,1,2024-09,419,932,7552.07,7038529
2024,9,1,2024-09,420,1246,6964.63,8677929
2024,9,1,2024-09,421,2297,5185.2,11910404
2024,9,1,2024-09,422,923,7691.76,7099494
2024,9,1,2024-09,423,1263,6251.61,7895783
2024,9,1,2024-09,424,1617,6251.64,10108902
2024,9,1,2024-09,425,1901,6776.97,12883020
2024,9,1,2024-09,426,1526,7082.56,10807987
2024,9,1,2024-09,427,1175,6464.49,7595776
2024,9,1,2024-09,428,1369,4512.26,6177284
2024,9,1,2024-09,429,1906,5298.26,10098484
2024,9,1,2024-09,430,897,7438.91,6672702
2024,9,1,2024-09,431,1944,4914.73,9554235
2024,9,1,2024-09,432,1727,5405.8,9335817
2024,9,1,2024-09,433,643,5606.18,3604774
2024,9,1,2024-09,434,1745,5727.82,9995046
2024,9,1,2024-09,435,1990,6208.16,12354238
2024,9,1,2024-09,436,1330,7514.74,9994604
2024,9,1,2024-09,437,1446,4932.16,7131903
2024,9,1,2024-09,438,1768,4640.85,8205023
2024,9,1,2024-09,439,1806,4736.05,8553306
2024,9,1,2024-09,440,1918,7196.67,13803213
2024,9,1,2024-09,441,634,6410.39,4064187
2024,9,1,2024-09,442,1602,5188.9,8312618
2024,9,1,2024-09,443,1455,7135.56,10382240
2024,9,1,2024-09,444,1412,7244.45,10229163
2024,9,1,2024-09,445,1246,7153.44,8913186
2024,9,1,2024-09,446,1009,7362,7428258
2024,9,1,2024-09,447,1021,4988.46,5093218
2024,9,1,2024-09,448,1373,6790.29,9323068
2024,9,1,2024-09,449,1674,5749.06,9623926
2024,9,1,2024-09,450,1390,7119.37,9895924
2024,9,1,2024-09,451,546,6734.04,3676786
2024,9,1,2024-09,452,1623,6870.22,11150367
2024,9,1,2024-09,453,1952,6473.8,12636858
2024,9,1,2024-09,454,1917,4772.46,9148806
2024,9,1,2024-09,455,1368,6019.97,8235319
2024,9,1,2024-09,456,2038,7584.4,15457007
2024,9,1,2024-09,457,805,7521.09,6054477
2024,9,1,2024-09,458,1506,4281.2,6447487
2024,9,1,2024-09,459,1698,4703.6,7986713
2024,9,1,2024-09,460,2063,4527.99,9341243
2024,9,1,2024-09,461,1846,6750.72,12461829
2024,9,1,2024-09,462,1855,7044.15,13066898
2024,9,1,2024-09,463,1350,4951.74,6684849
2024,9,1,2024-09,464,1333,5937.99,7915341
2024,9,1,2024-09,465,1716,7114.49,12208465
2024,9,1,2024-09,466,1844,6712.72,12378256
2024,9,1,2024-09,467,1887,6130.44,11568140
2024,9,1,2024-09,468,1216,6275.91,7631507
2024,9,1,2024-09,469,1196,5948.24,7114095
2024,9,1,2024-09,470,1888,5227.19,9868935
2024,9,1,2024-09,471,1395,6155.95,8587550
2024,9,1,2024-09,472,2104,6502.01,13680229
2024,9,1,2024-09,473,2006,7285.1,14613911
2024,9,1,2024-09,474,1407,6427.05,9042859
2024,9,1,2024-09,475,2204,6792.5,14970670
2024,9,1,2024-09,476,1188,4719.86,5607194
2024,9,1,2024-09,477,1631,5733.34,9351078
2024,9,1,2024-09,478,1414,4135.45,5847526
2024,9,1,2024-09,479,1097,5009.8,5495751
2024,9,1,2024-09,480,1876,6722.32,12611072
2024,9,1,2024-09,481,867,7662.55,6643431
2024,9,1,2024-09,482,2218,4402.8,9765410
2024,9,1,2024-09,483,1822,5558.4,10127405
2024,9,1,2024-09,484,1749,7056.18,12341259
2024,9,1,2024-09,485,1486,4862.74,7226032
2024,9,1,2024-09,486,1974,6097.24,12035952
2024,9,1,2024-09,487,2011,6772.53,13619558
2024,9,1,2024-09,488,1610,6329.71,10190833
2024,9,1,2024-09,489,1696,4774.38,8097348
2024,9,1,2024-09,490,1923,5432.68,10447044
2024,9,1,2024-09,491,930,6934.54,6449122
2024,9,1,2024-09,492,1858,6120.55,11371982
2024,9,1,2024-09,493,1853,4131.05,7654836
2024,9,1,2024-09,494,1064,6836.75,7274302
2024,9,1,2024-09,495,1877,4283.43,8039998
2024,9,1,2024-09,496,1731,6763.96,11708415
2024,9,1,2024-09,497,1028,4949.44,5088024
2024,9,1,2024-09,498,1328,7519.1,9985365
2024,9,1,2024-09,499,1142,5409.01,6177089
2024,9,1,2024-09,500,1017,5336.43,5427149
2024,9,1,2024-09,501,1384,4652.41,6438935
2024,9,1,2024-09,502,1842,5240.56,9653112
2024,9,1,2024-09,503,1969,7322.95,14418889
2024,9,1,2024-09,504,1010,7700.71,7777717
2024,9,1,2024-09,505,668,5452.8,3642470
2024,9,1,2024-09,506,1370,5699.91,7808877
2024,9,1,2024-09,507,1905,6663.87,12694672
2024,9,1,2024-09,508,1514,7219.56,10930414
2024,9,1,2024-09,509,1730,6208.86,10741328
2024,9,1,2024-09,510,1822,5499.33,10019779
2024,9,1,2024-09,511,1555,5562.61,8649859
2024,9,1,2024-09,512,1159,6596.14,7644926
2024,9,1,2024-09,513,1613,4111.45,6631769
2024,9,1,2024-09,514,1634,6373.79,10414773
2024,9,1,2024-09,515,2068,5332.95,11028541
2024,9,1,2024-09,516,1185,7004.47,8300297
2024,9,1,2024-09,517,1851,4484.36,8300550
2024,9,1,2024-09,518,1737,6182.1,10738308
2024,9,1,2024-09,519,952,5783.05,5505464
2024,9,1,2024-09,520,695,6442.33,4477419
2024,9,1,2024-09,521,1244,4378.24,5446531
2024,9,1,2024-09,522,1646,6158.62,10137089
2024,9,1,2024-09,523,620,6068.55,3762501
2024,9,1,2024-09,524,2099,6107.14,12818887
2024,9,1,2024-09,525,1498,6133.82,9188462
2024,9,1,2024-09,526,1521,6563.71,9983403
2024,9,1,2024-09,527,941,6970.02,6558789
2024,9,1,2024-09,528,1627,5094.62,8288947
2024,9,1,2024-09,529,1149,7150.85,8216327
2024,9,1,2024-09,530,2226,5884.49,13098875
2024,9,1,2024-09,531,1855,4427.22,8212493
2024,9,1,2024-09,532,2418,4319.04,10443439
2024,9,1,2024-09,533,1799,5296.03,9527558
2024,9,1,2024-09,534,1886,6995.41,13193343
2024,9,1,2024-09,535,1031,6625.72,6831117
2024,9,1,2024-09,536,978,6964.62,6811398
2024,9,1,2024-09,537,819,5984.32,4901158
2024,9,1,2024-09,538,1796,5713.51,10261464
2024,9,1,2024-09,539,1986,4676.51,9287549
2024,9,1,2024-09,540,1272,5317.59,6763974
2024,9,1,2024-09,541,1421,5647.19,8024657
2024,9,1,2024-09,542,572,4418.56,2527416
2024,9,1,2024-09,543,1612,4922.19,7934570
2024,9,1,2024-09,544,1533,6176.02,9467839
2024,9,1,2024-09,545,699,6767.19,4730266
2024,9,1,2024-09,546,1340,7663.66,10269304
2024,9,1,2024-09,547,1308,7503.43,9814486
2024,9,1,2024-09,548,1647,6329.72,10425049
2024,9,1,2024-09,549,1691,5647.82,9550464
2024,9,1,2024-09,550,1302,6407.31,8342318
2024,9,1,2024-09,551,988,6936.35,6853114
2024,9,1,2024-09,552,1339,4603.66,6164301
2024,9,1,2024-09,553,2012,5587.07,11241185
2024,9,1,2024-09,554,1345,7134.28,9595607
2024,9,1,2024-09,555,1816,5438.34,9876025
2024,9,1,2024-09,556,1131,6171.07,6979480
2024,9,1,2024-09,557,2089,6210.58,12973902
2024,9,1,2024-09,558,2108,4768.43,10051850
2024,9,1,2024-09,559,1330,5344.1,7107653
2024,9,1,2024-09,560,2018,5394.75,10886606
2024,9,1,2024-09,561,1862,4171.94,7768152
2024,9,1,2024-09,562,1615,4194.6,6774279
2024,9,1,2024-09,563,1370,7027.08,9627100
2024,9,1,2024-09,564,2262,5032.14,11382701
2024,9,1,2024-09,565,1032,5908.63,6097706
2024,9,1,2024-09,566,1689,5258.72,8881978
2024,9,1,2024-09,567,858,7411.18,6358792
2024,9,1,2024-09,568,1353,5022.26,6795118
2024,9,1,2024-09,569,2089,5638.97,11779808
2024,9,1,2024-09,570,1624,7207.42,11704850
2024,9,1,2024-09,571,1669,7091.42,11835580
2024,9,1,2024-09,572,717,4767.14,3418039
2024,9,1,2024-09,573,1398,6934.4,9694291
2024,9,1,2024-09,574,2086,5800.88,12100636
2024,9,1,2024-09,575,573,5917.6,3390785
2024,9,1,2024-09,576,2165,4654.65,10077317
2024,9,1,2024-09,577,1002,4322.76,4331406
2024,9,1,2024-09,578,704,6633.38,4669900
2024,9,1,2024-09,579,1728,5825.11,10065790
2024,9,1,2024-09,580,1605,5706.92,9159607
2024,9,1,2024-09,581,2096,6705.24,14054183
2024,9,1,2024-09,582,488,6965.27,3399052
2024,9,1,2024-09,583,1463,4690.38,6862026
2024,9,1,2024-09,584,1671,6350.44,10611585
2024,9,1,2024-09,585,2062,4653.94,9596424
2024,9,1,2024-09,586,995,6761.92,6728110
2024,9,1,2024-09,587,1099,6431.61,7068339
2024,9,1,2024-09,588,1592,7609.94,12115024
2024,9,1,2024-09,589,956,4290.81,4102014
2024,9,1,2024-09,590,1077,4318.02,4650508
2024,9,1,2024-09,591,950,5161.27,4903206
2024,9,1,2024-09,592,2151,5078.14,10923079
2024,9,1,2024-09,593,671,4986.2,3345740
2024,9,1,2024-09,594,769,7340.69,5644991
2024,9,1,2024-09,595,1147,4956.57,5685186
2024,9,1,2024-09,596,1474,5051.91,7446515
2024,9,1,2024-09,597,1270,6908.93,8774341
2024,9,1,2024-09,598,2088,5737.93,11980798
2024,9,1,2024-09,599,1735,6869.78,11919068
2024,9,1,2024-09,600,1944,4382.75,8520066
2024,9,1,2024-09,601,864,5843.32,5048628
2024,9,1,2024-09,602,1547,4192.27,6485442
2024,9,1,2024-09,603,1864,4319.01,8050635
2024,9,1,2024-09,604,1704,7297.42,12434804
2024,9,1,2024-09,605,1109,4690.76,5202053
2024,9,1,2024-09,606,1639,6052.52,9920080
2024,9,1,2024-09,607,1410,5618.54,7922141
2024,9,1,2024-09,608,1422,5338.51,7591361
2024,9,1,2024-09,609,2185,7334.81,16026560
2024,9,1,2024-09,610,1912,4176.95,7986328
2024,9,1,2024-09,611,2022,6430.19,13001844
2024,9,1,2024-09,612,1302,7605.24,9902022
2024,9,1,2024-09,613,1955,6159.21,12041256
2024,9,1,2024-09,614,762,7487.59,5705544
2024,9,1,2024-09,615,1838,4309.3,7920493
2024,9,1,2024-09,616,1802,5578.29,10052079
2024,9,1,2024-09,617,1674,5066.15,8480735
2024,9,1,2024-09,618,1039,6689.6,6950494
2024,9,1,2024-09,619,1900,7591.02,14422938
2024,9,1,2024-09,620,1335,4994.72,6667951
2024,9,1,2024-09,621,1695,6430.04,10898918
2024,9,1,2024-09,622,1936,4795.55,9284185
2024,9,1,2024-09,623,2034,6174.72,12559380
2024,9,1,2024-09,624,1344,5733.91,7706375
2024,9,1,2024-09,625,937,7594.86,7116384
2024,9,1,2024-09,626,1501,6323.64,9491784
2024,9,1,2024-09,627,1537,5425.11,8338394
2024,9,1,2024-09,628,1263,4546.34,5742027
2024,9,1,2024-09,629,1785,4576.22,8168553
2024,9,1,2024-09,630,1983,4916.29,9749003
2024,9,1,2024-09,631,1686,5050.45,8515059
2024,9,1,2024-09,632,1294,7117.32,9209812
2024,9,1,2024-09,633,1709,6187.02,10573617
2024,9,1,2024-09,634,2000,6050.81,12101620
2024,9,1,2024-09,635,2120,4554.15,9654798
2024,9,1,2024-09,636,1786,7238.6,12928140
2024,9,1,2024-09,637,1952,6759.21,13193978
2024,9,1,2024-09,638,782,4366,3414212
2024,9,1,2024-09,639,2240,6690.79,14987370
2024,9,1,2024-09,640,1646,6012.14,9895982
2024,9,1,2024-09,641,1607,4446.05,7144802
2024,9,1,2024-09,642,1418,5777.13,8191970
2024,9,1,2024-09,643,1877,5965.88,11197957
2024,9,1,2024-09,644,768,4696.45,3606874
2024,9,1,2024-09,645,1953,7558.82,14762375
2024,9,1,2024-09,646,2138,7202.05,15397983
2024,9,1,2024-09,647,1127,6507.69,7334167
2024,9,1,2024-09,648,2091,5692.05,11902077
2024,9,1,2024-09,649,1987,5575.06,11077644
2024,9,1,2024-09,650,1223,6442.98,7879765
2024,9,1,2024-09,651,1254,6113.74,7666630
2024,9,1,2024-09,652,1708,4356.43,7440782
2024,9,1,2024-09,653,1185,5954.62,7056225
2024,9,1,2024-09,654,2378,7040.63,16742618
2024,9,1,2024-09,655,1764,5797.56,10226896
2024,9,1,2024-09,656,1874,4350.62,8153062
2024,9,1,2024-09,657,1859,6893.32,12814682
2024,9,1,2024-09,658,1956,4884.7,9554473
2024,9,1,2024-09,659,1077,5104.26,5497288
2024,9,1,2024-09,660,1409,4830.23,6805794
2024,9,1,2024-09,661,1980,5323.89,10541302
2024,9,1,2024-09,662,951,6875.16,6538277
2024,9,1,2024-09,663,978,5998.38,5866416
2024,9,1,2024-09,664,1414,4882.06,6903233
2024,9,1,2024-09,665,817,7307.97,5970611
2024,9,1,2024-09,666,1905,7192.28,13701293
2024,9,1,2024-09,667,2227,7246.17,16137221
2024,9,1,2024-09,668,732,4989.49,3652307
2024,9,1,2024-09,669,1317,5706.86,7515935
2024,9,1,2024-09,670,1406,7572.77,10647315
2024,9,1,2024-09,671,2026,6859.76,13897874
2024,9,1,2024-09,672,1535,4232.63,6497087
2024,9,1,2024-09,673,1290,4344.82,5604818
2024,9,1,2024-09,674,1111,5792.27,6435212
2024,9,1,2024-09,675,1447,7329.14,10605266
2024,9,1,2024-09,676,1637,6053.61,9909760
2024,9,1,2024-09,677,2097,5916,12405852
2024,9,1,2024-09,678,1748,4441.53,7763794
2024,9,1,2024-09,679,1229,6407.18,7874424
2024,9,1,2024-09,680,817,7095.68,5797171
2024,9,1,2024-09,681,702,5486.96,3851846
2024,9,1,2024-09,682,1127,6847.67,7717324
2024,9,1,2024-09,683,2093,7549.89,15801920
2024,9,1,2024-09,684,2203,4870.88,10730549
2024,9,1,2024-09,685,2135,5950.4,12704104
2024,9,1,2024-09,686,1595,5217.07,8321227
2024,9,1,2024-09,687,1731,6980.35,12082986
2024,9,1,2024-09,688,1698,6223.08,10566790
2024,9,1,2024-09,689,1979,6397.16,12659980
2024,9,1,2024-09,690,832,7000.62,5824516
2024,9,1,2024-09,691,792,5631.79,4460378
2024,9,1,2024-09,692,1438,7372.22,10601252
2024,9,1,2024-09,693,1316,6009.02,7907870
2024,9,1,2024-09,694,835,4780.63,3991826
2024,9,1,2024-09,695,1574,6667.11,10494031
2024,9,1,2024-09,696,1764,6948.84,12257754
2024,9,1,2024-09,697,669,5218.17,3490956
2024,9,1,2024-09,698,1555,7166.34,11143659
2024,9,1,2024-09,699,1954,7451.56,14560348
2024,9,1,2024-09,700,880,5115.08,4501270
2024,9,1,2024-09,701,1458,7684.03,11203316
2024,9,1,2024-09,702,1980,4635.07,9177439
2024,9,1,2024-09,703,1934,4857.83,9395043
2024,9,1,2024-09,704,2100,4806.51,10093671
2024,9,1,2024-09,705,2146,7311.21,15689857
2024,9,1,2024-09,706,798,6448.38,5145807
2024,9,1,2024-09,707,2071,4736.15,9808567
2024,9,1,2024-09,708,1803,5685.37,10250722
2024,9,1,2024-09,709,1756,6344.16,11140345
2024,9,1,2024-09,710,2269,4468.07,10138051
2024,9,1,2024-09,711,2079,7300.96,15178696
2024,9,1,2024-09,712,1775,7027.82,12474380
2024,9,1,2024-09,713,1496,5853.64,8757045
2024,9,1,2024-09,714,1279,7588.56,9705768
2024,9,1,2024-09,715,1532,5672.4,8690117
2024,9,1,2024-09,716,1600,7740.27,12384432
2024,9,1,2024-09,717,2426,6561.09,15917204
2024,9,1,2024-09,718,1321,6401.44,8456302
2024,9,1,2024-09,719,1627,4740.96,7713542
2024,9,1,2024-09,720,1856,7306.28,13560456
2024,9,1,2024-09,721,868,5557.6,4823997
2024,9,1,2024-09,722,1565,4649.24,7276061
2024,9,1,2024-09,723,2272,4172.84,9480692
2024,9,1,2024-09,724,1198,6118.49,7329951
2024,9,1,2024-09,725,929,5989.46,5564208
2024,9,1,2024-09,726,1713,6709.9,11494059
2024,9,1,2024-09,727,1839,7325.94,13472404
2024,9,1,2024-09,728,2217,4336.09,9613112
2024,9,1,2024-09,729,1437,6674.01,9590552
2024,9,1,2024-09,730,791,4772.49,3775040
2024,9,1,2024-09,731,1375,7213.94,9919168
2024,9,1,2024-09,732,1928,7039.55,13572252
2024,9,1,2024-09,733,2057,6029.86,12403422
2024,9,1,2024-09,734,1246,6724.18,8378328
2024,9,1,2024-09,735,1506,5274.87,7943954
2024,9,1,2024-09,736,1595,5797.47,9246965
2024,9,1,2024-09,737,729,7139.28,5204535
2024,9,1,2024-09,738,1448,5767.36,8351137
2024,9,1,2024-09,739,1191,5443.14,6482780
2024,9,1,2024-09,740,1644,5844.43,9608243
2024,9,1,2024-09,741,1806,7018.73,12675826
2024,9,1,2024-09,742,1999,5283.14,10560997
2024,9,1,2024-09,743,1765,4766.49,8412855
2024,9,1,2024-09,744,1177,6660.43,7839326
2024,9,1,2024-09,745,1620,7065.82,11446628
2024,9,1,2024-09,746,1393,4491.59,6256785
2024,9,1,2024-09,747,1884,4985.52,9392720
2024,9,1,2024-09,748,1663,4684.06,7789592
2024,9,1,2024-09,749,1656,5339.94,8842941
2024,9,1,2024-09,750,1305,5666.94,7395357
2024,9,1,2024-09,751,1469,6871.37,10094043
2024,9,1,2024-09,752,962,6427.6,6183351
2024,9,1,2024-09,753,1465,6394.83,9368426
2024,9,1,2024-09,754,1145,5398.9,6181740
2024,9,1,2024-09,755,670,7194.93,4820603
2024,9,1,2024-09,756,1445,5777.77,8348878
2024,9,1,2024-09,757,1434,7660.02,10984469
2024,9,1,2024-09,758,2120,6375.23,13515488
2024,9,1,2024-09,759,1865,4542.5,8471762
2024,9,1,2024-09,760,1583,6613.74,10469550
2024,9,1,2024-09,761,1818,5249.72,9543991
2024,9,1,2024-09,762,1724,6538.78,11272857
2024,9,1,2024-09,763,1776,4319.92,7672178
2024,9,1,2024-09,764,1184,4726.23,5595856
2024,9,1,2024-09,765,1837,7187.01,13202537
2024,9,1,2024-09,766,959,4925.95,4723986
2024,9,1,2024-09,767,899,7130.55,6410364
2024,9,1,2024-09,768,1873,5048.39,9455634
2024,9,1,2024-09,769,837,6417.33,5371305
2024,9,1,2024-09,770,1388,6538.21,9075035
2024,9,1,2024-09,771,2304,5933.83,13671544
2024,9,1,2024-09,772,737,5201.84,3833756
2024,9,1,2024-09,773,1726,4879.92,8422742
2024,9,1,2024-09,774,1447,4256.09,6158562
2024,9,1,2024-09,775,1468,5150.88,7561492
2024,9,1,2024-09,776,1230,6435.65,7915850
2024,9,1,2024-09,777,2048,7577.83,15519396
2024,9,1,2024-09,778,740,7231.64,5351414
2024,9,1,2024-09,779,1895,6850.69,12982058
2024,9,1,2024-09,780,1314,6852.79,9004566
2024,9,1,2024-09,781,1204,6505.62,7832766
2024,9,1,2024-09,782,1020,4980.17,5079773
2024,9,1,2024-09,783,1200,7252.14,8702568
2024,9,1,2024-09,784,1420,6538.43,9284571
2024,9,1,2024-09,785,1138,6143.97,6991838
2024,9,1,2024-09,786,1351,4445.37,6005695
2024,9,1,2024-09,787,1616,5655.94,9139999
2024,9,1,2024-09,788,2141,5731.52,12271184
2024,9,1,2024-09,789,1811,7298.82,13218163
2024,9,1,2024-09,790,1730,6087.7,10531721
2024,9,1,2024-09,791,1222,5506.88,6729407
2024,9,1,2024-09,792,1278,7667.9,9799576
2024,9,1,2024-09,793,2173,4585.58,9964465
2024,9,1,2024-09,794,757,5638.08,4268027
2024,9,1,2024-09,795,1803,4292.07,7738602
2024,9,1,2024-09,796,1740,6766.63,11773936
2024,9,1,2024-09,797,1800,7313.83,13164894
2024,9,1,2024-09,798,1060,5135.22,5443333
2024,9,1,2024-09,799,782,7164.62,5602733
2024,9,1,2024-09,800,762,5034.07,3835961
2024,9,1,2024-09,801,1316,7341.52,9661440
2024,9,1,2024-09,802,1483,6793.87,10075309
2024,9,1,2024-09,803,2347,7039.41,16521495
2024,9,1,2024-09,804,1157,4178.54,4834571
2024,9,1,2024-09,805,1407,7528.94,10593219
2024,9,1,2024-09,806,1365,6659.06,9089617
2024,9,1,2024-09,807,909,5200.13,4726918
2024,9,1,2024-09,808,2235,7092.16,15850978
2024,9,1,2024-09,809,847,5152.34,4364032
2024,9,1,2024-09,810,1863,7277.32,13557647
2024,9,1,2024-09,811,849,4459.2,3785861
2024,9,1,2024-09,812,942,6647.47,6261917
2024,9,1,2024-09,813,1228,6046.07,7424574
2024,9,1,2024-09,814,988,4454.49,4401036
2024,9,1,2024-09,815,689,4994.79,3441410
2024,9,1,2024-09,816,1226,4242.34,5201109
2024,9,1,2024-09,817,1894,5783.3,10953570
2024,9,1,2024-09,818,949,5202.63,4937296
2024,9,1,2024-09,819,1516,6214.87,9421743
2024,9,1,2024-09,820,802,5133.79,4117300
2024,9,1,2024-09,821,1046,5141.15,5377643
2024,9,1,2024-09,822,1601,6705.65,10735746
2024,9,1,2024-09,823,1419,4263.03,6049240
2024,9,1,2024-09,824,1121,7427.68,8326429
2024,9,1,2024-09,825,1431,7131.43,10205076
2024,9,1,2024-09,826,1375,6492.78,8927572
2024,9,1,2024-09,827,2004,6177.71,12380131
2024,9,1,2024-09,828,1355,7300.49,9892164
2024,9,1,2024-09,829,2012,4734.64,9526096
2024,9,1,2024-09,830,1861,4387.99,8166049
2024,9,1,2024-09,831,1593,4961.48,7903638
2024,9,1,2024-09,832,1231,6955.86,8562664
2024,9,1,2024-09,833,1018,4295.02,4372330
2024,9,1,2024-09,834,1341,6284.62,8427675
2024,9,1,2024-09,835,855,7758.99,6633936
2024,9,1,2024-09,836,2214,7184.59,15906682
2024,9,1,2024-09,837,1491,5992.83,8935310
2024,9,1,2024-09,838,1378,4352.99,5998420
2024,9,1,2024-09,839,1411,7127.41,10056776
2024,9,1,2024-09,840,1930,6231.16,12026139
2024,9,1,2024-09,841,698,4486.31,3131444
2024,9,1,2024-09,842,1546,4366.56,6750702
2024,9,1,2024-09,843,2045,7412.61,15158787
2024,9,1,2024-09,844,1313,6523.24,8565014
2024,9,1,2024-09,845,1429,7048.38,10072135
2024,9,1,2024-09,846,1114,7335.19,8171402
2024,9,1,2024-09,847,2303,6135.17,14129297
2024,9,1,2024-09,848,882,6038.64,5326080
2024,9,1,2024-09,849,815,5620.51,4580716
2024,9,1,2024-09,850,1798,5262.3,9461615
2024,9,1,2024-09,851,2037,5694.43,11599554
2024,9,1,2024-09,852,1772,6863.39,12161927
2024,9,1,2024-09,853,1192,6214.61,7407815
2024,9,1,2024-09,854,1398,7312.78,10223266
2024,9,1,2024-09,855,2022,5671.09,11466944
2024,9,1,2024-09,856,612,6219.91,3806585
2024,9,1,2024-09,857,749,6296.07,4715756
2024,9,1,2024-09,858,1713,6244.54,10696897
2024,9,1,2024-09,859,1561,6529.14,10191988
2024,9,1,2024-09,860,639,4956.77,3167376
2024,9,1,2024-09,861,937,5986.66,5609500
2024,9,1,2024-09,862,2137,4425.74,9457806
2024,9,1,2024-09,863,2122,5434.77,11532582
2024,9,1,2024-09,864,1490,5878.44,8758876
2024,9,1,2024-09,865,1554,6332.95,9841404
2024,9,1,2024-09,866,773,7515.46,5809451
2024,9,1,2024-09,867,1388,6245.92,8669337
2024,9,1,2024-09,868,668,6843.79,4571652
2024,9,1,2024-09,869,2085,6002.59,12515400
2024,9,1,2024-09,870,864,6402.4,5531674
2024,9,1,2024-09,871,778,4343.04,3378885
2024,9,1,2024-09,872,679,5033.95,3418052
2024,9,1,2024-09,873,936,5453.86,5104813
2024,9,1,2024-09,874,1486,5841.4,8680320
2024,9,1,2024-09,875,2115,4178.18,8836851
2024,9,1,2024-09,876,1574,4555.32,7170074
2024,9,1,2024-09,877,815,5144.39,4192678
2024,9,1,2024-09,878,2375,7535.77,17897454
2024,9,1,2024-09,879,1642,5320.52,8736294
2024,9,1,2024-09,880,1014,5880.74,5963070
2024,9,1,2024-09,881,1487,4848.8,7210166
2024,9,1,2024-09,882,860,6325.74,5440136
2024,9,1,2024-09,883,1879,5102.22,9587071
2024,9,1,2024-09,884,1899,4798.75,9112826
2024,9,1,2024-09,885,1113,6048.2,6731647
2024,9,1,2024-09,886,767,4053.39,3108950
2024,9,1,2024-09,887,1038,4153.74,4311582
2024,9,1,2024-09,888,889,4878.6,4337075
2024,9,1,2024-09,889,1100,4311.98,4743178
2024,9,1,2024-09,890,1803,4508.63,8129060
2024,9,1,2024-09,891,2161,5292.85,11437849
2024,9,1,2024-09,892,1894,6968.45,13198244
2024,9,1,2024-09,893,2224,6205.57,13801188
2024,9,1,2024-09,894,1284,6001.47,7705887
2024,9,1,2024-09,895,1414,5199.18,7351641
2024,9,1,2024-09,896,1160,7456.13,8649111
2024,9,1,2024-09,897,2084,5496.35,11454393
2024,9,1,2024-09,898,1562,4399.45,6871941
2024,9,1,2024-09,899,1303,6347.28,8270506
2024,9,1,2024-09,900,990,4573.55,4527814
2024,9,1,2024-09,901,1107,5288.15,5853982
2024,9,1,2024-09,902,1144,5857.72,6701232
2024,9,1,2024-09,903,1832,7236.32,13256938
2024,9,1,2024-09,904,1239,5895.45,7304463
2024,9,1,2024-09,905,1624,6638.44,10780827
2024,9,1,2024-09,906,1904,7693.55,14648519
2024,9,1,2024-09,907,1727,4566.8,7886864
2024,9,1,2024-09,908,874,5158.47,4508503
2024,9,1,2024-09,909,825,5599.4,4619505
2024,9,1,2024-09,910,1839,5652.57,10395076
2024,9,1,2024-09,911,762,5566.96,4242024
2024,9,1,2024-09,912,827,7239.37,5986959
2024,9,1,2024-09,913,1773,6642.99,11778021
2024,9,1,2024-09,914,1088,6299.8,6854182
2024,9,1,2024-09,915,608,5255.39,3195277
2024,9,1,2024-09,916,1445,7049.39,10186369
2024,9,1,2024-09,917,727,7529.69,5474085
2024,9,1,2024-09,918,869,7132.1,6197795
2024,9,1,2024-09,919,1802,4077.08,7346898
2024,9,1,2024-09,920,1708,6320.55,10795499
2024,9,1,2024-09,921,1981,4195.8,8311880
2024,9,1,2024-09,922,770,5084.64,3915173
2024,9,1,2024-09,923,1164,4273.44,4974284
2024,9,1,2024-09,924,1913,6263.1,11981310
2024,9,1,2024-09,925,1533,6611.8,10135889
2024,9,1,2024-09,926,822,4599.69,3780945
2024,9,1,2024-09,927,1246,5495.1,6846895
2024,9,1,2024-09,928,868,5706.38,4953138
2024,9,1,2024-09,929,1348,5455.66,7354230
2024,9,1,2024-09,930,975,4505.79,4393145
2024,9,1,2024-09,931,1094,5615.17,6142996
2024,9,1,2024-09,932,911,6742.85,6142736
2024,9,1,2024-09,933,926,4337.06,4016118
2024,9,1,2024-09,934,1941,4508.8,8751581
2024,9,1,2024-09,935,2098,5437.38,11407623
2024,9,1,2024-09,936,1332,7456.58,9932165
2024,9,1,2024-09,937,1247,6490.76,8093978
2024,9,1,2024-09,938,1138,6579.21,7487141
2024,9,1,2024-09,939,1520,5396.03,8201966
2024,9,1,2024-09,940,1945,6297.68,12248988
2024,9,1,2024-09,941,1627,4086.63,6648947
2024,9,1,2024-09,942,1587,6391.57,10143422
2024,9,1,2024-09,943,1910,7349.34,14037239
2024,9,1,2024-09,944,1568,6322.18,9913178
2024,9,1,2024-09,945,1368,7249.36,9917124
2024,9,1,2024-09,946,946,6709.92,6347584
2024,9,1,2024-09,947,1872,4571.25,8557380
2024,9,1,2024-09,948,1462,7359.07,10758960
2024,9,1,2024-09,949,1152,4307.39,4962113
2024,9,1,2024-09,950,1613,6024.67,9717793
2024,9,1,2024-09,951,1928,4624.33,8915708
2024,9,1,2024-09,952,1184,4160.8,4926387
2024,9,1,2024-09,953,694,5728.57,3975628
2024,9,1,2024-09,954,1318,5177.04,6823339
2024,9,1,2024-09,955,1950,5932,11567400
2024,9,1,2024-09,956,2114,6096.36,12887705
2024,9,1,2024-09,957,1954,4251.19,8306825
2024,9,1,2024-09,958,748,4549.5,3403026
2024,9,1,2024-09,959,2159,6187.33,13358445
2024,9,1,2024-09,960,726,5249.22,3810934
2024,9,1,2024-09,961,1491,6771.09,10095695
2024,9,1,2024-09,962,1340,6476.73,8678818
2024,9,1,2024-09,963,769,7167.82,5512054
2024,9,1,2024-09,964,2100,6587.16,13833036
2024,9,1,2024-09,965,621,5664.91,3517909
2024,9,1,2024-09,966,2313,6524.24,15090567
2024,9,1,2024-09,967,707,5074.91,3587961
2024,9,1,2024-09,968,995,5256.55,5230267
2024,9,1,2024-09,969,1059,6944.87,7354617
2024,9,1,2024-09,970,2169,5681.53,12323239
2024,9,1,2024-09,971,627,6993.28,4384787
2024,9,1,2024-09,972,1032,7051.29,7276931
2024,9,1,2024-09,973,674,7166.2,4830019
2024,9,1,2024-09,974,2257,7321.17,16523881
2024,9,1,2024-09,975,767,5638.15,4324461
2024,9,1,2024-09,976,1418,5235.13,7423414
2024,9,1,2024-09,977,1955,6215.86,12152006
2024,9,1,2024-09,978,1302,5430.63,7070680
2024,9,1,2024-09,979,1187,6390.43,7585440
2024,9,1,2024-09,980,1181,6574.11,7764024
2024,9,1,2024-09,981,1334,6525.72,8705310
2024,9,1,2024-09,982,1436,5435.73,7805708
2024,9,1,2024-09,983,1877,4734.08,8885868
2024,9,1,2024-09,984,2078,5645.37,11731079
2024,9,1,2024-09,985,2105,4603.41,9690178
2024,9,1,2024-09,986,924,7248.89,6697974
2024,9,1,2024-09,987,1561,5376.84,8393247
2024,9,1,2024-09,988,1935,4796.43,9281092
2024,9,1,2024-09,989,2089,4164.59,8699829
2024,9,1,2024-09,990,2006,6455.46,12949653
2024,9,1,2024-09,991,1306,6468.33,8447639
2024,9,1,2024-09,992,1048,5345.03,5601591
2024,9,1,2024-09,993,1135,4392.84,4985873
2024,9,1,2024-09,994,1037,5581.77,5788295
2024,9,1,2024-09,995,2213,5314.2,11760325
2024,9,1,2024-09,996,1413,6577.38,9293838
2024,9,1,2024-09,997,2304,6337.69,14602038
2024,9,1,2024-09,998,1087,5418.58,5889996
2024,9,1,2024-09,999,1360,4930.66,6705698
2024,9,1,2024-09,1000,1890,7649.39,14457347
2024,9,1,2024-09,1001,1510,5778.74,8725897
2024,9,1,2024-09,1002,1432,6563.05,9398288
2024,9,1,2024-09,1003,931,4676.27,4353607
2024,9,1,2024-09,1004,1333,5881.41,7839920
2024,9,1,2024-09,1005,1759,4199.11,7386234
2024,9,1,2024-09,1006,927,5967.29,5531678
2024,9,1,2024-09,1007,1221,7552.71,9221859
2024,9,1,2024-09,1008,1744,5438.98,9485581
2024,9,1,2024-09,1009,1946,4248.07,8266744
2024,9,1,2024-09,1010,596,4219.72,2514953
2024,9,1,2024-09,1011,2033,5455.96,11091967
2024,9,1,2024-09,1012,968,4715.72,4564817
2024,9,1,2024-09,1013,389,4223.73,1643031
2024,9,1,2024-09,1014,578,6823.48,3943971
2024,9,1,2024-09,1015,1522,5796.95,8822958
2024,9,1,2024-09,1016,917,5138.69,4712179
2024,9,1,2024-09,1017,1384,7271.46,10063701
2024,9,1,2024-09,1018,1067,4507.16,4809140
2024,9,1,2024-09,1019,1574,7500.52,11805818
2024,9,1,2024-09,1020,1242,5227.02,6491959
2024,9,1,2024-09,1021,2059,7301.23,15033233
2024,9,1,2024-09,1022,800,6367.39,5093912
2024,9,1,2024-09,1023,1669,7006.97,11694633
2024,9,1,2024-09,1024,1290,7678.34,9905059
2024,9,1,2024-09,1025,2199,5106.98,11230249
2024,9,1,2024-09,1026,1846,7577.25,13987604
2024,9,1,2024-09,1027,2464,5484.73,13514375
2024,9,1,2024-09,1028,769,5509.63,4236905
2024,9,1,2024-09,1029,1903,5411.35,10297799
2024,9,1,2024-09,1030,803,5989.68,4809713
2024,9,1,2024-09,1031,2230,4686.22,10450271
2024,9,1,2024-09,1032,1901,6116.27,11627029
2024,9,1,2024-09,1033,1522,6103.52,9289557
2024,9,1,2024-09,1034,1458,6847.73,9983990
2024,9,1,2024-09,1035,915,7255.91,6639158
2024,9,1,2024-09,1036,1172,5748.82,6737617
2024,9,1,2024-09,1037,749,5230.32,3917510
2024,9,1,2024-09,1038,806,5064.81,4082237
2024,9,1,2024-09,1039,1543,4843.57,7473629
2024,9,1,2024-09,1040,784,4333.51,3397472
2024,9,1,2024-09,1041,626,5351.76,3350202
2024,9,1,2024-09,1042,1395,5018.91,7001379
2024,9,1,2024-09,1043,1002,7601.81,7617014
2024,9,1,2024-09,1044,1033,6140.52,6343157
2024,9,1,2024-09,1045,1695,5378.51,9116574
2024,9,1,2024-09,1046,928,6213.1,5765757
2024,9,1,2024-09,1047,1599,4653.04,7440211
2024,9,1,2024-09,1048,1248,5729.17,7150004
2024,9,1,2024-09,1049,762,6363.53,4849010
2024,9,1,2024-09,1050,1080,5883.61,6354299
2024,9,1,2024-09,1051,865,5612.73,4855011
2024,9,1,2024-09,1052,1630,7739.54,12615450
2024,9,1,2024-09,1053,648,7223.48,4680815
2024,9,1,2024-09,1054,2007,6331.82,12707963
2024,9,1,2024-09,1055,843,6199.23,5225951
2024,9,1,2024-09,1056,1922,6364.83,12233203
2024,9,1,2024-09,1057,1124,4812.18,5408890
2024,9,1,2024-09,1058,1313,5536.45,7269359
2024,9,1,2024-09,1059,1398,4297.78,6008296
2024,9,1,2024-09,1060,1578,5907.33,9321767
2024,9,1,2024-09,1061,2216,6168.11,13668532
2024,9,1,2024-09,1062,1844,4853.58,8950002
2024,9,1,2024-09,1063,632,7605.25,4806518
2024,9,1,2024-09,1064,986,7343.71,7240898
2024,9,1,2024-09,1065,991,6754.31,6693521
2024,9,1,2024-09,1066,1189,5966.05,7093633
2024,9,1,2024-09,1067,2084,7200,15004800
2024,9,1,2024-09,1068,2058,4580.44,9426546
2024,9,1,2024-09,1069,1138,6976.91,7939724
2024,9,1,2024-09,1070,1146,4550.77,5215182
2024,9,1,2024-09,1071,2184,6927.2,15129005
2024,9,1,2024-09,1072,2328,5030.01,11709863
2024,9,1,2024-09,1073,1478,7226.29,10680457
2024,9,1,2024-09,1074,2387,7525.93,17964395
2024,9,1,2024-09,1075,1287,4720.09,6074756
2024,9,1,2024-09,1076,2055,5728.07,11771184
2024,9,1,2024-09,1077,1163,7584.83,8821157
2024,9,1,2024-09,1078,1371,5815.94,7973654
2024,9,1,2024-09,1079,2175,7202.52,15665481
2024,9,1,2024-09,1080,1359,6234.27,8472373
2024,9,1,2024-09,1081,1808,5449.01,9851810
2024,9,1,2024-09,1082,516,5071.62,2616956
2024,9,1,2024-09,1083,1540,4756.24,7324610
2024,9,1,2024-09,1084,2136,6821.93,14571642
2024,9,1,2024-09,1085,610,5526.82,3371360
2024,9,1,2024-09,1086,2321,5949.01,13807652
2024,9,1,2024-09,1087,1192,5956.74,7100434
2024,9,1,2024-09,1088,805,6116.26,4923589
2024,9,1,2024-09,1089,1320,7219.65,9529938
2024,9,1,2024-09,1090,2131,7689.42,16386154
2024,9,1,2024-09,1091,919,5564.65,5113913
2024,9,1,2024-09,1092,1185,7021.54,8320525
2024,9,1,2024-09,1093,925,6732.18,6227266
2024,9,1,2024-09,1094,2077,6156.87,12787819
2024,9,1,2024-09,1095,1365,7515.37,10258480
2024,9,1,2024-09,1096,1494,4808.61,7184063
2024,9,1,2024-09,1097,1223,4525.32,5534466
2024,9,1,2024-09,1098,2128,7255.24,15439151
2024,9,1,2024-09,1099,1132,5629.1,6372141
2024,9,1,2024-09,1100,870,7105.31,6181620
2024,9,1,2024-09,1101,1743,7306.76,12735683
2024,9,1,2024-09,1102,1330,4376.98,5821383
2024,9,1,2024-09,1103,742,7261.67,5388159
2024,9,1,2024-09,1104,1873,5749.93,10769619
2024,9,1,2024-09,1105,1980,5880.92,11644222
2024,9,1,2024-09,1106,1210,6363.01,7699242
2024,9,1,2024-09,1107,1641,7431.76,12195518
2024,9,1,2024-09,1108,747,4260.2,3182369
2024,9,1,2024-09,1109,1820,5876.68,10695558
2024,9,1,2024-09,1110,939,6584.51,6182855
2024,9,1,2024-09,1111,1241,6661.64,8267095
2024,9,1,2024-09,1112,1108,6491.53,7192615
2024,9,1,2024-09,1113,2067,4561.98,9429613
2024,9,1,2024-09,1114,1110,5289.79,5871667
2024,9,1,2024-09,1115,2217,5321.88,11798608
2024,9,1,2024-09,1116,1812,6955.41,12603203
2024,9,1,2024-09,1117,2122,5123.4,10871855
2024,9,1,2024-09,1118,1281,4931.38,6317098
2024,9,1,2024-09,1119,2053,7485.87,15368491
2024,9,1,2024-09,1120,1767,4173.87,7375228
2024,9,1,2024-09,1121,1057,7652.31,8088492
2024,9,1,2024-09,1122,1010,6485.55,6550406
2024,9,1,2024-09,1123,1255,7055.63,8854816
2024,9,1,2024-09,1124,2287,5172.3,11829050
2024,9,1,2024-09,1125,1671,4115.36,6876767
2024,9,1,2024-09,1126,1805,6808.8,12289884
2024,9,1,2024-09,1127,1719,7167.94,12321689
2024,9,1,2024-09,1128,2115,6735.95,14246534
2024,9,1,2024-09,1129,1808,4666.91,8437773
2024,9,1,2024-09,1130,998,6745.48,6731989
2024,9,1,2024-09,1131,2014,6861.28,13818618
2024,9,1,2024-09,1132,704,6512.75,4584976
2024,9,1,2024-09,1133,1207,6891.83,8318439
2024,9,1,2024-09,1134,1228,7151.35,8781858
2024,9,1,2024-09,1135,1483,6368.43,9444382
2024,9,1,2024-09,1136,2024,4404.85,8915416
2024,9,1,2024-09,1137,1468,5868.14,8614430
2024,9,1,2024-09,1138,1776,4401.19,7816513
2024,9,1,2024-09,1139,1379,5596.86,7718070
2024,9,1,2024-09,1140,892,5603.64,4998447
2024,9,1,2024-09,1141,998,4298.97,4290372
2024,9,1,2024-09,1142,1537,5398.79,8297940
2024,9,1,2024-09,1143,563,4463.77,2513103
2024,9,1,2024-09,1144,1821,7051.52,12840818
2024,9,1,2024-09,1145,1989,7587.35,15091239
2024,9,1,2024-09,1146,1763,4357.23,7681796
2024,9,1,2024-09,1147,736,7492.8,5514701
2024,9,1,2024-09,1148,1194,6063.93,7240332
2024,9,1,2024-09,1149,1541,5188.99,7996234
2024,9,1,2024-09,1150,758,4335.5,3286309
2024,9,1,2024-09,1151,2286,5869.26,13417128
2024,9,1,2024-09,1152,633,6922.15,4381721
2024,9,1,2024-09,1153,1383,6702.78,9269945
2024,9,1,2024-09,1154,1454,4255.3,6187206
2024,9,1,2024-09,1155,2232,4276.49,9545126
2024,9,1,2024-09,1156,1642,5559,9127878
2024,9,1,2024-09,1157,1785,5190.02,9264186
2024,9,1,2024-09,1158,770,4977.63,3832775
2024,9,1,2024-09,1159,510,5003.65,2551862
2024,9,1,2024-09,1160,2127,6984.82,14856712
2024,9,1,2024-09,1161,1457,7423.18,10815573
2024,9,1,2024-09,1162,1334,5588.11,7454539
2024,9,1,2024-09,1163,2004,7270.54,14570162
2024,9,1,2024-09,1164,1188,5277.16,6269266
2024,9,1,2024-09,1165,874,5832.35,5097474
2024,9,1,2024-09,1166,1648,4980.27,8207485
2024,9,1,2024-09,1167,903,6426.41,5803048
2024,9,1,2024-09,1168,1124,7651.68,8600488
2024,9,1,2024-09,1169,903,6222.61,5619017
2024,9,1,2024-09,1170,1190,5395.37,6420490
2024,9,1,2024-09,1171,887,6495.31,5761340
2024,9,1,2024-09,1172,648,4538.18,2940741
2024,9,1,2024-09,1173,1837,7332.36,13469545
2024,9,1,2024-09,1174,2121,5875.82,12462614
2024,9,1,2024-09,1175,1711,5716.83,9781496
2024,9,1,2024-09,1176,1699,6142.27,10435717
2024,9,1,2024-09,1177,1478,6350.27,9385699
2024,9,1,2024-09,1178,1443,4339.73,6262230
2024,9,1,2024-09,1179,2251,6612.39,14884490
2024,9,1,2024-09,1180,1891,5077.28,9601136
2024,9,1,2024-09,1181,1065,6595.15,7023835
2024,9,1,2024-09,1182,1880,7005.25,13169870
2024,9,1,2024-09,1183,1839,7036.12,12939425
2024,9,1,2024-09,1184,1962,6061.32,11892310
2024,9,1,2024-09,1185,1609,5976.43,9616076
2024,9,1,2024-09,1186,847,4699.72,3980663
2024,9,1,2024-09,1187,2055,6961.56,14306006
2024,9,1,2024-09,1188,1846,5032.4,9289810
2024,9,1,2024-09,1189,1253,5983.3,7497075
2024,9,1,2024-09,1190,2015,5167.29,10412089
2024,9,1,2024-09,1191,1488,4644.67,6911269
2024,9,1,2024-09,1192,780,6341.17,4946113
2024,9,1,2024-09,1193,1906,4280.62,8158862
2024,9,1,2024-09,1194,2356,6718.46,15828692
2024,9,1,2024-09,1195,1985,5200.21,10322417
2024,9,1,2024-09,1196,2184,4152.42,9068885
2024,9,1,2024-09,1197,1628,5968.73,9717092
2024,9,1,2024-09,1198,2263,4324.05,9785325
2024,9,1,2024-09,1199,1518,5118.82,7770369
2024,9,1,2024-09,1200,2140,6646.95,14224473
2024,9,1,2024-09,1201,2149,4313.56,9269840
2024,9,1,2024-09,1202,1188,7108.34,8444708
2024,9,1,2024-09,1203,1859,4175.19,7761678
2024,9,1,2024-09,1204,1642,5040.04,8275746
2024,9,1,2024-09,1205,1555,6780.64,10543895
2024,9,1,2024-09,1206,1655,5209.37,8621507
2024,9,1,2024-09,1207,1196,4463.65,5338525
2024,9,1,2024-09,1208,844,5347.91,4513636
2024,9,1,2024-09,1209,1516,5071.49,7688379
2024,9,1,2024-09,1210,1444,7058.02,10191781
2024,9,1,2024-09,1211,2293,5225.96,11983126
2024,9,1,2024-09,1212,1667,6910.94,11520537
2024,9,1,2024-09,1213,2141,7308.36,15647199
2024,9,1,2024-09,1214,1601,5636.68,9024325
2024,9,1,2024-09,1215,933,7406.5,6910264
2024,9,1,2024-09,1216,2002,5395.9,10802592
2024,9,1,2024-09,1217,895,7495.33,6708320
2024,9,1,2024-09,1218,872,4428.24,3861425
2024,9,1,2024-09,1219,1737,6588.68,11444537
2024,9,1,2024-09,1220,1037,5867.74,6084846
2024,9,1,2024-09,1221,725,5492.08,3981758
2024,9,1,2024-09,1222,1146,6386.95,7319445
2024,9,1,2024-09,1223,536,6659.39,3569433
2024,9,1,2024-09,1224,1021,4117.67,4204141
2024,9,1,2024-09,1225,2048,4726.56,9679995
2024,9,1,2024-09,1226,976,6714.12,6552981
2024,9,1,2024-09,1227,1345,6441.5,8663818
2024,9,1,2024-09,1228,1000,7631.07,7631070
2024,9,1,2024-09,1229,1377,6894.9,9494277
2024,9,1,2024-09,1230,1517,7481.92,11350073
2024,9,1,2024-09,1231,1782,6655.75,11860546
2024,9,1,2024-09,1232,1604,5117.6,8208630
2024,9,1,2024-09,1233,1490,4511.47,6722090
2024,9,1,2024-09,1234,1959,6977.12,13668178
2024,9,1,2024-09,1235,1760,6376.56,11222746
2024,9,1,2024-09,1236,1407,4259.38,5992948
2024,9,1,2024-09,1237,784,5424.45,4252769
2024,9,1,2024-09,1238,1730,7525.5,13019115
2024,9,1,2024-09,1239,1372,5918.44,8120100
2024,9,1,2024-09,1240,1857,5777.95,10729653
2024,9,1,2024-09,1241,861,5738.55,4940892
2024,9,1,2024-09,1242,1054,4797.33,5056386
2024,9,1,2024-09,1243,836,5409.45,4522300
2024,9,1,2024-09,1244,1694,5451.42,9234705
2024,9,1,2024-09,1245,1470,4250.85,6248750
2024,9,1,2024-09,1246,1194,6833.96,8159748
2024,9,1,2024-09,1247,865,5663.24,4898703
2024,9,1,2024-09,1248,1969,7133.38,14045625
2024,9,1,2024-09,1249,1719,7142.88,12278611
2024,9,1,2024-09,1250,1727,4862.46,8397468
2024,9,1,2024-09,1251,1634,6415.61,10483107
2024,9,1,2024-09,1252,1850,5820.75,10768388
2024,9,1,2024-09,1253,2289,7374.71,16880711
2024,9,1,2024-09,1254,1396,4875.82,6806645
2024,9,1,2024-09,1255,621,6528.94,4054472
2024,9,1,2024-09,1256,753,6315.87,4755850
2024,9,1,2024-09,1257,1045,5156.44,5388480
2024,9,1,2024-09,1258,1673,4590,7679070
2024,9,1,2024-09,1259,2103,6512.57,13695935
2024,9,1,2024-09,1260,1185,6703.03,7943091
2024,9,1,2024-09,1261,896,5200.7,4659827
2024,9,1,2024-09,1262,1803,6455.04,11638437
2024,9,1,2024-09,1263,1653,5526.85,9135883
2024,9,1,2024-09,1264,795,6622.05,5264530
2024,9,1,2024-09,1265,1126,4846.43,5457080
2024,9,1,2024-09,1266,1768,7288.1,12885361
2024,9,1,2024-09,1267,1340,5156.27,6909402
2024,9,1,2024-09,1268,2066,5423.12,11204166
2024,9,1,2024-09,1269,955,4262.34,4070535
2024,9,1,2024-09,1270,1393,4567.54,6362583
2024,9,1,2024-09,1271,1098,6041.25,6633292
2024,9,1,2024-09,1272,1986,5036.29,10002072
2024,9,1,2024-09,1273,1256,7179.95,9018017
2024,9,1,2024-09,1274,2123,4169.05,8850893
2024,9,1,2024-09,1275,1040,5339.94,5553538
2024,9,1,2024-09,1276,2006,5346.17,10724417
2024,9,1,2024-09,1277,2350,4091.31,9614578
2024,9,1,2024-09,1278,1763,4543.83,8010772
2024,9,1,2024-09,1279,660,5631.54,3716816
2024,9,1,2024-09,1280,1300,5904.28,7675564
2024,9,1,2024-09,1281,1272,5533.89,7039108
2024,9,1,2024-09,1282,2207,6047.23,13346237
2024,9,1,2024-09,1283,1992,6288.99,12527668
2024,9,1,2024-09,1284,1711,4129.65,7065831
2024,9,1,2024-09,1285,918,5764.72,5292013
2024,9,1,2024-09,1286,1391,7574,10535434
2024,9,1,2024-09,1287,1773,5924.34,10503855
2024,9,1,2024-09,1288,1816,6506.52,11815840
2024,9,1,2024-09,1289,790,5280.93,4171935
2024,9,1,2024-09,1290,2038,6991.1,14247862
2024,9,1,2024-09,1291,1720,6911.22,11887298
2024,9,1,2024-09,1292,1800,5996.43,10793574
2024,9,1,2024-09,1293,2198,7692.1,16907236
2024,9,1,2024-09,1294,1503,4528.37,6806140
2024,9,1,2024-09,1295,652,4185.59,2729005
2024,9,1,2024-09,1296,1651,6911.29,11410540
2024,9,1,2024-09,1297,1382,6968.87,9630978
2024,9,1,2024-09,1298,2220,4477.17,9939317
2024,9,1,2024-09,1299,1035,5107.58,5286345
2024,9,1,2024-09,1300,2157,4226.89,9117402
2024,9,1,2024-09,1301,881,5207.6,4587896
2024,9,1,2024-09,1302,757,6923.42,5241029
2024,9,1,2024-09,1303,2210,5976.63,13208352
2024,9,1,2024-09,1304,1690,5371.88,9078477
2024,9,1,2024-09,1305,2162,5460.32,11805212
2024,9,1,2024-09,1306,2024,4176.01,8452244
2024,9,1,2024-09,1307,1897,5205.42,9874682
2024,9,1,2024-09,1308,1228,6435.75,7903101
2024,9,1,2024-09,1309,935,7618.3,7123110
2024,9,1,2024-09,1310,1622,7168.94,11628021
2024,9,1,2024-09,1311,1364,4157.99,5671498
2024,9,1,2024-09,1312,1150,7395.42,8504733
2024,9,1,2024-09,1313,1864,6890.8,12844451
2024,9,1,2024-09,1314,1250,6913.75,8642188
2024,9,1,2024-09,1315,1847,5716.03,10557507
2024,9,1,2024-09,1316,2075,5534.73,11484565
2024,9,1,2024-09,1317,1115,5228.12,5829354
2024,9,1,2024-09,1318,1752,4370.18,7656555
2024,9,1,2024-09,1319,1673,4912.92,8219315
2024,9,1,2024-09,1320,2050,4971.77,10192128
2024,9,1,2024-09,1321,2239,5863.19,13127682
2024,9,1,2024-09,1322,468,6841.45,3201799
2024,9,1,2024-09,1323,1853,5879.34,10894417
2024,9,1,2024-09,1324,1727,4418.7,7631095
2024,9,1,2024-09,1325,2091,7513.06,15709808
2024,9,1,2024-09,1326,1638,7456.13,12213141
2024,9,1,2024-09,1327,1634,6922.41,11311218
2024,9,1,2024-09,1328,1093,7656.65,8368718
2024,9,1,2024-09,1329,1093,6002.98,6561257
2024,9,1,2024-09,1330,1039,7600.25,7896660
2024,9,1,2024-09,1331,844,4356.66,3677021
2024,9,1,2024-09,1332,1275,5399.23,6884018
2024,9,1,2024-09,1333,1608,4946.25,7953570
2024,9,1,2024-09,1334,1630,4767.49,7771009
2024,9,1,2024-09,1335,1562,4613.16,7205756
2024,9,1,2024-09,1336,1708,6379.27,10895793
2024,9,1,2024-09,1337,702,6916.13,4855123
2024,9,1,2024-09,1338,978,6221.87,6084989
2024,9,1,2024-09,1339,1577,4690.77,7397344
2024,9,1,2024-09,1340,739,7016.61,5185275
2024,9,1,2024-09,1341,1903,6243.5,11881380
2024,9,1,2024-09,1342,940,5563.99,5230151
2024,9,1,2024-09,1343,2185,6528.65,14265100
2024,9,1,2024-09,1344,1503,5085.84,7644018
2024,9,1,2024-09,1345,2075,5416.61,11239466
2024,9,1,2024-09,1346,1520,7318.44,11124029
2024,9,1,2024-09,1347,606,5159.44,3126621
2024,9,1,2024-09,1348,1020,5870.6,5988012
2024,9,1,2024-09,1349,1614,7293.57,11771822
2024,9,1,2024-09,1350,1326,6694.76,8877252
2024,9,1,2024-09,1351,1531,4294.36,6574665
2024,9,1,2024-09,1352,1932,4669.34,9021165
2024,9,1,2024-09,1353,1949,4093.03,7977315
2024,9,1,2024-09,1354,1215,6416.9,7796534
2024,9,1,2024-09,1355,1255,5701.03,7154793
2024,9,1,2024-09,1356,2008,4665.56,9368444
2024,9,1,2024-09,1357,1287,7611.13,9795524
2024,9,1,2024-09,1358,1039,5987.23,6220732
2024,9,1,2024-09,1359,1486,5061.46,7521330
2024,9,1,2024-09,1360,1647,5884.19,9691261
2024,9,1,2024-09,1361,2032,6580.97,13372531
2024,9,1,2024-09,1362,1808,4392.36,7941387
2024,9,1,2024-09,1363,1996,5084.15,10147963
2024,9,1,2024-09,1364,1700,7041.63,11970771
2024,9,1,2024-09,1365,1668,5741.21,9576338
2024,9,1,2024-09,1366,1365,6049.36,8257376
2024,9,1,2024-09,1367,2036,5668.53,11541127
2024,9,1,2024-09,1368,1980,4319.09,8551798
2024,9,1,2024-09,1369,1237,4724.36,5844033
2024,9,1,2024-09,1370,1218,5697.62,6939701
2024,9,1,2024-09,1371,1748,4845.87,8470581
2024,9,1,2024-09,1372,1322,4290.55,5672107
2024,9,1,2024-09,1373,835,7161.21,5979610
2024,9,1,2024-09,1374,755,7579.97,5722877
2024,9,1,2024-09,1375,1440,6926.4,9974016
2024,9,1,2024-09,1376,1521,7208.42,10964007
2024,9,1,2024-09,1377,2167,4948.96,10724396
2024,9,1,2024-09,1378,1905,7528.87,14342497
2024,9,1,2024-09,1379,1114,4823.77,5373680
2024,9,1,2024-09,1380,1305,7485.32,9768343
2024,9,1,2024-09,1381,1344,7656.29,10290054
2024,9,1,2024-09,1382,761,6671.12,5076722
2024,9,1,2024-09,1383,1883,7660.41,14424552
2024,9,1,2024-09,1384,1933,6122.55,11834889
2024,9,1,2024-09,1385,1849,5012.02,9267225
2024,9,1,2024-09,1386,2118,5734.51,12145692
2024,9,1,2024-09,1387,2013,6213.65,12508077
2024,9,1,2024-09,1388,1202,4348.82,5227282
2024,9,1,2024-09,1389,560,6255.85,3503276
2024,9,1,2024-09,1390,1232,7678.05,9459358
2024,9,1,2024-09,1391,1138,4862.66,5533707
2024,9,1,2024-09,1392,697,6953.32,4846464
2024,9,1,2024-09,1393,1899,7375.12,14005353
2024,9,1,2024-09,1394,1468,7494.32,11001662
2024,9,1,2024-09,1395,1366,7503.73,10250095
2024,9,1,2024-09,1396,733,6013.02,4407544
2024,9,1,2024-09,1397,1550,7675.91,11897660
2024,9,1,2024-09,1398,1902,6827.99,12986837
2024,9,1,2024-09,1399,814,4731.27,3851254
2024,9,1,2024-09,1400,712,5786.4,4119917
2024,9,1,2024-09,1401,2118,6645.29,14074724
2024,9,1,2024-09,1402,778,5026.39,3910531
2024,9,1,2024-09,1403,1551,6479.64,10049922
2024,9,1,2024-09,1404,765,6476.61,4954607
2024,9,1,2024-09,1405,1807,4694.65,8483233
2024,9,1,2024-09,1406,1914,6164.68,11799198
2024,9,1,2024-09,1407,1890,6859.2,12963888
2024,9,1,2024-09,1408,2143,5926.31,12700082
2024,9,1,2024-09,1409,1323,4121.74,5453062
2024,9,1,2024-09,1410,908,4173.2,3789266
2024,9,1,2024-09,1411,826,5386.97,4449637
2024,9,1,2024-09,1412,2253,7359.83,16581697
2024,9,1,2024-09,1413,1358,4892.23,6643648
2024,9,1,2024-09,1414,1179,6403.41,7549620
2024,9,1,2024-09,1415,975,4976.06,4851658
2024,9,1,2024-09,1416,1466,5212.02,7640821
2024,9,1,2024-09,1417,975,7198.19,7018235
2024,9,1,2024-09,1418,1457,6745.12,9827640
2024,9,1,2024-09,1419,1295,4505.47,5834584
2024,9,1,2024-09,1420,1750,5646.64,9881620
2024,9,1,2024-09,1421,2171,4253.93,9235282
2024,9,1,2024-09,1422,1760,5923.33,10425061
2024,9,1,2024-09,1423,1597,6497.56,10376603
2024,9,1,2024-09,1424,2373,4500.84,10680493
2024,9,1,2024-09,1425,1429,5219.08,7458065
2024,9,1,2024-09,1426,1290,5567.12,7181585
2024,9,1,2024-09,1427,821,7418.91,6090925
2024,9,1,2024-09,1428,1821,7751.93,14116265
2024,9,1,2024-09,1429,2139,4345.15,9294276
2024,9,1,2024-09,1430,1737,6862.88,11920823
2024,9,1,2024-09,1431,1533,5409.25,8292380
2024,9,1,2024-09,1432,1888,5507.48,10398122
2024,9,1,2024-09,1433,2221,6825.78,15160057
2024,9,1,2024-09,1434,1612,7402.71,11933169
2024,9,1,2024-09,1435,777,7498.79,5826560
2024,9,1,2024-09,1436,713,6175.33,4403010
2024,9,1,2024-09,1437,2167,5445.03,11799380
2024,9,1,2024-09,1438,716,6945.47,4972957
2024,9,1,2024-09,1439,1248,4997.26,6236580
2024,9,1,2024-09,1440,1887,6167.02,11637167
2024,9,1,2024-09,1441,1002,5428.17,5439026
2024,9,1,2024-09,1442,1403,6466.6,9072640
2024,9,1,2024-09,1443,1339,4930.63,6602114
2024,9,1,2024-09,1444,2049,4800.69,9836614
2024,9,1,2024-09,1445,2091,7402.81,15479276
2024,9,1,2024-09,1446,873,4524.85,3950194
2024,9,1,2024-09,1447,739,5897.51,4358260
2024,9,1,2024-09,1448,1616,4898.23,7915540
2024,9,1,2024-09,1449,1315,4329.66,5693503
2024,9,1,2024-09,1450,1534,4239.33,6503132
2024,9,1,2024-09,1451,1037,4746.29,4921903
2024,9,1,2024-09,1452,576,7301.48,4205652
2024,9,1,2024-09,1453,2035,5090.68,10359534
2024,9,1,2024-09,1454,1993,7577.66,15102276
2024,9,1,2024-09,1455,1661,6182.93,10269847
2024,9,1,2024-09,1456,1933,5691.62,11001901
2024,9,1,2024-09,1457,2117,6207.82,13141955
2024,9,1,2024-09,1458,1987,5957.61,11837771
2024,9,1,2024-09,1459,1553,6790.96,10546361
2024,9,1,2024-09,1460,1020,5101.28,5203306
2024,9,1,2024-09,1461,1295,5374.01,6959343
2024,9,1,2024-09,1462,938,7281.79,6830319
2024,9,1,2024-09,1463,635,7503.89,4764970
2024,9,1,2024-09,1464,2097,7277.36,15260624
2024,9,1,2024-09,1465,649,5580.07,3621465
2024,9,1,2024-09,1466,1326,6839.24,9068832
2024,9,1,2024-09,1467,1014,5899.63,5982225
2024,9,1,2024-09,1468,1871,5895.19,11029900
2024,9,1,2024-09,1469,1911,4822.55,9215893
2024,9,1,2024-09,1470,661,6190.03,4091610
2024,9,1,2024-09,1471,1741,4762.05,8290729
2024,9,1,2024-09,1472,754,5222.54,3937795
2024,9,1,2024-09,1473,637,7150.32,4554754
2024,9,1,2024-09,1474,1722,4893.33,8426314
2024,9,1,2024-09,1475,773,4346.56,3359891
2024,9,1,2024-09,1476,2097,4395.75,9217888
2024,9,1,2024-09,1477,838,7525.08,6306017
2024,9,1,2024-09,1478,1071,5962.11,6385420
2024,9,1,2024-09,1479,2242,5586.16,12524171
2024,9,1,2024-09,1480,672,7072.43,4752673
2024,9,1,2024-09,1481,1365,7159.3,9772444
2024,9,1,2024-09,1482,1138,5276.81,6005010
2024,9,1,2024-09,1483,761,6561.46,4993271
2024,9,1,2024-09,1484,1680,6857.62,11520802
2024,9,1,2024-09,1485,1517,6447.17,9780357
2024,9,1,2024-09,1486,1503,4715.87,7087953
2024,9,1,2024-09,1487,1840,7287.82,13409589
2024,9,1,2024-09,1488,953,6054.22,5769672
2024,9,1,2024-09,1489,782,5138.62,4018401
2024,9,1,2024-09,1490,1942,5592.08,10859819
2024,9,1,2024-09,1491,983,4305.07,4231884
2024,9,1,2024-09,1492,962,4586.36,4412078
2024,9,1,2024-09,1493,1326,6810.36,9030537
2024,9,1,2024-09,1494,1735,4045.56,7019047
2024,9,1,2024-09,1495,1041,5552.99,5780663
2024,9,1,2024-09,1496,1748,5992.18,10474331
2024,9,1,2024-09,1497,1239,4202.02,5206303
2024,9,1,2024-09,1498,2201,7546.7,16610287
2024,9,1,2024-09,1499,1421,4951.15,7035584
2024,9,1,2024-09,1500,1760,5188.92,9132499
2024,9,1,2024-09,1501,2124,5127.77,10891383
2024,9,1,2024-09,1502,1034,4916.45,5083609
2024,9,1,2024-09,1503,525,4122.18,2164144
2024,9,1,2024-09,1504,2257,6770.4,15280793
2024,9,1,2024-09,1505,1570,7597.45,11927996
2024,9,1,2024-09,1506,1763,4941.81,8712411
2024,9,1,2024-09,1507,1496,6523.55,9759231
2024,9,1,2024-09,1508,1007,6697.63,6744513
2024,9,1,2024-09,1509,1697,7209.75,12234946
2024,9,1,2024-09,1510,1846,5687.99,10500030
2024,9,1,2024-09,1511,758,5176.5,3923787
2024,9,1,2024-09,1512,1215,5149.17,6256242
2024,9,1,2024-09,1513,965,6728.18,6492694
2024,9,1,2024-09,1514,1181,6916.83,8168776
2024,9,1,2024-09,1515,1018,4787.46,4873634
2024,9,1,2024-09,1516,1732,5426.83,9399270
2024,9,1,2024-09,1517,1357,7317.95,9930458
2024,9,1,2024-09,1518,1375,6985.14,9604568
2024,9,1,2024-09,1519,1486,7647.36,11363977
2024,9,1,2024-09,1520,2229,6720.66,14980351
2024,9,1,2024-09,1521,1549,5518.08,8547506
2024,9,1,2024-09,1522,2120,6168.11,13076393
2024,9,1,2024-09,1523,1639,6461.23,10589956
2024,9,1,2024-09,1524,1233,4409.01,5436309
2024,9,1,2024-09,1525,1800,6106.87,10992366
2024,9,1,2024-09,1526,1489,6623.48,9862362
2024,9,1,2024-09,1527,1159,4799.91,5563096
2024,9,1,2024-09,1528,2331,6871.23,16016837
2024,9,1,2024-09,1529,1259,6168.78,7766494
2024,9,1,2024-09,1530,1862,7571.02,14097239
2024,9,1,2024-09,1531,2254,4261.78,9606052
2024,9,1,2024-09,1532,2077,5077.75,10546487
2024,9,1,2024-09,1533,1733,6249.37,10830158
2024,9,1,2024-09,1534,1060,5164.45,5474317
2024,9,1,2024-09,1535,822,6690.54,5499624
2024,9,1,2024-09,1536,2070,6891.34,14265074
2024,9,1,2024-09,1537,975,4494.03,4381679
2024,9,1,2024-09,1538,1476,5977.22,8822377
2024,9,1,2024-09,1539,1849,5984.36,11065082
2024,9,1,2024-09,1540,1819,5420.26,9859453
2024,9,1,2024-09,1541,1666,7411.7,12347892
2024,9,1,2024-09,1542,853,7032.89,5999055
2024,9,1,2024-09,1543,1744,6573.4,11464010
2024,9,1,2024-09,1544,1126,6627.47,7462531
2024,9,1,2024-09,1545,588,5821.06,3422783
2024,9,1,2024-09,1546,1266,7328.33,9277666
2024,9,1,2024-09,1547,1974,6630.51,13088627
2024,9,1,2024-09,1548,1847,6671.7,12322630
2024,9,1,2024-09,1549,1588,7281.77,11563451
2024,9,1,2024-09,1550,2179,5119,11154301
2024,9,1,2024-09,1551,1079,6966.51,7516864
2024,9,1,2024-09,1552,2001,4794.76,9594315
2024,9,1,2024-09,1553,814,5351.85,4356406
2024,9,1,2024-09,1554,1126,5349.45,6023481
2024,9,1,2024-09,1555,2009,7633.87,15336445
2024,9,1,2024-09,1556,1678,7182.13,12051614
2024,9,1,2024-09,1557,1601,6595.62,10559588
2024,9,1,2024-09,1558,2064,6706.91,13843062
2024,9,1,2024-09,1559,993,6190.65,6147315
2024,9,1,2024-09,1560,1455,7602.16,11061143
2024,9,1,2024-09,1561,1938,5944.65,11520732
2024,9,1,2024-09,1562,1415,5438.33,7695237
2024,9,1,2024-09,1563,1264,4768.5,6027384
2024,9,1,2024-09,1564,958,6916.48,6625988
2024,9,1,2024-09,1565,1542,6746.5,10403103
2024,9,1,2024-09,1566,1928,5438.27,10484985
2024,9,1,2024-09,1567,2194,4216.46,9250913
2024,9,1,2024-09,1568,2182,7084.72,15458859
2024,9,1,2024-09,1569,1887,4224.02,7970726
2024,9,1,2024-09,1570,1785,6750.96,12050464
2024,9,1,2024-09,1571,762,7589.13,5782917
2024,9,1,2024-09,1572,1611,5707.07,9194090
2024,9,1,2024-09,1573,1121,4947.3,5545923
2024,9,1,2024-09,1574,921,6646.05,6121012
2024,9,1,2024-09,1575,1026,7015.28,7197677
2024,9,1,2024-09,1576,1496,6088.37,9108202
2024,9,1,2024-09,1577,1357,7595.76,10307446
2024,9,1,2024-09,1578,1147,4319.42,4954375
2024,9,1,2024-09,1579,2143,5959.14,12770437
2024,9,1,2024-09,1580,1995,6672.81,13312256
2024,9,1,2024-09,1581,977,7325.6,7157111
2024,9,1,2024-09,1582,943,4732.64,4462880
2024,9,1,2024-09,1583,1540,6950.84,10704294
2024,9,1,2024-09,1584,1618,5983.58,9681432
2024,9,1,2024-09,1585,1981,5572.81,11039737
2024,9,1,2024-09,1586,971,4463.37,4333932
2024,9,1,2024-09,1587,997,7198.67,7177074
2024,9,1,2024-09,1588,1197,4649.59,5565559
2024,9,1,2024-09,1589,576,5163.81,2974355
2024,9,1,2024-09,1590,2137,5160.87,11028779
2024,9,1,2024-09,1591,1580,7315.44,11558395
2024,9,1,2024-09,1592,1149,6558.53,7535751
2024,9,1,2024-09,1593,1048,6934.47,7267325
2024,9,1,2024-09,1594,866,5106.08,4421865
2024,9,1,2024-09,1595,961,6321.75,6075202
2024,9,1,2024-09,1596,1275,6214.05,7922914
2024,9,1,2024-09,1597,1319,7019.81,9259129
2024,9,1,2024-09,1598,1452,7349.39,10671314
2024,9,1,2024-09,1599,1313,4111.27,5398098
2024,9,1,2024-09,1600,1318,6623.87,8730261
2024,9,1,2024-09,1601,1693,4275.42,7238286
2024,9,1,2024-09,1602,2197,6037.09,13263487
2024,9,1,2024-09,1603,1943,5170.29,10045873
2024,9,1,2024-09,1604,1827,5206.55,9512367
2024,9,1,2024-09,1605,815,5479.46,4465760
2024,9,1,2024-09,1606,709,6355.82,4506276
2024,9,1,2024-09,1607,1345,5318.21,7152992
2024,9,1,2024-09,1608,2298,6772.54,15563297
2024,9,1,2024-09,1609,1408,5557.19,7824524
2024,9,1,2024-09,1610,1432,4376.32,6266890
2024,9,1,2024-09,1611,2160,6884.93,14871449
2024,9,1,2024-09,1612,1945,5114.68,9948053
2024,9,1,2024-09,1613,2047,5626.98,11518428
2024,9,1,2024-09,1614,2022,6588.78,13322513
2024,9,1,2024-09,1615,630,5279.63,3326167
2024,9,1,2024-09,1616,1687,4358.64,7353026
2024,9,1,2024-09,1617,911,5418.82,4936545
2024,9,1,2024-09,1618,1826,7453.44,13609981
2024,9,1,2024-09,1619,1417,6425.73,9105259
2024,9,1,2024-09,1620,1533,6527.54,10006719
2024,9,1,2024-09,1621,1890,6419.77,12133365
2024,9,1,2024-09,1622,1659,4779.34,7928925
2024,9,1,2024-09,1623,2019,5547.28,11199958
2024,9,1,2024-09,1624,2114,6860.04,14502125
2024,9,1,2024-09,1625,2049,4422.69,9062092
2024,9,1,2024-09,1626,1980,5151.75,10200465
2024,9,1,2024-09,1627,773,5003.1,3867396
2024,9,1,2024-09,1628,1515,5690.99,8621850
2024,9,1,2024-09,1629,697,7624.83,5314507
2024,9,1,2024-09,1630,1703,4380.79,7460485
2024,9,1,2024-09,1631,1441,6009.78,8660093
2024,9,1,2024-09,1632,1077,4805.02,5175007
2024,9,1,2024-09,1633,962,7611.62,7322378
2024,9,1,2024-09,1634,893,4563.85,4075518
2024,9,1,2024-09,1635,1790,5614.39,10049758
2024,9,1,2024-09,1636,1233,6816,8404128
2024,9,1,2024-09,1637,1381,6662.86,9201410
2024,9,1,2024-09,1638,1865,5589.6,10424604
2024,9,1,2024-09,1639,1666,5348.54,8910668
2024,9,1,2024-09,1640,1371,5537.99,7592584
2024,9,1,2024-09,1641,1210,5035.29,6092701
2024,9,1,2024-09,1642,1244,4803.62,5975703
2024,9,1,2024-09,1643,625,5889.42,3680888
2024,9,1,2024-09,1644,1644,5094.61,8375539
2024,9,1,2024-09,1645,1009,5118.66,5164728
2024,9,1,2024-09,1646,804,6470.38,5202186
2024,9,1,2024-09,1647,645,7596.59,4899801
2024,9,1,2024-09,1648,1347,6226.91,8387648
2024,9,1,2024-09,1649,1706,4360.52,7439047
2024,9,1,2024-09,1650,1590,4377.32,6959939
2024,9,1,2024-09,1651,1876,7514.91,14097971
2024,9,1,2024-09,1652,1192,5112.1,6093623
2024,9,1,2024-09,1653,1322,4483.94,5927769
2024,9,1,2024-09,1654,2055,6263.81,12872130
2024,9,1,2024-09,1655,1957,6339.18,12405775
2024,9,1,2024-09,1656,1666,6407.03,10674112
2024,9,1,2024-09,1657,2080,5031.45,10465416
2024,9,1,2024-09,1658,1313,4176.03,5483127
2024,9,1,2024-09,1659,1703,7577.56,12904585
2024,9,1,2024-09,1660,1926,5106.68,9835466
2024,9,1,2024-09,1661,1448,6630.23,9600573
2024,9,1,2024-09,1662,1451,6622.9,9609828
2024,9,1,2024-09,1663,1965,6258.45,12297854
2024,9,1,2024-09,1664,873,5182.72,4524515
2024,9,1,2024-09,1665,1269,5094.21,6464552
2024,9,1,2024-09,1666,2346,6201.34,14548344
2024,9,1,2024-09,1667,711,7154.83,5087084
2024,9,1,2024-09,1668,1920,7472.07,14346374
2024,9,1,2024-09,1669,2236,4472.39,10000264
2024,9,1,2024-09,1670,1665,4641.38,7727898
2024,9,1,2024-09,1671,2197,7425.19,16313142
2024,9,1,2024-09,1672,1517,6749.74,10239356
2024,9,1,2024-09,1673,1786,7272.4,12988506
2024,9,1,2024-09,1674,1592,4905.75,7809954
2024,9,1,2024-09,1675,934,6165.56,5758633
2024,9,1,2024-09,1676,1066,6651.01,7089977
2024,9,1,2024-09,1677,1762,6632.48,11686430
2024,9,1,2024-09,1678,1694,5514.58,9341699
2024,9,1,2024-09,1679,1718,4127.26,7090633
2024,9,1,2024-09,1680,1014,6148.19,6234265
2024,9,1,2024-09,1681,712,5046.06,3592795
2024,9,1,2024-09,1682,2029,5748.94,11664599
2024,9,1,2024-09,1683,1913,7586.78,14513510
2024,9,1,2024-09,1684,1465,5551.1,8132362
2024,9,1,2024-09,1685,1625,7203.96,11706435
2024,9,1,2024-09,1686,1352,4819.55,6516032
2024,9,1,2024-09,1687,1979,6581.45,13024690
2024,9,1,2024-09,1688,1784,7620.3,13594615
2024,9,1,2024-09,1689,1763,4468.13,7877313
2024,9,1,2024-09,1690,1001,4143.09,4147233
2024,9,1,2024-09,1691,838,5732.77,4804061
2024,9,1,2024-09,1692,849,4488.12,3810414
2024,9,1,2024-09,1693,733,6829.19,5005796
2024,9,1,2024-09,1694,1407,7434.74,10460679
2024,9,1,2024-09,1695,2236,5684.47,12710475
2024,9,1,2024-09,1696,1525,5172.69,7888352
2024,9,1,2024-09,1697,733,5663.86,4151609
2024,9,1,2024-09,1698,2203,6711.95,14786426
2024,9,1,2024-09,1699,1986,4133.48,8209091
2024,9,1,2024-09,1700,988,6250.58,6175573
2024,9,1,2024-09,1701,1962,6234.19,12231481
2024,9,1,2024-09,1702,951,6267.36,5960259
2024,9,1,2024-09,1703,1974,4957.24,9785592
2024,9,1,2024-09,1704,782,6699.74,5239197
2024,9,1,2024-09,1705,999,4494.15,4489656
2024,9,1,2024-09,1706,1453,4776.82,6940719
2024,9,1,2024-09,1707,1493,7182.59,10723607
2024,9,1,2024-09,1708,1659,6729.13,11163627
2024,9,1,2024-09,1709,1006,4137.13,4161953
2024,9,1,2024-09,1710,1232,5018.83,6183199
2024,9,1,2024-09,1711,2056,4893.27,10060563
2024,9,1,2024-09,1712,2029,5155.23,10459962
2024,9,1,2024-09,1713,936,4987.51,4668309
2024,9,1,2024-09,1714,925,4284.95,3963579
2024,9,1,2024-09,1715,1155,5775.38,6670564
2024,9,1,2024-09,1716,1443,6696.78,9663454
2024,9,1,2024-09,1717,926,6247.13,5784842
2024,9,1,2024-09,1718,785,6602.71,5183127
2024,9,1,2024-09,1719,1575,4453.22,7013822
2024,9,1,2024-09,1720,1659,7502.93,12447361
2024,9,1,2024-09,1721,1284,7200.24,9245108
2024,9,1,2024-09,1722,1623,7036.2,11419753
2024,9,1,2024-09,1723,1348,7080.29,9544231
2024,9,1,2024-09,1724,1023,7424.49,7595253
2024,9,1,2024-09,1725,2163,5973.95,12921654
2024,9,1,2024-09,1726,1282,4798.67,6151895
2024,9,1,2024-09,1727,992,6303.7,6253270
2024,9,1,2024-09,1728,2148,6722.66,14440274
2024,9,1,2024-09,1729,876,6764.34,5925562
2024,9,1,2024-09,1730,1013,5893.34,5969953
2024,9,1,2024-09,1731,2165,4425.86,9581987
2024,9,1,2024-09,1732,1163,5427.16,6311787
2024,9,1,2024-09,1733,1073,7445.57,7989097
2024,9,1,2024-09,1734,1984,6242.97,12386052
2024,9,1,2024-09,1735,1627,5989.87,9745518
2024,9,1,2024-09,1736,1774,5003.9,8876919
2024,9,1,2024-09,1737,1954,5409.41,10569987
2024,9,1,2024-09,1738,840,7338.35,6164214
2024,9,1,2024-09,1739,1029,6509.53,6698306
2024,9,1,2024-09,1740,2206,6988.04,15415616
2024,9,1,2024-09,1741,1527,5762.88,8799918
2024,9,1,2024-09,1742,1406,6394.89,8991215
2024,9,1,2024-09,1743,1294,4972.69,6434661
2024,9,1,2024-09,1744,1404,6631.29,9310331
2024,9,1,2024-09,1745,1194,5639.37,6733408
2024,9,1,2024-09,1746,1291,5730.86,7398540
2024,9,1,2024-09,1747,1684,6476,10905584
2024,9,1,2024-09,1748,2094,7457.3,15615586
2024,9,1,2024-09,1749,1057,4341.09,4588532
2024,9,1,2024-09,1750,1419,7084.92,10053501
2024,9,1,2024-09,1751,2223,5253.32,11678130
2024,9,1,2024-09,1752,1293,5629.7,7279202
2024,9,1,2024-09,1753,1897,4158.05,7887821
2024,9,1,2024-09,1754,1798,5157.56,9273293
2024,9,1,2024-09,1755,1834,5858.59,10744654
2024,9,1,2024-09,1756,2120,4286.29,9086935
2024,9,1,2024-09,1757,1302,5893.54,7673389
2024,9,1,2024-09,1758,901,7477.54,6737264
2024,9,1,2024-09,1759,2054,4508.36,9260171
2024,9,1,2024-09,1760,674,6863.02,4625675
2024,9,1,2024-09,1761,1494,5544.2,8283035
2024,9,1,2024-09,1762,925,6343.19,5867451
2024,9,1,2024-09,1763,2023,5068.31,10253191
2024,9,1,2024-09,1764,1687,4751.38,8015578
2024,9,1,2024-09,1765,1218,4737.96,5770835
2024,9,1,2024-09,1766,1973,4369.01,8620057
2024,9,1,2024-09,1767,2066,4788.33,9892690
2024,9,1,2024-09,1768,1360,6558.53,8919601
2024,9,1,2024-09,1769,1011,7241.32,7320975
2024,9,1,2024-09,1770,1740,7010.77,12198740
2024,9,1,2024-09,1771,1150,6489.1,7462465
2024,9,1,2024-09,1772,1834,4536.94,8320748
2024,9,1,2024-09,1773,1235,5132.43,6338551
2024,9,1,2024-09,1774,1598,5215.16,8333826
2024,9,1,2024-09,1775,1357,5045.39,6846594
2024,9,1,2024-09,1776,658,5928.21,3900762
2024,9,1,2024-09,1777,1046,6057.88,6336542
2024,9,1,2024-09,1778,1966,5421.62,10658905
2024,9,1,2024-09,1779,1110,5369.58,5960234
2024,9,1,2024-09,1780,1057,7120.5,7526368
2024,9,1,2024-09,1781,2192,6937.76,15207570
2024,9,1,2024-09,1782,1502,5253.62,7890937
2024,9,1,2024-09,1783,1205,7359.64,8868366
2024,9,1,2024-09,1784,1143,7553.19,8633296
2024,9,1,2024-09,1785,1384,5273.18,7298081
2024,9,1,2024-09,1786,1486,5403.18,8029125
2024,9,1,2024-09,1787,1853,5944.44,11015047
2024,9,1,2024-09,1788,1439,7467.12,10745186
2024,9,1,2024-09,1789,991,7234.19,7169082
2024,9,1,2024-09,1790,1180,4478.35,5284453
2024,9,1,2024-09,1791,1751,5528.23,9679931
2024,9,1,2024-09,1792,799,6124.99,4893867
2024,9,1,2024-09,1793,1642,5930.28,9737520
2024,9,1,2024-09,1794,1780,4679.28,8329118
2024,9,1,2024-09,1795,1513,7229.38,10938052
2024,9,1,2024-09,1796,998,6558.97,6545852
2024,9,1,2024-09,1797,1885,7169.16,13513867
2024,9,1,2024-09,1798,1178,7228.89,8515632
2024,9,1,2024-09,1799,1094,6777.05,7414093
2024,9,1,2024-09,1800,2215,5638.62,12489543
2024,9,1,2024-09,1801,1282,6384.83,8185352
2024,9,1,2024-09,1802,1854,4752.23,8810634
2024,9,1,2024-09,1803,1325,6562.63,8695485
2024,9,1,2024-09,1804,1728,4726.17,8166822
2024,9,1,2024-09,1805,1023,6543.02,6693509
2024,9,1,2024-09,1806,824,4922.38,4056041
2024,9,1,2024-09,1807,2064,4580.15,9453430
2024,9,1,2024-09,1808,1671,4603.76,7692883
2024,9,1,2024-09,1809,1710,4095.73,7003698
2024,9,1,2024-09,1810,771,6810.73,5251073
2024,9,1,2024-09,1811,1846,6723.02,12410695
2024,9,1,2024-09,1812,1764,5963.47,10519561
2024,9,1,2024-09,1813,1751,4696.88,8224237
2024,9,1,2024-09,1814,1661,4497.54,7470414
2024,9,1,2024-09,1815,1918,4175.15,8007938
2024,9,1,2024-09,1816,1603,4632.88,7426507
2024,9,1,2024-09,1817,2228,7351.78,16379766
2024,9,1,2024-09,1818,1513,4936.5,7468924
2024,9,1,2024-09,1819,2013,5320.38,10709925
2024,9,1,2024-09,1820,1588,4566.51,7251618
2024,9,1,2024-09,1821,2292,4949.52,11344300
2024,9,1,2024-09,1822,1756,5960.68,10466954
2024,9,1,2024-09,1823,780,6345.5,4949490
2024,9,1,2024-09,1824,937,5042.13,4724476
2024,9,1,2024-09,1825,1575,4296.94,6767680
2024,9,1,2024-09,1826,661,5527.51,3653684
2024,9,1,2024-09,1827,2287,4953.59,11328860
2024,9,1,2024-09,1828,2018,4876.11,9839990
2024,9,1,2024-09,1829,1933,7554.03,14601940
2024,9,1,2024-09,1830,1138,6358.65,7236144
2024,9,1,2024-09,1831,1661,6069.65,10081689
2024,9,1,2024-09,1832,1864,5644.4,10521162
2024,9,1,2024-09,1833,1944,5570.85,10829732
2024,9,1,2024-09,1834,1633,6064.49,9903312
2024,9,1,2024-09,1835,1400,6577.34,9208276
2024,9,1,2024-09,1836,1542,6701.91,10334345
2024,9,1,2024-09,1837,1991,4662.44,9282918
2024,9,1,2024-09,1838,1521,5898.03,8970904
2024,9,1,2024-09,1839,966,5556.27,5367357
2024,9,1,2024-09,1840,1807,7207.2,13023410
2024,9,1,2024-09,1841,1272,6326.92,8047842
2024,9,1,2024-09,1842,1808,6032.34,10906471
2024,9,1,2024-09,1843,2068,4543.97,9396930
2024,9,1,2024-09,1844,1574,6208.17,9771660
2024,9,1,2024-09,1845,1421,4568.26,6491497
2024,9,1,2024-09,1846,1622,5255.18,8523902
2024,9,1,2024-09,1847,838,4633.17,3882596
2024,9,1,2024-09,1848,857,6674.21,5719798
2024,9,1,2024-09,1849,857,4819.79,4130560
2024,9,1,2024-09,1850,2020,5508.43,11127029
2024,9,1,2024-09,1851,1549,7287.13,11287764
2024,9,1,2024-09,1852,861,4821.38,4151208
2024,9,1,2024-09,1853,1599,5950.27,9514482
2024,9,1,2024-09,1854,1574,5692.46,8959932
2024,9,1,2024-09,1855,1534,4184.5,6419023
2024,9,1,2024-09,1856,1603,7008.45,11234545
2024,9,1,2024-09,1857,1353,4335.44,5865850
2024,9,1,2024-09,1858,811,5866.27,4757545
2024,9,1,2024-09,1859,1056,6200.11,6547316
2024,9,1,2024-09,1860,2040,6422.26,13101410
2024,9,1,2024-09,1861,2078,6615.45,13746905
2024,9,1,2024-09,1862,1147,5054.98,5798062
2024,9,1,2024-09,1863,1712,4122.83,7058285
2024,9,1,2024-09,1864,1543,6640.66,10246538
2024,9,1,2024-09,1865,1316,6065.77,7982553
2024,9,1,2024-09,1866,1767,7074.4,12500465
2024,9,1,2024-09,1867,1259,7025.3,8844853
2024,9,1,2024-09,1868,573,7068.6,4050308
2024,9,1,2024-09,1869,984,5829.28,5736012
2024,9,1,2024-09,1870,2044,5362.65,10961257
2024,9,1,2024-09,1871,1229,6993.52,8595036
2024,9,1,2024-09,1872,1049,5674.97,5953044
2024,9,1,2024-09,1873,1493,4733.46,7067056
2024,9,1,2024-09,1874,1545,7096.14,10963536
2024,9,1,2024-09,1875,738,7292.18,5381629
2024,9,1,2024-09,1876,1293,5796.42,7494771
2024,9,1,2024-09,1877,2133,4404.14,9394031
2024,9,1,2024-09,1878,1067,5487.52,5855184
2024,9,1,2024-09,1879,2002,7022.88,14059806
2024,9,1,2024-09,1880,1229,7331.35,9010229
2024,9,1,2024-09,1881,941,4891.64,4603033
2024,9,1,2024-09,1882,652,4311.39,2811026
2024,9,1,2024-09,1883,1955,7296.27,14264208
2024,9,1,2024-09,1884,1651,5532.6,9134323
2024,9,1,2024-09,1885,1543,6087.37,9392812
2024,9,1,2024-09,1886,874,7566.75,6613340
2024,9,1,2024-09,1887,2129,4438.16,9448843
2024,9,1,2024-09,1888,2278,6406.35,14593665
2024,9,1,2024-09,1889,1412,4488.82,6338214
2024,9,1,2024-09,1890,1037,5483.41,5686296
2024,9,1,2024-09,1891,1765,7045.86,12435943
2024,9,1,2024-09,1892,1283,5736.09,7359403
2024,9,1,2024-09,1893,1436,7720.5,11086638
2024,9,1,2024-09,1894,1539,6203.92,9547833
2024,9,1,2024-09,1895,2049,5311.83,10883940
2024,9,1,2024-09,1896,2222,4941.06,10979035
2024,9,1,2024-09,1897,1490,5395.33,8039042
2024,9,1,2024-09,1898,1913,5470.08,10464263
2024,9,1,2024-09,1899,1901,4417.3,8397287
2024,9,1,2024-09,1900,816,5404.59,4410145
2024,9,1,2024-09,1901,1320,5773.78,7621390
2024,9,1,2024-09,1902,1524,6727.44,10252619
2024,9,1,2024-09,1903,1794,6435.95,11546094
2024,9,1,2024-09,1904,987,6698.03,6610956
2024,9,1,2024-09,1905,723,4141.71,2994456
2024,9,1,2024-09,1906,937,4841.81,4536776
2024,9,1,2024-09,1907,1562,6459.08,10089083
2024,9,1,2024-09,1908,1376,5894.44,8110749
2024,9,1,2024-09,1909,883,4093.39,3614463
2024,9,1,2024-09,1910,1692,6953.47,11765271
2024,9,1,2024-09,1911,1781,6906.84,12301082
2024,9,1,2024-09,1912,995,6022.2,5992089
2024,9,1,2024-09,1913,1968,4384.36,8628420
2024,9,1,2024-09,1914,1617,6768.3,10944341
2024,9,1,2024-09,1915,740,6228.99,4609453
2024,9,1,2024-09,1916,918,6911.99,6345207
2024,9,1,2024-09,1917,576,6881.74,3963882
2024,9,1,2024-09,1918,1691,6903.66,11674089
2024,9,1,2024-09,1919,736,5943.69,4374556
2024,9,1,2024-09,1920,1530,4646.16,7108625
2024,9,1,2024-09,1921,1083,6517.99,7058983
2024,9,1,2024-09,1922,1918,6316.54,12115124
2024,9,1,2024-09,1923,959,6694.68,6420198
2024,9,1,2024-09,1924,1186,4747.42,5630440
2024,9,1,2024-09,1925,732,4920.09,3601506
2024,9,1,2024-09,1926,1584,7270.63,11516678
2024,9,1,2024-09,1927,1929,6805.28,13127385
2024,9,1,2024-09,1928,2164,7383.32,15977504
2024,9,1,2024-09,1929,836,6815.12,5697440
2024,9,1,2024-09,1930,2024,6253.73,12657550
2024,9,1,2024-09,1931,1165,6412.69,7470784
2024,9,1,2024-09,1932,2071,7236.83,14987475
2024,9,1,2024-09,1933,1335,6257.73,8354070
2024,9,1,2024-09,1934,2291,6376.07,14607576
2024,9,1,2024-09,1935,2140,4705.28,10069299
2024,9,1,2024-09,1936,1884,5834.93,10993008
2024,9,1,2024-09,1937,2093,6638.92,13895260
2024,9,1,2024-09,1938,727,5030.98,3657522
2024,9,1,2024-09,1939,948,4816.44,4565985
2024,9,1,2024-09,1940,1151,5252.99,6046191
2024,9,1,2024-09,1941,796,4947.25,3938011
2024,9,1,2024-09,1942,1182,4868.4,5754449
2024,9,1,2024-09,1943,1906,5549.38,10577118
2024,9,1,2024-09,1944,830,7364.35,6112410
2024,9,1,2024-09,1945,1412,5937.04,8383100
2024,9,1,2024-09,1946,2288,4792.79,10965904
2024,9,1,2024-09,1947,1980,4351.04,8615059
2024,9,1,2024-09,1948,624,6565.13,4096641
2024,9,1,2024-09,1949,990,5440.38,5385976
2024,9,1,2024-09,1950,1632,7039.59,11488611
2024,9,1,2024-09,1951,1139,6446.47,7342529
2024,9,1,2024-09,1952,2037,7030.73,14321597
2024,9,1,2024-09,1953,1682,5174.52,8703543
2024,9,1,2024-09,1954,1620,6636.65,10751373
2024,9,1,2024-09,1955,604,5069.55,3062008
2024,9,1,2024-09,1956,1897,7463.43,14158127
2024,9,1,2024-09,1957,1819,6357.97,11565147
2024,9,1,2024-09,1958,1638,5284.15,8655438
2024,9,1,2024-09,1959,1791,5077.26,9093373
2024,9,1,2024-09,1960,798,4757.18,3796230
2024,9,1,2024-09,1961,1680,6568.48,11035046
2024,9,1,2024-09,1962,2056,4815.48,9900627
2024,9,1,2024-09,1963,1981,6203.31,12288757
2024,9,1,2024-09,1964,1152,5085.1,5858035
2024,9,1,2024-09,1965,1951,6533.8,12747444
2024,9,1,2024-09,1966,1368,7057.8,9655070
2024,9,1,2024-09,1967,2048,6879.48,14089175
2024,9,1,2024-09,1968,1606,6765.86,10865971
2024,9,1,2024-09,1969,958,4738.43,4539416
2024,9,1,2024-09,1970,1284,4457.07,5722878
2024,9,1,2024-09,1971,985,6637.8,6538233
2024,9,1,2024-09,1972,976,5408.58,5278774
2024,9,1,2024-09,1973,1792,5648.33,10121807
2024,9,1,2024-09,1974,1555,4319.3,6716512
2024,9,1,2024-09,1975,1213,4969.81,6028380
2024,9,1,2024-09,1976,2200,4242.13,9332686
2024,9,1,2024-09,1977,989,7209.05,7129750
2024,9,1,2024-09,1978,1486,4939.38,7339919
2024,9,1,2024-09,1979,2014,6132.11,12350070
2024,9,1,2024-09,1980,1870,4336.98,8110153
2024,9,1,2024-09,1981,1504,6532.55,9824955
2024,9,1,2024-09,1982,645,5346.2,3448299
2024,9,1,2024-09,1983,1026,7243.71,7432046
2024,9,1,2024-09,1984,860,7317.73,6293248
2024,9,1,2024-09,1985,2113,5324.72,11251133
2024,9,1,2024-09,1986,1067,7330.52,7821665
2024,9,1,2024-09,1987,1749,7719.15,13500793
2024,9,1,2024-09,1988,2058,7187.57,14792019
2024,9,1,2024-09,1989,1508,7147.79,10778867
2024,9,1,2024-09,1990,883,4993.66,4409402
2024,9,1,2024-09,1991,1433,6233.67,8932849
2024,9,1,2024-09,1992,655,4411.57,2889578
2024,9,1,2024-09,1993,1203,4448.42,5351449
2024,9,1,2024-09,1994,1227,7666.67,9407004
2024,9,1,2024-09,1995,1066,5338.58,5690926
2024,9,1,2024-09,1996,1427,6775.82,9669095
2024,9,1,2024-09,1997,1976,7002.06,13836071
2024,9,1,2024-09,1998,2080,7201.76,14979661
2024,9,1,2024-09,1999,993,7678.66,7624909
2024,9,1,2024-09,2000,1751,4985.38,8729400
2024,9,1,2024-09,2001,977,4228.38,4131127
2024,9,1,2024-09,2002,1483,5616.32,8329003
2024,9,1,2024-09,2003,1341,4568.01,6125701
2024,9,1,2024-09,2004,1098,4270.44,4688943
2024,9,1,2024-09,2005,2057,5414.85,11138346
2024,9,1,2024-09,2006,2042,6968.86,14230412
2024,9,1,2024-09,2007,1444,6173.25,8914173
2024,9,1,2024-09,2008,1436,5289.67,7595966
2024,9,1,2024-09,2009,1237,6439.9,7966156
2024,9,1,2024-09,2010,1967,4897.3,9632989
2024,9,1,2024-09,2011,1768,4132.29,7305889
2024,9,1,2024-09,2012,890,6809.52,6060473
2024,9,1,2024-09,2013,1544,6313.87,9748615
2024,9,1,2024-09,2014,2032,6793.06,13803498
2024,9,1,2024-09,2015,815,4255.26,3468037
2024,9,1,2024-09,2016,1920,7146.95,13722144
2024,9,1,2024-09,2017,1230,6277.44,7721251
2024,9,1,2024-09,2018,2110,6104.72,12880959
2024,9,1,2024-09,2019,2046,6399.83,13094052
2024,9,1,2024-09,2020,1297,7141.33,9262305
2024,9,1,2024-09,2021,667,6219.1,4148140
2024,9,1,2024-09,2022,1596,6224.25,9933903
2024,9,1,2024-09,2023,1628,7756.07,12626882
2024,9,1,2024-09,2024,1410,6719.78,9474890
2024,9,1,2024-09,2025,734,5642.85,4141852
2024,9,1,2024-09,2026,1575,6662.85,10493989
2024,9,1,2024-09,2027,1228,5495.68,6748695
2024,9,1,2024-09,2028,2190,4816.03,10547106
2024,9,1,2024-09,2029,1354,6234.54,8441567
2024,9,1,2024-09,2030,1407,7398.01,10409000
2024,9,1,2024-09,2031,1144,7368.03,8429026
2024,9,1,2024-09,2032,805,5326.22,4287607
2024,9,1,2024-09,2033,882,5947.69,5245863
2024,9,1,2024-09,2034,925,4838.79,4475881
2024,9,1,2024-09,2035,1500,7738.34,11607510
2024,9,1,2024-09,2036,1744,7711.92,13449588
2024,9,1,2024-09,2037,1472,6402.18,9424009
2024,9,1,2024-09,2038,1041,7001.65,7288718
2024,9,1,2024-09,2039,1222,6705.26,8193828
2024,9,1,2024-09,2040,871,6203.3,5403074
2024,9,1,2024-09,2041,1291,4268.33,5510414
2024,9,1,2024-09,2042,954,5775.35,5509684
2024,9,1,2024-09,2043,1979,6522.83,12908681
2024,9,1,2024-09,2044,634,6533.24,4142074
2024,9,1,2024-09,2045,1628,5402.28,8794912
2024,9,1,2024-09,2046,2077,7441.07,15455102
2024,9,1,2024-09,2047,1624,4722.3,7669015
2024,9,1,2024-09,2048,788,5890.07,4641375
2024,9,1,2024-09,2049,879,6594.79,5796820
2024,9,1,2024-09,2050,1866,6655.34,12418864
2024,9,1,2024-09,2051,2340,6446.35,15084459
2024,9,1,2024-09,2052,812,5075.99,4121704
2024,9,1,2024-09,2053,1980,4720.37,9346333
2024,9,1,2024-09,2054,2263,6392.78,14466861
2024,9,1,2024-09,2055,1086,6322.32,6866040
2024,9,1,2024-09,2056,1017,4730.34,4810756
2024,9,1,2024-09,2057,1665,6636.42,11049639
2024,9,1,2024-09,2058,2106,5732.84,12073361
2024,9,1,2024-09,2059,823,6512.73,5359977
2024,9,1,2024-09,2060,2057,7124.63,14655364
2024,9,1,2024-09,2061,1886,4727.59,8916235
2024,9,1,2024-09,2062,1268,4226,5358568
2024,9,1,2024-09,2063,947,6924.35,6557359
2024,9,1,2024-09,2064,1223,6410.48,7840017
2024,9,1,2024-09,2065,1609,6739.16,10843308
2024,9,1,2024-09,2066,1518,7085.37,10755592
2024,9,1,2024-09,2067,2302,6966.96,16037942
2024,9,1,2024-09,2068,1905,7497.97,14283633
2024,9,1,2024-09,2069,644,6109.44,3934479
2024,9,1,2024-09,2070,1874,5847.47,10958159
2024,9,1,2024-09,2071,1818,5569.09,10124606
2024,9,1,2024-09,2072,1062,4616.27,4902479
2024,9,1,2024-09,2073,838,6173.38,5173292
2024,9,1,2024-09,2074,1364,5031.89,6863498
2024,9,1,2024-09,2075,1807,7467.97,13494622
2024,9,1,2024-09,2076,2283,6288.25,14356075
2024,9,1,2024-09,2077,1843,6271.66,11558669
2024,9,1,2024-09,2078,1474,5347.17,7881729
2024,9,1,2024-09,2079,1364,4332.06,5908930
2024,9,1,2024-09,2080,2091,4243.64,8873451
2024,9,1,2024-09,2081,723,5696.93,4118880
2024,9,1,2024-09,2082,925,4461.64,4127017
2024,9,1,2024-09,2083,878,6241.96,5480441
2024,9,1,2024-09,2084,2256,7322.38,16519289
2024,10,1,2024-10,1,1671,7265.53,12140701
2024,10,1,2024-10,2,2262,4863.16,11000468
2024,10,1,2024-10,3,1553,4523.37,7024794
2024,10,1,2024-10,4,2042,5079.96,10373278
2024,10,1,2024-10,5,1782,4337.06,7728641
2024,10,1,2024-10,6,1888,5930.33,11196463
2024,10,1,2024-10,7,1663,7510.09,12489280
2024,10,1,2024-10,8,646,4254.64,2748497
2024,10,1,2024-10,9,1096,4523.7,4957975
2024,10,1,2024-10,10,1885,5800.27,10933509
2024,10,1,2024-10,11,1010,7446.89,7521359
2024,10,1,2024-10,12,2308,5205.14,12013463
2024,10,1,2024-10,13,688,5968.33,4106211
2024,10,1,2024-10,14,2229,4249.74,9472670
2024,10,1,2024-10,15,1926,4635.79,8928532
2024,10,1,2024-10,16,1720,7686.29,13220419
2024,10,1,2024-10,17,799,7615.17,6084521
2024,10,1,2024-10,18,2257,4079.76,9208018
2024,10,1,2024-10,19,1459,7519.71,10971257
2024,10,1,2024-10,20,1168,6340.91,7406183
2024,10,1,2024-10,21,2377,7204.22,17124431
2024,10,1,2024-10,22,1677,5711.81,9578705
2024,10,1,2024-10,23,1090,6012.17,6553265
2024,10,1,2024-10,24,1817,5820.02,10574976
2024,10,1,2024-10,25,1570,6529.76,10251723
2024,10,1,2024-10,26,874,4608.24,4027602
2024,10,1,2024-10,27,1836,4157.92,7633941
2024,10,1,2024-10,28,1175,5185.74,6093244
2024,10,1,2024-10,29,2152,6581.94,14164335
2024,10,1,2024-10,30,826,4807.01,3970590
2024,10,1,2024-10,31,1083,6483.33,7021446
2024,10,1,2024-10,32,1581,7573.13,11973119
2024,10,1,2024-10,33,1569,4501.3,7062540
2024,10,1,2024-10,34,1272,6487.43,8252011
2024,10,1,2024-10,35,1783,5657.15,10086698
2024,10,1,2024-10,36,1267,7197.18,9118827
2024,10,1,2024-10,37,2212,4742,10489304
2024,10,1,2024-10,38,1421,6562.27,9324986
2024,10,1,2024-10,39,1664,7058.83,11745893
2024,10,1,2024-10,40,690,7531.47,5196714
2024,10,1,2024-10,41,1655,6589.74,10906020
2024,10,1,2024-10,42,1483,5894.54,8741603
2024,10,1,2024-10,43,1801,6398.01,11522816
2024,10,1,2024-10,44,1343,7338.4,9855471
2024,10,1,2024-10,45,1888,6221.09,11745418
2024,10,1,2024-10,46,1498,4136.6,6196627
2024,10,1,2024-10,47,1695,7462.8,12649446
2024,10,1,2024-10,48,1451,6550.95,9505428
2024,10,1,2024-10,49,624,6523.62,4070739
2024,10,1,2024-10,50,1612,4821.16,7771710
2024,10,1,2024-10,51,934,6488.57,6060324
2024,10,1,2024-10,52,1927,5607.79,10806211
2024,10,1,2024-10,53,1138,6446.48,7336094
2024,10,1,2024-10,54,1540,4549.23,7005814
2024,10,1,2024-10,55,990,6488.51,6423625
2024,10,1,2024-10,56,854,7727.73,6599481
2024,10,1,2024-10,57,989,4192.8,4146679
2024,10,1,2024-10,58,1539,7633.35,11747726
2024,10,1,2024-10,59,2096,5614.66,11768327
2024,10,1,2024-10,60,1398,7310.37,10219897
2024,10,1,2024-10,61,1607,6853.2,11013092
2024,10,1,2024-10,62,2173,6222.37,13521210
2024,10,1,2024-10,63,916,6746.15,6179473
2024,10,1,2024-10,64,2250,7269.94,16357365
2024,10,1,2024-10,65,1753,5609.07,9832700
2024,10,1,2024-10,66,2309,5332.73,12313274
2024,10,1,2024-10,67,2194,6430.33,14108144
2024,10,1,2024-10,68,1178,7014.18,8262704
2024,10,1,2024-10,69,1541,6798.5,10476488
2024,10,1,2024-10,70,786,6975.55,5482782
2024,10,1,2024-10,71,960,5651.56,5425498
2024,10,1,2024-10,72,1971,6969.92,13737712
2024,10,1,2024-10,73,2154,4506.57,9707152
2024,10,1,2024-10,74,1594,6093.28,9712688
2024,10,1,2024-10,75,1508,4158.87,6271576
2024,10,1,2024-10,76,2175,5232.84,11381427
2024,10,1,2024-10,77,1410,5406.13,7622643
2024,10,1,2024-10,78,1837,5549.27,10194009
2024,10,1,2024-10,79,2466,6620.55,16326276
2024,10,1,2024-10,80,1447,5541.36,8018348
2024,10,1,2024-10,81,1408,5736.18,8076541
2024,10,1,2024-10,82,1444,4997.98,7217083
2024,10,1,2024-10,83,1065,5453.28,5807743
2024,10,1,2024-10,84,867,4957.16,4297858
2024,10,1,2024-10,85,1854,4456.41,8262184
2024,10,1,2024-10,86,1057,6349.41,6711326
2024,10,1,2024-10,87,1585,6511.72,10321076
2024,10,1,2024-10,88,2073,6283.33,13025343
2024,10,1,2024-10,89,1346,5839.15,7859496
2024,10,1,2024-10,90,2206,5373.84,11854691
2024,10,1,2024-10,91,2027,7230.61,14656446
2024,10,1,2024-10,92,2077,5999.08,12460089
2024,10,1,2024-10,93,1079,5836.85,6297961
2024,10,1,2024-10,94,1594,4232.13,6746015
2024,10,1,2024-10,95,1027,5282.47,5425097
2024,10,1,2024-10,96,1544,5433.76,8389725
2024,10,1,2024-10,97,1903,5489.99,10447451
2024,10,1,2024-10,98,1546,6143.44,9497758
2024,10,1,2024-10,99,909,5997.49,5451718
2024,10,1,2024-10,100,1289,6286.63,8103466
2024,10,1,2024-10,101,689,6900.34,4754334
2024,10,1,2024-10,102,867,7115.35,6169008
2024,10,1,2024-10,103,1256,6651.12,8353807
2024,10,1,2024-10,104,1669,7533.19,12572894
2024,10,1,2024-10,105,1707,4192.26,7156188
2024,10,1,2024-10,106,621,4782.13,2969703
2024,10,1,2024-10,107,548,4128.89,2262632
2024,10,1,2024-10,108,1168,6512.13,7606168
2024,10,1,2024-10,109,2026,7385.04,14962091
2024,10,1,2024-10,110,1947,5052.01,9836263
2024,10,1,2024-10,111,1390,7459.68,10368955
2024,10,1,2024-10,112,2178,4376.18,9531320
2024,10,1,2024-10,113,1898,7477.59,14192466
2024,10,1,2024-10,114,1747,5450.89,9522705
2024,10,1,2024-10,115,1257,4353.72,5472626
2024,10,1,2024-10,116,1015,5809.35,5896490
2024,10,1,2024-10,117,1130,4973.56,5620123
2024,10,1,2024-10,118,756,5109.77,3862986
2024,10,1,2024-10,119,1370,5222.94,7155428
2024,10,1,2024-10,120,988,6985.25,6901427
2024,10,1,2024-10,121,1795,6010.59,10789009
2024,10,1,2024-10,122,508,5242.54,2663210
2024,10,1,2024-10,123,1809,6318.85,11430800
2024,10,1,2024-10,124,821,6705.14,5504920
2024,10,1,2024-10,125,1049,5131,5382419
2024,10,1,2024-10,126,1471,5572.13,8196603
2024,10,1,2024-10,127,1616,4603.22,7438804
2024,10,1,2024-10,128,1781,4766.64,8489386
2024,10,1,2024-10,129,1969,6590.06,12975828
2024,10,1,2024-10,130,1034,4742.5,4903745
2024,10,1,2024-10,131,916,6076.22,5565818
2024,10,1,2024-10,132,1261,6678.66,8421790
2024,10,1,2024-10,133,940,4509.6,4239024
2024,10,1,2024-10,134,1523,6095,9282685
2024,10,1,2024-10,135,1305,5088.23,6640140
2024,10,1,2024-10,136,1519,7514.21,11414085
2024,10,1,2024-10,137,1450,5950.07,8627602
2024,10,1,2024-10,138,2052,7035.3,14436436
2024,10,1,2024-10,139,1331,6029.83,8025704
2024,10,1,2024-10,140,1693,4287.38,7258534
2024,10,1,2024-10,141,2367,6473.32,15322348
2024,10,1,2024-10,142,1203,7521.25,9048064
2024,10,1,2024-10,143,1645,6256,10291120
2024,10,1,2024-10,144,1171,7063.47,8271323
2024,10,1,2024-10,145,1541,7247.81,11168875
2024,10,1,2024-10,146,1451,4997.6,7251518
2024,10,1,2024-10,147,1120,4841.74,5422749
2024,10,1,2024-10,148,931,6325.03,5888603
2024,10,1,2024-10,149,1709,5647.48,9651543
2024,10,1,2024-10,150,1687,7125.87,12021343
2024,10,1,2024-10,151,2229,7396.38,16486531
2024,10,1,2024-10,152,1507,5376.9,8102988
2024,10,1,2024-10,153,1424,4918.29,7003645
2024,10,1,2024-10,154,2061,6944.74,14313109
2024,10,1,2024-10,155,1158,5119.67,5928578
2024,10,1,2024-10,156,1624,7018.59,11398190
2024,10,1,2024-10,157,654,5632.72,3683799
2024,10,1,2024-10,158,1161,6463.84,7504518
2024,10,1,2024-10,159,2139,4463.73,9547918
2024,10,1,2024-10,160,812,6454.31,5240900
2024,10,1,2024-10,161,1474,5779.91,8519587
2024,10,1,2024-10,162,1930,6246.73,12056189
2024,10,1,2024-10,163,1373,4730.56,6495059
2024,10,1,2024-10,164,1899,6802.59,12918118
2024,10,1,2024-10,165,1005,7208.77,7244814
2024,10,1,2024-10,166,1952,4816.38,9401574
2024,10,1,2024-10,167,1766,4404.39,7778153
2024,10,1,2024-10,168,1910,4182.44,7988460
2024,10,1,2024-10,169,1365,6397.36,8732396
2024,10,1,2024-10,170,1285,6292.86,8086325
2024,10,1,2024-10,171,1318,6129.33,8078457
2024,10,1,2024-10,172,1619,4968.91,8044665
2024,10,1,2024-10,173,1353,5527.32,7478464
2024,10,1,2024-10,174,1531,6197.01,9487622
2024,10,1,2024-10,175,1751,5890.6,10314441
2024,10,1,2024-10,176,2190,7623.93,16696407
2024,10,1,2024-10,177,1998,4564.13,9119132
2024,10,1,2024-10,178,2169,6468.22,14029569
2024,10,1,2024-10,179,2089,5513.97,11518683
2024,10,1,2024-10,180,1737,5731.08,9954886
2024,10,1,2024-10,181,698,6738.96,4703794
2024,10,1,2024-10,182,1865,6558.21,12231062
2024,10,1,2024-10,183,2226,7642.49,17012183
2024,10,1,2024-10,184,2204,4694.55,10346788
2024,10,1,2024-10,185,2016,4601.75,9277128
2024,10,1,2024-10,186,1104,6720.3,7419211
2024,10,1,2024-10,187,1569,6222.81,9763589
2024,10,1,2024-10,188,1519,5115.63,7770642
2024,10,1,2024-10,189,2061,4392.3,9052530
2024,10,1,2024-10,190,2071,4441.16,9197642
2024,10,1,2024-10,191,1482,7345.81,10886490
2024,10,1,2024-10,192,2378,4855.55,11546498
2024,10,1,2024-10,193,2196,5292.8,11622989
2024,10,1,2024-10,194,1457,4946.6,7207196
2024,10,1,2024-10,195,1403,5334.09,7483728
2024,10,1,2024-10,196,2106,4333.58,9126519
2024,10,1,2024-10,197,1797,5895.67,10594519
2024,10,1,2024-10,198,1077,4385.55,4723237
2024,10,1,2024-10,199,1451,6956.5,10093882
2024,10,1,2024-10,200,2080,4948.72,10293338
2024,10,1,2024-10,201,2331,6055.91,14116326
2024,10,1,2024-10,202,1686,7280.6,12275092
2024,10,1,2024-10,203,2009,6362.45,12782162
2024,10,1,2024-10,204,1148,6044.2,6938742
2024,10,1,2024-10,205,1536,5263.7,8085043
2024,10,1,2024-10,206,2027,5352.06,10848626
2024,10,1,2024-10,207,2212,6500.23,14378509
2024,10,1,2024-10,208,2104,7647.04,16089372
2024,10,1,2024-10,209,1815,6538.61,11867577
2024,10,1,2024-10,210,1716,6072.11,10419741
2024,10,1,2024-10,211,1800,6710.06,12078108
2024,10,1,2024-10,212,1352,5743.1,7764671
2024,10,1,2024-10,213,869,4316.5,3751038
2024,10,1,2024-10,214,643,6207.36,3991332
2024,10,1,2024-10,215,1413,7489.57,10582762
2024,10,1,2024-10,216,746,4737.57,3534227
2024,10,1,2024-10,217,1583,6623.36,10484779
2024,10,1,2024-10,218,1961,4830.52,9472650
2024,10,1,2024-10,219,833,6054.7,5043565
2024,10,1,2024-10,220,2018,4444.07,8968133
2024,10,1,2024-10,221,1579,5726.96,9042870
2024,10,1,2024-10,222,1821,6812.74,12406000
2024,10,1,2024-10,223,1359,5356.11,7278953
2024,10,1,2024-10,224,2140,6551.09,14019333
2024,10,1,2024-10,225,1121,6937.38,7776803
2024,10,1,2024-10,226,1562,7449.25,11635728
2024,10,1,2024-10,227,2237,5004.21,11194418
2024,10,1,2024-10,228,859,5574.19,4788229
2024,10,1,2024-10,229,1854,4655.07,8630500
2024,10,1,2024-10,230,663,7729.37,5124572
2024,10,1,2024-10,231,1205,7441.94,8967538
2024,10,1,2024-10,232,1677,6091.01,10214624
2024,10,1,2024-10,233,1150,7107.33,8173430
2024,10,1,2024-10,234,853,6010.33,5126811
2024,10,1,2024-10,235,1762,6380.9,11243146
2024,10,1,2024-10,236,892,4406.62,3930705
2024,10,1,2024-10,237,1888,6882.2,12993594
2024,10,1,2024-10,238,1523,4629.79,7051170
2024,10,1,2024-10,239,894,7049.8,6302521
2024,10,1,2024-10,240,1372,6853.05,9402385
2024,10,1,2024-10,241,1756,6646.91,11671974
2024,10,1,2024-10,242,1729,4247.41,7343772
2024,10,1,2024-10,243,825,5178.62,4272362
2024,10,1,2024-10,244,2043,5041.59,10299968
2024,10,1,2024-10,245,1197,5446.74,6519748
2024,10,1,2024-10,246,2055,4507.84,9263611
2024,10,1,2024-10,247,1322,7505.43,9922178
2024,10,1,2024-10,248,1638,6157.63,10086198
2024,10,1,2024-10,249,1846,5214.48,9625930
2024,10,1,2024-10,250,1193,5471.85,6527917
2024,10,1,2024-10,251,2020,5695.63,11505173
2024,10,1,2024-10,252,910,6235.93,5674696
2024,10,1,2024-10,253,2059,6009.41,12373375
2024,10,1,2024-10,254,1562,7312.95,11422828
2024,10,1,2024-10,255,1370,5905.1,8089987
2024,10,1,2024-10,256,1890,7660.56,14478458
2024,10,1,2024-10,257,1389,7180.92,9974298
2024,10,1,2024-10,258,1129,4824.7,5447086
2024,10,1,2024-10,259,1641,7499.94,12307402
2024,10,1,2024-10,260,1440,4546.42,6546845
2024,10,1,2024-10,261,1242,6992.62,8684834
2024,10,1,2024-10,262,717,5438.43,3899354
2024,10,1,2024-10,263,2337,7240.17,16920277
2024,10,1,2024-10,264,2068,7248.12,14989112
2024,10,1,2024-10,265,1271,6967.89,8856188
2024,10,1,2024-10,266,1189,6972.55,8290362
2024,10,1,2024-10,267,1033,5209.25,5381155
2024,10,1,2024-10,268,1371,4478.69,6140284
2024,10,1,2024-10,269,1695,5536.05,9383605
2024,10,1,2024-10,270,1494,4740.14,7081769
2024,10,1,2024-10,271,705,6645.09,4684788
2024,10,1,2024-10,272,1629,5321.35,8668479
2024,10,1,2024-10,273,1908,7566.87,14437588
2024,10,1,2024-10,274,835,6360.57,5311076
2024,10,1,2024-10,275,815,7087.65,5776435
2024,10,1,2024-10,276,1652,4531.13,7485427
2024,10,1,2024-10,277,2019,7215.37,14567832
2024,10,1,2024-10,278,1918,7388.09,14170357
2024,10,1,2024-10,279,482,5831.67,2810865
2024,10,1,2024-10,280,1831,6203.66,11358901
2024,10,1,2024-10,281,2002,6850.61,13714921
2024,10,1,2024-10,282,1440,4713.73,6787771
2024,10,1,2024-10,283,867,5908.49,5122661
2024,10,1,2024-10,284,1805,5537.8,9995729
2024,10,1,2024-10,285,1232,4723.46,5819303
2024,10,1,2024-10,286,1066,5394.59,5750633
2024,10,1,2024-10,287,774,4388.93,3397032
2024,10,1,2024-10,288,1824,4199.39,7659687
2024,10,1,2024-10,289,1324,4631.85,6132569
2024,10,1,2024-10,290,1416,7555.38,10698418
2024,10,1,2024-10,291,2246,6166,13848836
2024,10,1,2024-10,292,2155,7570.69,16314837
2024,10,1,2024-10,293,811,5672.46,4600365
2024,10,1,2024-10,294,883,5290.23,4671273
2024,10,1,2024-10,295,1906,5914.85,11273704
2024,10,1,2024-10,296,1701,5739.4,9762719
2024,10,1,2024-10,297,1367,4553.92,6225209
2024,10,1,2024-10,298,1965,6387.27,12550986
2024,10,1,2024-10,299,844,4930.78,4161578
2024,10,1,2024-10,300,863,6293.15,5430988
2024,10,1,2024-10,301,1631,6455.18,10528399
2024,10,1,2024-10,302,1532,4636.33,7102858
2024,10,1,2024-10,303,1019,4338.83,4421268
2024,10,1,2024-10,304,1759,6943.04,12212807
2024,10,1,2024-10,305,1929,5816.12,11219295
2024,10,1,2024-10,306,1705,4225.46,7204409
2024,10,1,2024-10,307,897,7637.9,6851196
2024,10,1,2024-10,308,1443,4390.15,6334986
2024,10,1,2024-10,309,1048,6605.91,6922994
2024,10,1,2024-10,310,2100,7635.74,16035054
2024,10,1,2024-10,311,1441,5021.9,7236558
2024,10,1,2024-10,312,2142,4520.64,9683211
2024,10,1,2024-10,313,2031,4511.55,9162958
2024,10,1,2024-10,314,1873,5250.77,9834692
2024,10,1,2024-10,315,1106,4408.06,4875314
2024,10,1,2024-10,316,1329,6597.25,8767745
2024,10,1,2024-10,317,1848,4252.47,7858565
2024,10,1,2024-10,318,1429,5918.49,8457522
2024,10,1,2024-10,319,1097,7734.42,8484659
2024,10,1,2024-10,320,1620,6947.11,11254318
2024,10,1,2024-10,321,1112,6306.36,7012672
2024,10,1,2024-10,322,2050,5256.79,10776420
2024,10,1,2024-10,323,1566,6312.89,9885986
2024,10,1,2024-10,324,1496,6020.47,9006623
2024,10,1,2024-10,325,668,5726.68,3825422
2024,10,1,2024-10,326,1002,4622.39,4631635
2024,10,1,2024-10,327,2137,7299.86,15599801
2024,10,1,2024-10,328,1239,5801.89,7188542
2024,10,1,2024-10,329,1101,4824.61,5311896
2024,10,1,2024-10,330,1884,5430.6,10231250
2024,10,1,2024-10,331,753,5554.8,4182764
2024,10,1,2024-10,332,930,7117.54,6619312
2024,10,1,2024-10,333,1962,6835.67,13411585
2024,10,1,2024-10,334,1286,6775.13,8712817
2024,10,1,2024-10,335,975,4124.24,4021134
2024,10,1,2024-10,336,1591,5605.72,8918701
2024,10,1,2024-10,337,1821,5803.08,10567409
2024,10,1,2024-10,338,1176,4227.19,4971175
2024,10,1,2024-10,339,1893,5078.77,9614112
2024,10,1,2024-10,340,1467,6857.21,10059527
2024,10,1,2024-10,341,1350,4695.2,6338520
2024,10,1,2024-10,342,1147,6049.8,6939121
2024,10,1,2024-10,343,1918,4867.37,9335616
2024,10,1,2024-10,344,1903,4114.26,7829437
2024,10,1,2024-10,345,830,5005.93,4154922
2024,10,1,2024-10,346,1956,7558.78,14784974
2024,10,1,2024-10,347,1817,7019.79,12754958
2024,10,1,2024-10,348,702,7529.52,5285723
2024,10,1,2024-10,349,1166,5773.77,6732216
2024,10,1,2024-10,350,1720,4560.44,7843957
2024,10,1,2024-10,351,2214,6106.06,13518817
2024,10,1,2024-10,352,1295,5782,7487690
2024,10,1,2024-10,353,852,7069.49,6023205
2024,10,1,2024-10,354,1723,4533.07,7810480
2024,10,1,2024-10,355,1013,5950.65,6028008
2024,10,1,2024-10,356,2150,4614.8,9921820
2024,10,1,2024-10,357,1176,5300.32,6233176
2024,10,1,2024-10,358,989,6739.51,6665375
2024,10,1,2024-10,359,931,5804.89,5404353
2024,10,1,2024-10,360,1198,5477.92,6562548
2024,10,1,2024-10,361,1786,5505.59,9832984
2024,10,1,2024-10,362,1345,5756.45,7742425
2024,10,1,2024-10,363,1841,7016.56,12917487
2024,10,1,2024-10,364,1809,7252.02,13118904
2024,10,1,2024-10,365,908,7551.12,6856417
2024,10,1,2024-10,366,1045,7037.5,7354188
2024,10,1,2024-10,367,1619,5251.86,8502761
2024,10,1,2024-10,368,1761,6613.57,11646497
2024,10,1,2024-10,369,2034,5652.03,11496229
2024,10,1,2024-10,370,1760,4993.24,8788102
2024,10,1,2024-10,371,2126,7066.62,15023634
2024,10,1,2024-10,372,964,4264.12,4110612
2024,10,1,2024-10,373,682,7426.93,5065166
2024,10,1,2024-10,374,1352,5800.12,7841762
2024,10,1,2024-10,375,1132,6406.96,7252679
2024,10,1,2024-10,376,1894,6459.8,12234861
2024,10,1,2024-10,377,1359,7298.6,9918797
2024,10,1,2024-10,378,1231,6359.78,7828889
2024,10,1,2024-10,379,2091,6283.97,13139781
2024,10,1,2024-10,380,1620,4383.66,7101529
2024,10,1,2024-10,381,1902,6084.26,11572263
2024,10,1,2024-10,382,964,4698.08,4528949
2024,10,1,2024-10,383,1138,6734.26,7663588
2024,10,1,2024-10,384,2153,5918.28,12742057
2024,10,1,2024-10,385,1537,6515.45,10014247
2024,10,1,2024-10,386,1924,4374.59,8416711
2024,10,1,2024-10,387,1904,4466.71,8504616
2024,10,1,2024-10,388,906,6700.49,6070644
2024,10,1,2024-10,389,2059,4431.79,9125056
2024,10,1,2024-10,390,1841,4409.04,8117043
2024,10,1,2024-10,391,2246,4068.24,9137267
2024,10,1,2024-10,392,1422,7493.39,10655601
2024,10,1,2024-10,393,1243,6809.7,8464457
2024,10,1,2024-10,394,1654,5482.68,9068353
2024,10,1,2024-10,395,1017,5242.48,5331602
2024,10,1,2024-10,396,1277,5370.24,6857796
2024,10,1,2024-10,397,1563,6913.96,10806519
2024,10,1,2024-10,398,1581,6443.11,10186557
2024,10,1,2024-10,399,696,4804.09,3343647
2024,10,1,2024-10,400,1259,4756.61,5988572
2024,10,1,2024-10,401,863,4474.77,3861727
2024,10,1,2024-10,402,1097,6512.48,7144191
2024,10,1,2024-10,403,1267,6861.15,8693077
2024,10,1,2024-10,404,1182,4942.02,5841468
2024,10,1,2024-10,405,1045,4170.51,4358183
2024,10,1,2024-10,406,1905,4385.97,8355273
2024,10,1,2024-10,407,873,7574.04,6612137
2024,10,1,2024-10,408,2007,5192.36,10421067
2024,10,1,2024-10,409,1859,6890.08,12808659
2024,10,1,2024-10,410,1988,6345.02,12613900
2024,10,1,2024-10,411,1573,5482.14,8623406
2024,10,1,2024-10,412,1510,4751.74,7175127
2024,10,1,2024-10,413,1520,4604.4,6998688
2024,10,1,2024-10,414,906,6327.88,5733059
2024,10,1,2024-10,415,1115,6882.67,7674177
2024,10,1,2024-10,416,1820,6409.75,11665745
2024,10,1,2024-10,417,1730,5950.58,10294503
2024,10,1,2024-10,418,691,4361.41,3013734
2024,10,1,2024-10,419,1050,7553.75,7931438
2024,10,1,2024-10,420,1484,6904.81,10246738
2024,10,1,2024-10,421,2205,5160.89,11379762
2024,10,1,2024-10,422,984,7625.45,7503443
2024,10,1,2024-10,423,1572,6323.79,9940998
2024,10,1,2024-10,424,1688,6197.07,10460654
2024,10,1,2024-10,425,1729,6783.86,11729294
2024,10,1,2024-10,426,1698,6988.51,11866490
2024,10,1,2024-10,427,1197,6400.79,7661746
2024,10,1,2024-10,428,1241,4520.68,5610164
2024,10,1,2024-10,429,1604,5356.12,8591216
2024,10,1,2024-10,430,1068,7459.08,7966297
2024,10,1,2024-10,431,1925,4968.64,9564632
2024,10,1,2024-10,432,1611,5444.67,8771363
2024,10,1,2024-10,433,759,5734.43,4352432
2024,10,1,2024-10,434,1901,5651.03,10742608
2024,10,1,2024-10,435,1822,6292.91,11465682
2024,10,1,2024-10,436,1538,7487.37,11515575
2024,10,1,2024-10,437,1666,4977.47,8292465
2024,10,1,2024-10,438,1789,4519.71,8085761
2024,10,1,2024-10,439,1576,4783.5,7538796
2024,10,1,2024-10,440,2146,7185.68,15420469
2024,10,1,2024-10,441,778,6500.59,5057459
2024,10,1,2024-10,442,1602,5144.9,8242130
2024,10,1,2024-10,443,1653,7021.63,11606754
2024,10,1,2024-10,444,1547,7164.48,11083451
2024,10,1,2024-10,445,1275,7151.24,9117831
2024,10,1,2024-10,446,854,7398.66,6318456
2024,10,1,2024-10,447,1203,5101.77,6137429
2024,10,1,2024-10,448,1354,6798.43,9205074
2024,10,1,2024-10,449,1785,5753.96,10270819
2024,10,1,2024-10,450,1529,7165.35,10955820
2024,10,1,2024-10,451,801,6755.27,5410971
2024,10,1,2024-10,452,1293,6842.55,8847417
2024,10,1,2024-10,453,1733,6490.95,11248816
2024,10,1,2024-10,454,2116,4811.09,10180266
2024,10,1,2024-10,455,1507,6134.95,9245370
2024,10,1,2024-10,456,2154,7585.31,16338758
2024,10,1,2024-10,457,775,7470.31,5789490
2024,10,1,2024-10,458,1454,4227.93,6147410
2024,10,1,2024-10,459,1956,4750.2,9291391
2024,10,1,2024-10,460,2312,4600.27,10635824
2024,10,1,2024-10,461,1651,6770.55,11178178
2024,10,1,2024-10,462,1979,7068.53,13988621
2024,10,1,2024-10,463,1374,4844.6,6656480
2024,10,1,2024-10,464,1210,5933.68,7179753
2024,10,1,2024-10,465,1488,7092.66,10553878
2024,10,1,2024-10,466,1732,6692.52,11591445
2024,10,1,2024-10,467,1768,6036.92,10673275
2024,10,1,2024-10,468,1156,6240.52,7214041
2024,10,1,2024-10,469,1071,5895.42,6313995
2024,10,1,2024-10,470,2037,5191.29,10574658
2024,10,1,2024-10,471,1871,6080.69,11376971
2024,10,1,2024-10,472,1936,6498.41,12580922
2024,10,1,2024-10,473,1908,7323.21,13972685
2024,10,1,2024-10,474,1540,6377.68,9821627
2024,10,1,2024-10,475,2084,6832.91,14239784
2024,10,1,2024-10,476,1129,4678.14,5281620
2024,10,1,2024-10,477,1277,5794.67,7399794
2024,10,1,2024-10,478,1589,4163.32,6615515
2024,10,1,2024-10,479,880,5044.12,4438826
2024,10,1,2024-10,480,1668,6730.82,11227008
2024,10,1,2024-10,481,780,7665.22,5978872
2024,10,1,2024-10,482,2295,4522.51,10379160
2024,10,1,2024-10,483,1669,5540.37,9246878
2024,10,1,2024-10,484,1935,6978.75,13503881
2024,10,1,2024-10,485,1465,4840.32,7091069
2024,10,1,2024-10,486,2055,6167.48,12674171
2024,10,1,2024-10,487,1968,6756.85,13297481
2024,10,1,2024-10,488,1896,6326.44,11994930
2024,10,1,2024-10,489,1828,4696.48,8585165
2024,10,1,2024-10,490,1753,5408.49,9481083
2024,10,1,2024-10,491,563,6954.6,3915440
2024,10,1,2024-10,492,1640,6144.06,10076258
2024,10,1,2024-10,493,1546,4132.28,6388505
2024,10,1,2024-10,494,1032,6870.85,7090717
2024,10,1,2024-10,495,2073,4269.37,8850404
2024,10,1,2024-10,496,1611,6695.72,10786805
2024,10,1,2024-10,497,1120,4896.59,5484181
2024,10,1,2024-10,498,1270,7538.34,9573692
2024,10,1,2024-10,499,1058,5447.9,5763878
2024,10,1,2024-10,500,998,5262.69,5252165
2024,10,1,2024-10,501,1339,4686.08,6274661
2024,10,1,2024-10,502,2104,5230.86,11005729
2024,10,1,2024-10,503,2119,7179.69,15213763
2024,10,1,2024-10,504,802,7651.54,6136535
2024,10,1,2024-10,505,534,5502.36,2938260
2024,10,1,2024-10,506,1159,5761.37,6677428
2024,10,1,2024-10,507,1926,6687.65,12880414
2024,10,1,2024-10,508,1613,7274.59,11733914
2024,10,1,2024-10,509,1587,6201.61,9841955
2024,10,1,2024-10,510,1866,5484.11,10233349
2024,10,1,2024-10,511,1544,5605.94,8655571
2024,10,1,2024-10,512,1028,6681.82,6868911
2024,10,1,2024-10,513,1518,4120.01,6254175
2024,10,1,2024-10,514,1792,6337.75,11357248
2024,10,1,2024-10,515,2018,5359.97,10816419
2024,10,1,2024-10,516,1237,6955.92,8604473
2024,10,1,2024-10,517,1747,4470.32,7809649
2024,10,1,2024-10,518,1571,6309.59,9912366
2024,10,1,2024-10,519,1018,5893.92,6000011
2024,10,1,2024-10,520,747,6470.39,4833381
2024,10,1,2024-10,521,1278,4333.99,5538839
2024,10,1,2024-10,522,1614,6153.7,9932072
2024,10,1,2024-10,523,933,6128.77,5718142
2024,10,1,2024-10,524,2132,6098.45,13001895
2024,10,1,2024-10,525,1541,6258.94,9645027
2024,10,1,2024-10,526,1347,6551.98,8825517
2024,10,1,2024-10,527,1201,7027.6,8440148
2024,10,1,2024-10,528,1761,5140.9,9053125
2024,10,1,2024-10,529,1590,7093.55,11278744
2024,10,1,2024-10,530,2171,5909.54,12829611
2024,10,1,2024-10,531,1872,4361.36,8164466
2024,10,1,2024-10,532,2049,4386.36,8987652
2024,10,1,2024-10,533,2030,5351.96,10864479
2024,10,1,2024-10,534,1952,6907.81,13484045
2024,10,1,2024-10,535,837,6689.31,5598952
2024,10,1,2024-10,536,1050,6945.28,7292544
2024,10,1,2024-10,537,584,6021.82,3516743
2024,10,1,2024-10,538,2297,5684.72,13057802
2024,10,1,2024-10,539,2054,4640.42,9531423
2024,10,1,2024-10,540,1109,5223.84,5793239
2024,10,1,2024-10,541,1362,5652.66,7698923
2024,10,1,2024-10,542,915,4514.15,4130447
2024,10,1,2024-10,543,1524,5031,7667244
2024,10,1,2024-10,544,1575,6280.1,9891158
2024,10,1,2024-10,545,745,6728.88,5013016
2024,10,1,2024-10,546,1448,7677.25,11116658
2024,10,1,2024-10,547,1156,7454.38,8617263
2024,10,1,2024-10,548,1610,6403.57,10309748
2024,10,1,2024-10,549,1693,5663.3,9587967
2024,10,1,2024-10,550,1115,6333.75,7062131
2024,10,1,2024-10,551,813,6931.09,5634976
2024,10,1,2024-10,552,1450,4627.92,6710484
2024,10,1,2024-10,553,1862,5634.21,10490899
2024,10,1,2024-10,554,1716,7215.22,12381318
2024,10,1,2024-10,555,1812,5488.18,9944582
2024,10,1,2024-10,556,1170,6137.08,7180384
2024,10,1,2024-10,557,2259,6236.99,14089360
2024,10,1,2024-10,558,2244,4747.45,10653278
2024,10,1,2024-10,559,1539,5393.75,8300981
2024,10,1,2024-10,560,1962,5308.42,10415120
2024,10,1,2024-10,561,1729,4271.52,7385458
2024,10,1,2024-10,562,1571,4251.45,6679028
2024,10,1,2024-10,563,1487,7117.33,10583470
2024,10,1,2024-10,564,2175,5103.03,11099090
2024,10,1,2024-10,565,1260,6053.17,7626994
2024,10,1,2024-10,566,1548,5209.83,8064817
2024,10,1,2024-10,567,984,7442.32,7323243
2024,10,1,2024-10,568,1573,5056.96,7954598
2024,10,1,2024-10,569,1854,5615.47,10411081
2024,10,1,2024-10,570,1727,7217.46,12464553
2024,10,1,2024-10,571,1494,7193.02,10746372
2024,10,1,2024-10,572,973,4801.55,4671908
2024,10,1,2024-10,573,1427,6995.57,9982678
2024,10,1,2024-10,574,2017,5771.78,11641680
2024,10,1,2024-10,575,787,5844.96,4599984
2024,10,1,2024-10,576,2185,4504.67,9842704
2024,10,1,2024-10,577,1040,4444.09,4621854
2024,10,1,2024-10,578,1108,6753.8,7483210
2024,10,1,2024-10,579,1891,5904.71,11165807
2024,10,1,2024-10,580,1730,5652.51,9778842
2024,10,1,2024-10,581,2182,6809.3,14857893
2024,10,1,2024-10,582,719,6836.32,4915314
2024,10,1,2024-10,583,1291,4654.78,6009321
2024,10,1,2024-10,584,1497,6307.55,9442402
2024,10,1,2024-10,585,2167,4638.23,10051044
2024,10,1,2024-10,586,1160,6829.67,7922417
2024,10,1,2024-10,587,1307,6495.7,8489880
2024,10,1,2024-10,588,1723,7594.04,13084531
2024,10,1,2024-10,589,846,4382.36,3707477
2024,10,1,2024-10,590,1169,4387.16,5128590
2024,10,1,2024-10,591,1125,5153.55,5797744
2024,10,1,2024-10,592,1967,5054.21,9941631
2024,10,1,2024-10,593,756,4985.37,3768940
2024,10,1,2024-10,594,1055,7423.21,7831487
2024,10,1,2024-10,595,1318,5043.98,6647966
2024,10,1,2024-10,596,1346,5079.78,6837384
2024,10,1,2024-10,597,1551,6816.46,10572329
2024,10,1,2024-10,598,2037,5683.65,11577595
2024,10,1,2024-10,599,1656,6974.26,11549375
2024,10,1,2024-10,600,1977,4378.01,8655326
2024,10,1,2024-10,601,1022,5931,6061482
2024,10,1,2024-10,602,1580,4337.7,6853566
2024,10,1,2024-10,603,1850,4431.02,8197387
2024,10,1,2024-10,604,1869,7343.17,13724385
2024,10,1,2024-10,605,1277,4751.05,6067091
2024,10,1,2024-10,606,1701,6059.75,10307635
2024,10,1,2024-10,607,1670,5539.5,9250965
2024,10,1,2024-10,608,1637,5375.35,8799448
2024,10,1,2024-10,609,2350,7342.89,17255792
2024,10,1,2024-10,610,1817,4220.41,7668485
2024,10,1,2024-10,611,1645,6508.18,10705956
2024,10,1,2024-10,612,1152,7593.24,8747412
2024,10,1,2024-10,613,1881,6092.91,11460764
2024,10,1,2024-10,614,830,7484.57,6212193
2024,10,1,2024-10,615,1789,4290.76,7676170
2024,10,1,2024-10,616,1842,5628.31,10367347
2024,10,1,2024-10,617,1672,5045.07,8435357
2024,10,1,2024-10,618,1177,6715.7,7904379
2024,10,1,2024-10,619,1967,7663.08,15073278
2024,10,1,2024-10,620,1512,5062.45,7654424
2024,10,1,2024-10,621,1991,6479.49,12900665
2024,10,1,2024-10,622,1905,4811.04,9165031
2024,10,1,2024-10,623,2056,6169.03,12683526
2024,10,1,2024-10,624,1466,5779.09,8472146
2024,10,1,2024-10,625,986,7577.26,7471178
2024,10,1,2024-10,626,1353,6342.34,8581186
2024,10,1,2024-10,627,1497,5408.57,8096629
2024,10,1,2024-10,628,1131,4395.32,4971107
2024,10,1,2024-10,629,1668,4566.97,7617706
2024,10,1,2024-10,630,1971,4998.44,9851925
2024,10,1,2024-10,631,1644,4963.2,8159501
2024,10,1,2024-10,632,1085,7102.73,7706462
2024,10,1,2024-10,633,1840,6121.4,11263376
2024,10,1,2024-10,634,1977,6004.56,11871015
2024,10,1,2024-10,635,2053,4510.95,9260980
2024,10,1,2024-10,636,1870,7058.45,13199302
2024,10,1,2024-10,637,2036,6712.15,13665937
2024,10,1,2024-10,638,884,4445.54,3929857
2024,10,1,2024-10,639,1954,6589.73,12876332
2024,10,1,2024-10,640,1924,6138.82,11811090
2024,10,1,2024-10,641,1451,4402.13,6387491
2024,10,1,2024-10,642,1318,5840.39,7697634
2024,10,1,2024-10,643,1807,5882.47,10629623
2024,10,1,2024-10,644,524,4690.4,2457770
2024,10,1,2024-10,645,2054,7529.82,15466250
2024,10,1,2024-10,646,2210,7218.5,15952885
2024,10,1,2024-10,647,823,6447.21,5306054
2024,10,1,2024-10,648,2081,5779.32,12026765
2024,10,1,2024-10,649,2148,5640.42,12115622
2024,10,1,2024-10,650,1292,6433.04,8311488
2024,10,1,2024-10,651,1125,6012.19,6763714
2024,10,1,2024-10,652,2026,4437.36,8990091
2024,10,1,2024-10,653,850,5872.47,4991600
2024,10,1,2024-10,654,2016,6989.65,14091134
2024,10,1,2024-10,655,1916,5760.21,11036562
2024,10,1,2024-10,656,1923,4402.54,8466084
2024,10,1,2024-10,657,2039,6831.77,13929979
2024,10,1,2024-10,658,2209,4841.43,10694719
2024,10,1,2024-10,659,1141,5017.99,5725527
2024,10,1,2024-10,660,1463,4682.17,6850015
2024,10,1,2024-10,661,1922,5372.87,10326656
2024,10,1,2024-10,662,829,6782.65,5622817
2024,10,1,2024-10,663,720,5921.78,4263682
2024,10,1,2024-10,664,1440,4801.74,6914506
2024,10,1,2024-10,665,562,7266.39,4083711
2024,10,1,2024-10,666,1827,7264.12,13271547
2024,10,1,2024-10,667,2132,7221.03,15395236
2024,10,1,2024-10,668,785,4951.87,3887218
2024,10,1,2024-10,669,1445,5798.81,8379280
2024,10,1,2024-10,670,1494,7553.23,11284526
2024,10,1,2024-10,671,2035,6935.39,14113519
2024,10,1,2024-10,672,1865,4156.78,7752395
2024,10,1,2024-10,673,1077,4403.97,4743076
2024,10,1,2024-10,674,1306,5816.68,7596584
2024,10,1,2024-10,675,1498,7399.53,11084496
2024,10,1,2024-10,676,1758,6043.28,10624086
2024,10,1,2024-10,677,2077,5881.96,12216831
2024,10,1,2024-10,678,1602,4508.05,7221896
2024,10,1,2024-10,679,979,6519.89,6382972
2024,10,1,2024-10,680,1179,7045.57,8306727
2024,10,1,2024-10,681,969,5458.79,5289568
2024,10,1,2024-10,682,1135,6891.86,7822261
2024,10,1,2024-10,683,1975,7556.88,14924838
2024,10,1,2024-10,684,2247,4843.36,10883030
2024,10,1,2024-10,685,2367,6066.94,14360447
2024,10,1,2024-10,686,1569,5113.81,8023568
2024,10,1,2024-10,687,1696,7012.15,11892606
2024,10,1,2024-10,688,1643,6227.88,10232407
2024,10,1,2024-10,689,1875,6325.06,11859488
2024,10,1,2024-10,690,915,6941.36,6351344
2024,10,1,2024-10,691,639,5535.14,3536954
2024,10,1,2024-10,692,1486,7389.42,10980678
2024,10,1,2024-10,693,1349,6003.1,8098182
2024,10,1,2024-10,694,798,4732.62,3776631
2024,10,1,2024-10,695,1453,6618.11,9616114
2024,10,1,2024-10,696,2135,6960.1,14859814
2024,10,1,2024-10,697,947,5312.73,5031155
2024,10,1,2024-10,698,1510,7152.51,10800290
2024,10,1,2024-10,699,2004,7334.19,14697717
2024,10,1,2024-10,700,944,5094.48,4809189
2024,10,1,2024-10,701,1697,7573.78,12852705
2024,10,1,2024-10,702,1935,4624.42,8948253
2024,10,1,2024-10,703,1719,4872.56,8375931
2024,10,1,2024-10,704,2190,4723.9,10345341
2024,10,1,2024-10,705,2132,7269.52,15498617
2024,10,1,2024-10,706,812,6462.18,5247290
2024,10,1,2024-10,707,2095,4681.54,9807826
2024,10,1,2024-10,708,2203,5684.71,12523416
2024,10,1,2024-10,709,2034,6303.36,12821034
2024,10,1,2024-10,710,2255,4481.61,10106031
2024,10,1,2024-10,711,2261,7249.2,16390441
2024,10,1,2024-10,712,1854,7061.88,13092726
2024,10,1,2024-10,713,1348,5902.31,7956314
2024,10,1,2024-10,714,1191,7601.34,9053196
2024,10,1,2024-10,715,1755,5588.79,9808326
2024,10,1,2024-10,716,1691,7619.39,12884388
2024,10,1,2024-10,717,2010,6480.48,13025765
2024,10,1,2024-10,718,1418,6423.02,9107842
2024,10,1,2024-10,719,1562,4788.94,7480324
2024,10,1,2024-10,720,1294,7278.27,9418081
2024,10,1,2024-10,721,1073,5602.89,6011901
2024,10,1,2024-10,722,1615,4730.56,7639854
2024,10,1,2024-10,723,2067,4234.14,8751967
2024,10,1,2024-10,724,1431,6161.8,8817536
2024,10,1,2024-10,725,1107,5944.74,6580827
2024,10,1,2024-10,726,1787,6665.33,11910945
2024,10,1,2024-10,727,1899,7266.75,13799558
2024,10,1,2024-10,728,2277,4409.04,10039384
2024,10,1,2024-10,729,1541,6762.01,10420257
2024,10,1,2024-10,730,634,4842.44,3070107
2024,10,1,2024-10,731,1363,7206.82,9822896
2024,10,1,2024-10,732,2032,7117.19,14462130
2024,10,1,2024-10,733,1753,6138.04,10759984
2024,10,1,2024-10,734,1588,6724.83,10679030
2024,10,1,2024-10,735,1469,5215.45,7661496
2024,10,1,2024-10,736,1454,5837.46,8487667
2024,10,1,2024-10,737,880,7082.97,6233014
2024,10,1,2024-10,738,1481,5848.79,8662058
2024,10,1,2024-10,739,1131,5542.21,6268240
2024,10,1,2024-10,740,1772,5871.52,10404333
2024,10,1,2024-10,741,2012,7092.56,14270231
2024,10,1,2024-10,742,2042,5326.98,10877693
2024,10,1,2024-10,743,1723,4799.63,8269762
2024,10,1,2024-10,744,1095,6663.37,7296390
2024,10,1,2024-10,745,1259,7107.37,8948179
2024,10,1,2024-10,746,1332,4486.56,5976098
2024,10,1,2024-10,747,1596,4914.41,7843398
2024,10,1,2024-10,748,1429,4631.78,6618814
2024,10,1,2024-10,749,2229,5378.22,11988052
2024,10,1,2024-10,750,988,5747,5678036
2024,10,1,2024-10,751,1588,6848.19,10874926
2024,10,1,2024-10,752,987,6434.16,6350516
2024,10,1,2024-10,753,1565,6297.58,9855713
2024,10,1,2024-10,754,1227,5449.72,6686806
2024,10,1,2024-10,755,744,7112.52,5291715
2024,10,1,2024-10,756,1831,5819.37,10655266
2024,10,1,2024-10,757,1717,7628.1,13097448
2024,10,1,2024-10,758,2048,6324.13,12951818
2024,10,1,2024-10,759,2045,4644.1,9497184
2024,10,1,2024-10,760,1588,6556.38,10411531
2024,10,1,2024-10,761,1847,5316.6,9819760
2024,10,1,2024-10,762,1831,6636.39,12151230
2024,10,1,2024-10,763,1657,4370.21,7241438
2024,10,1,2024-10,764,1258,4779.28,6012334
2024,10,1,2024-10,765,1729,7192.91,12436541
2024,10,1,2024-10,766,854,4975.22,4248838
2024,10,1,2024-10,767,892,7101.97,6334957
2024,10,1,2024-10,768,1990,5196.74,10341513
2024,10,1,2024-10,769,915,6373.86,5832082
2024,10,1,2024-10,770,1581,6670.21,10545602
2024,10,1,2024-10,771,1937,6025.49,11671374
2024,10,1,2024-10,772,725,5233.02,3793940
2024,10,1,2024-10,773,2054,4884.68,10033133
2024,10,1,2024-10,774,1580,4308.35,6807193
2024,10,1,2024-10,775,1568,5256.33,8241925
2024,10,1,2024-10,776,1521,6424.22,9771239
2024,10,1,2024-10,777,2289,7505.26,17179540
2024,10,1,2024-10,778,745,7229.47,5385955
2024,10,1,2024-10,779,1894,6884.28,13038826
2024,10,1,2024-10,780,1267,6971.98,8833499
2024,10,1,2024-10,781,912,6467.7,5898542
2024,10,1,2024-10,782,922,4994.49,4604920
2024,10,1,2024-10,783,1603,7342.99,11770813
2024,10,1,2024-10,784,1171,6580.49,7705754
2024,10,1,2024-10,785,1140,6135.97,6995006
2024,10,1,2024-10,786,1466,4581.78,6716889
2024,10,1,2024-10,787,1498,5804.54,8695201
2024,10,1,2024-10,788,2193,5778.7,12672689
2024,10,1,2024-10,789,1957,7238.87,14166469
2024,10,1,2024-10,790,1697,6118.93,10383824
2024,10,1,2024-10,791,1432,5395.44,7726270
2024,10,1,2024-10,792,1367,7588.84,10373944
2024,10,1,2024-10,793,2346,4521.54,10607533
2024,10,1,2024-10,794,835,5686.82,4748495
2024,10,1,2024-10,795,2113,4212.55,8901118
2024,10,1,2024-10,796,1858,6805.34,12644322
2024,10,1,2024-10,797,1871,7384.38,13816175
2024,10,1,2024-10,798,1171,5152.93,6034081
2024,10,1,2024-10,799,900,7177.56,6459804
2024,10,1,2024-10,800,806,5160.08,4159024
2024,10,1,2024-10,801,1399,7359.89,10296486
2024,10,1,2024-10,802,1334,6804.88,9077710
2024,10,1,2024-10,803,1944,7058.44,13721607
2024,10,1,2024-10,804,1179,4145.61,4887674
2024,10,1,2024-10,805,1572,7505.12,11798049
2024,10,1,2024-10,806,829,6670.59,5529919
2024,10,1,2024-10,807,695,5192.84,3609024
2024,10,1,2024-10,808,1984,7085.48,14057592
2024,10,1,2024-10,809,1007,5141.23,5177219
2024,10,1,2024-10,810,1820,7240.62,13177928
2024,10,1,2024-10,811,1015,4501.48,4569002
2024,10,1,2024-10,812,1019,6730.08,6857952
2024,10,1,2024-10,813,1519,6086.64,9245606
2024,10,1,2024-10,814,1433,4438.06,6359740
2024,10,1,2024-10,815,928,4991.41,4632028
2024,10,1,2024-10,816,1881,4220.47,7938704
2024,10,1,2024-10,817,2141,5777.75,12370163
2024,10,1,2024-10,818,1130,5194.01,5869231
2024,10,1,2024-10,819,1769,6246.01,11049192
2024,10,1,2024-10,820,779,5241.01,4082747
2024,10,1,2024-10,821,806,5218.13,4205813
2024,10,1,2024-10,822,1826,6753.39,12331690
2024,10,1,2024-10,823,1430,4396.02,6286309
2024,10,1,2024-10,824,1078,7308.8,7878886
2024,10,1,2024-10,825,1304,7171.75,9351962
2024,10,1,2024-10,826,1412,6567.77,9273691
2024,10,1,2024-10,827,2262,6241.83,14119019
2024,10,1,2024-10,828,1541,7301.02,11250872
2024,10,1,2024-10,829,2024,4809.49,9734408
2024,10,1,2024-10,830,2046,4417.26,9037714
2024,10,1,2024-10,831,1402,4946.23,6934614
2024,10,1,2024-10,832,1369,6998.46,9580892
2024,10,1,2024-10,833,648,4214.57,2731041
2024,10,1,2024-10,834,1143,6147.69,7026810
2024,10,1,2024-10,835,769,7693.69,5916448
2024,10,1,2024-10,836,2191,7146.59,15658179
2024,10,1,2024-10,837,1561,5993.29,9355526
2024,10,1,2024-10,838,1357,4373.62,5935002
2024,10,1,2024-10,839,1462,7107.78,10391574
2024,10,1,2024-10,840,1871,6409.91,11992942
2024,10,1,2024-10,841,679,4605.9,3127406
2024,10,1,2024-10,842,1615,4489.93,7251237
2024,10,1,2024-10,843,2051,7401.93,15181358
2024,10,1,2024-10,844,1695,6557.23,11114505
2024,10,1,2024-10,845,1039,7092.82,7369440
2024,10,1,2024-10,846,1073,7266.39,7796836
2024,10,1,2024-10,847,2201,6170.6,13581491
2024,10,1,2024-10,848,991,5957.64,5904021
2024,10,1,2024-10,849,700,5759.21,4031447
2024,10,1,2024-10,850,1646,5217.28,8587643
2024,10,1,2024-10,851,2199,5726.49,12592552
2024,10,1,2024-10,852,1730,6931.93,11992239
2024,10,1,2024-10,853,1409,6312.31,8894045
2024,10,1,2024-10,854,1329,7322.08,9731044
2024,10,1,2024-10,855,2008,5674.68,11394757
2024,10,1,2024-10,856,651,6320.28,4114502
2024,10,1,2024-10,857,875,6406.79,5605941
2024,10,1,2024-10,858,1636,6351.32,10390760
2024,10,1,2024-10,859,1643,6670.95,10960371
2024,10,1,2024-10,860,919,4992.69,4588282
2024,10,1,2024-10,861,1020,5962.79,6082046
2024,10,1,2024-10,862,2220,4486.08,9959098
2024,10,1,2024-10,863,2053,5517.05,11326504
2024,10,1,2024-10,864,1483,5901.66,8752162
2024,10,1,2024-10,865,1612,6427.6,10361291
2024,10,1,2024-10,866,634,7506.27,4758975
2024,10,1,2024-10,867,1425,6237.76,8888808
2024,10,1,2024-10,868,837,6809.88,5699870
2024,10,1,2024-10,869,2387,5990.63,14299634
2024,10,1,2024-10,870,992,6274.97,6224770
2024,10,1,2024-10,871,796,4370.06,3478568
2024,10,1,2024-10,872,614,5120.9,3144233
2024,10,1,2024-10,873,761,5457.6,4153234
2024,10,1,2024-10,874,1567,5836.88,9146391
2024,10,1,2024-10,875,1855,4240.62,7866350
2024,10,1,2024-10,876,1733,4670.94,8094739
2024,10,1,2024-10,877,763,5117.17,3904401
2024,10,1,2024-10,878,1991,7636.53,15204331
2024,10,1,2024-10,879,1590,5416.16,8611694
2024,10,1,2024-10,880,1105,5794.33,6402735
2024,10,1,2024-10,881,1832,4896.85,8971029
2024,10,1,2024-10,882,1010,6300.04,6363040
2024,10,1,2024-10,883,1878,5189.79,9746426
2024,10,1,2024-10,884,2123,4843.79,10283366
2024,10,1,2024-10,885,1528,5932.28,9064524
2024,10,1,2024-10,886,792,4184.33,3313989
2024,10,1,2024-10,887,1201,4083.33,4904079
2024,10,1,2024-10,888,702,4878.86,3424960
2024,10,1,2024-10,889,1444,4227.45,6104438
2024,10,1,2024-10,890,1956,4486.08,8774772
2024,10,1,2024-10,891,2182,5369.21,11715616
2024,10,1,2024-10,892,1749,7021.68,12280918
2024,10,1,2024-10,893,2168,6169.3,13375042
2024,10,1,2024-10,894,1415,5927.18,8386960
2024,10,1,2024-10,895,1283,5171.2,6634650
2024,10,1,2024-10,896,1189,7401.13,8799944
2024,10,1,2024-10,897,2332,5490.35,12803496
2024,10,1,2024-10,898,1681,4407.94,7409747
2024,10,1,2024-10,899,1546,6268.12,9690514
2024,10,1,2024-10,900,869,4541.55,3946607
2024,10,1,2024-10,901,1094,5388.65,5895183
2024,10,1,2024-10,902,1240,5941.89,7367944
2024,10,1,2024-10,903,1890,7201.93,13611648
2024,10,1,2024-10,904,1390,5871.12,8160857
2024,10,1,2024-10,905,1924,6678.91,12850223
2024,10,1,2024-10,906,2051,7728.32,15850784
2024,10,1,2024-10,907,1605,4543.83,7292847
2024,10,1,2024-10,908,989,5129.93,5073501
2024,10,1,2024-10,909,797,5501.15,4384417
2024,10,1,2024-10,910,1906,5688.81,10842872
2024,10,1,2024-10,911,1117,5652.66,6314021
2024,10,1,2024-10,912,1104,7259.06,8014002
2024,10,1,2024-10,913,2002,6637.14,13287554
2024,10,1,2024-10,914,827,6319.09,5225887
2024,10,1,2024-10,915,791,5133.4,4060519
2024,10,1,2024-10,916,1450,7137.77,10349766
2024,10,1,2024-10,917,984,7558.29,7437357
2024,10,1,2024-10,918,967,6992.06,6761322
2024,10,1,2024-10,919,1856,4178.28,7754888
2024,10,1,2024-10,920,1771,6446.77,11417230
2024,10,1,2024-10,921,2059,4336.46,8928771
2024,10,1,2024-10,922,677,5067.62,3430779
2024,10,1,2024-10,923,1375,4378.39,6020286
2024,10,1,2024-10,924,1853,6234.5,11552528
2024,10,1,2024-10,925,1266,6587.86,8340231
2024,10,1,2024-10,926,1088,4498.93,4894836
2024,10,1,2024-10,927,1072,5547.79,5947231
2024,10,1,2024-10,928,762,5754.31,4384784
2024,10,1,2024-10,929,1437,5342.1,7676598
2024,10,1,2024-10,930,1484,4488.86,6661468
2024,10,1,2024-10,931,1259,5618.74,7073994
2024,10,1,2024-10,932,707,6782.08,4794931
2024,10,1,2024-10,933,905,4353.8,3940189
2024,10,1,2024-10,934,1999,4375.32,8746265
2024,10,1,2024-10,935,2019,5352.78,10807263
2024,10,1,2024-10,936,1119,7504.05,8397032
2024,10,1,2024-10,937,1410,6545.16,9228676
2024,10,1,2024-10,938,1258,6559.3,8251599
2024,10,1,2024-10,939,1479,5445.64,8054102
2024,10,1,2024-10,940,2203,6246.55,13761150
2024,10,1,2024-10,941,1656,4089.32,6771914
2024,10,1,2024-10,942,1610,6462.7,10404947
2024,10,1,2024-10,943,1577,7450.11,11748823
2024,10,1,2024-10,944,1603,6339.33,10161946
2024,10,1,2024-10,945,1423,7188.78,10229634
2024,10,1,2024-10,946,1125,6642.97,7473341
2024,10,1,2024-10,947,2195,4520.32,9922102
2024,10,1,2024-10,948,1721,7443.78,12810745
2024,10,1,2024-10,949,1387,4376.87,6070719
2024,10,1,2024-10,950,1559,6031.38,9402921
2024,10,1,2024-10,951,1958,4636.17,9077621
2024,10,1,2024-10,952,1337,4147.03,5544579
2024,10,1,2024-10,953,687,5627.84,3866326
2024,10,1,2024-10,954,1446,5181.11,7491885
2024,10,1,2024-10,955,1775,5833.13,10353806
2024,10,1,2024-10,956,2223,6130.4,13627879
2024,10,1,2024-10,957,2267,4283.84,9711465
2024,10,1,2024-10,958,878,4527.58,3975215
2024,10,1,2024-10,959,2321,6167.25,14314187
2024,10,1,2024-10,960,671,5370.87,3603854
2024,10,1,2024-10,961,1488,6723.13,10004017
2024,10,1,2024-10,962,1364,6420.93,8758149
2024,10,1,2024-10,963,907,7174.52,6507290
2024,10,1,2024-10,964,2032,6629.3,13470738
2024,10,1,2024-10,965,530,5638.2,2988246
2024,10,1,2024-10,966,1901,6543.13,12438490
2024,10,1,2024-10,967,1013,5067.95,5133833
2024,10,1,2024-10,968,930,5224.48,4858766
2024,10,1,2024-10,969,621,6904.76,4287856
2024,10,1,2024-10,970,1888,5695.64,10753368
2024,10,1,2024-10,971,651,7013.98,4566101
2024,10,1,2024-10,972,804,7114.19,5719809
2024,10,1,2024-10,973,734,7123.96,5228987
2024,10,1,2024-10,974,2061,7390.71,15232253
2024,10,1,2024-10,975,337,5693,1918541
2024,10,1,2024-10,976,1436,5214.98,7488711
2024,10,1,2024-10,977,2060,6184.9,12740894
2024,10,1,2024-10,978,1587,5473.38,8686254
2024,10,1,2024-10,979,1321,6245.95,8250900
2024,10,1,2024-10,980,925,6583.75,6089969
2024,10,1,2024-10,981,1331,6567.15,8740877
2024,10,1,2024-10,982,1585,5451.38,8640437
2024,10,1,2024-10,983,2030,4788.91,9721487
2024,10,1,2024-10,984,1994,5766.83,11499059
2024,10,1,2024-10,985,2033,4647.26,9447880
2024,10,1,2024-10,986,962,7307.09,7029421
2024,10,1,2024-10,987,1465,5308.44,7776865
2024,10,1,2024-10,988,2082,4611.7,9601559
2024,10,1,2024-10,989,1787,4265.88,7623128
2024,10,1,2024-10,990,2054,6363.84,13071327
2024,10,1,2024-10,991,1457,6427.93,9365494
2024,10,1,2024-10,992,1010,5446.97,5501440
2024,10,1,2024-10,993,1306,4332.91,5658780
2024,10,1,2024-10,994,1084,5499.97,5961967
2024,10,1,2024-10,995,2308,5256.21,12131333
2024,10,1,2024-10,996,1831,6599.75,12084142
2024,10,1,2024-10,997,2060,6242.45,12859447
2024,10,1,2024-10,998,1170,5468.47,6398110
2024,10,1,2024-10,999,1407,4957.31,6974935
2024,10,1,2024-10,1000,1958,7669.94,15017743
2024,10,1,2024-10,1001,1194,5726.84,6837847
2024,10,1,2024-10,1002,1553,6618.08,10277878
2024,10,1,2024-10,1003,980,4601.36,4509333
2024,10,1,2024-10,1004,1310,5855.56,7670784
2024,10,1,2024-10,1005,1673,4204.68,7034430
2024,10,1,2024-10,1006,1014,5941.22,6024397
2024,10,1,2024-10,1007,1258,7574.85,9529161
2024,10,1,2024-10,1008,1472,5494.21,8087477
2024,10,1,2024-10,1009,1846,4251.11,7847549
2024,10,1,2024-10,1010,913,4260.05,3889426
2024,10,1,2024-10,1011,2105,5476.06,11527106
2024,10,1,2024-10,1012,1135,4657.92,5286739
2024,10,1,2024-10,1013,604,4257.23,2571367
2024,10,1,2024-10,1014,645,6866.31,4428770
2024,10,1,2024-10,1015,1392,5729.74,7975798
2024,10,1,2024-10,1016,877,5122.13,4492108
2024,10,1,2024-10,1017,1623,7307.07,11859375
2024,10,1,2024-10,1018,1142,4454.56,5087108
2024,10,1,2024-10,1019,1447,7580.5,10968984
2024,10,1,2024-10,1020,1284,5260.66,6754687
2024,10,1,2024-10,1021,2199,7256.39,15956802
2024,10,1,2024-10,1022,802,6308.72,5059593
2024,10,1,2024-10,1023,1548,7116.14,11015785
2024,10,1,2024-10,1024,1451,7636.11,11079996
2024,10,1,2024-10,1025,2193,5173.45,11345376
2024,10,1,2024-10,1026,1879,7576.02,14235342
2024,10,1,2024-10,1027,1904,5513.57,10497837
2024,10,1,2024-10,1028,941,5501.36,5176780
2024,10,1,2024-10,1029,1865,5355.28,9987597
2024,10,1,2024-10,1030,916,6066.33,5556758
2024,10,1,2024-10,1031,2302,4653.58,10712541
2024,10,1,2024-10,1032,1726,6076.17,10487469
2024,10,1,2024-10,1033,1668,6129.95,10224757
2024,10,1,2024-10,1034,1377,6827.88,9401991
2024,10,1,2024-10,1035,1120,7043.5,7888720
2024,10,1,2024-10,1036,1088,5749.34,6255282
2024,10,1,2024-10,1037,814,5200.94,4233565
2024,10,1,2024-10,1038,514,5045.87,2593577
2024,10,1,2024-10,1039,1291,4815.49,6216798
2024,10,1,2024-10,1040,511,4385.14,2240807
2024,10,1,2024-10,1041,771,5302.38,4088135
2024,10,1,2024-10,1042,1271,5137.63,6529928
2024,10,1,2024-10,1043,1253,7590.44,9510821
2024,10,1,2024-10,1044,797,6156.63,4906834
2024,10,1,2024-10,1045,1772,5342.99,9467778
2024,10,1,2024-10,1046,853,6317.31,5388665
2024,10,1,2024-10,1047,1229,4614.99,5671823
2024,10,1,2024-10,1048,1505,5706.37,8588087
2024,10,1,2024-10,1049,573,6319.14,3620867
2024,10,1,2024-10,1050,1110,5863.65,6508652
2024,10,1,2024-10,1051,868,5519.48,4790909
2024,10,1,2024-10,1052,1698,7770.9,13194988
2024,10,1,2024-10,1053,830,7186.95,5965168
2024,10,1,2024-10,1054,2192,6245.54,13690224
2024,10,1,2024-10,1055,1165,6131.82,7143570
2024,10,1,2024-10,1056,2103,6356.68,13368098
2024,10,1,2024-10,1057,1149,4902.96,5633501
2024,10,1,2024-10,1058,1602,5540.54,8875945
2024,10,1,2024-10,1059,1563,4248.7,6640718
2024,10,1,2024-10,1060,1882,5822.02,10957042
2024,10,1,2024-10,1061,2154,6097.56,13134144
2024,10,1,2024-10,1062,1869,4883.75,9127729
2024,10,1,2024-10,1063,965,7611.3,7344904
2024,10,1,2024-10,1064,1282,7288.15,9343408
2024,10,1,2024-10,1065,1013,6691.73,6778722
2024,10,1,2024-10,1066,1136,6023.93,6843184
2024,10,1,2024-10,1067,2108,7166.68,15107361
2024,10,1,2024-10,1068,1844,4591.01,8465822
2024,10,1,2024-10,1069,1432,6927.3,9919894
2024,10,1,2024-10,1070,1218,4579.56,5577904
2024,10,1,2024-10,1071,2198,6973.21,15327116
2024,10,1,2024-10,1072,2179,5124.68,11166678
2024,10,1,2024-10,1073,1634,7233.51,11819555
2024,10,1,2024-10,1074,2004,7502.39,15034790
2024,10,1,2024-10,1075,1636,4708.82,7703630
2024,10,1,2024-10,1076,2024,5811.59,11762658
2024,10,1,2024-10,1077,987,7641.19,7541855
2024,10,1,2024-10,1078,1560,5806.31,9057844
2024,10,1,2024-10,1079,1967,7091.33,13948646
2024,10,1,2024-10,1080,1529,6136.66,9382953
2024,10,1,2024-10,1081,1974,5492.44,10842077
2024,10,1,2024-10,1082,623,5107.61,3182041
2024,10,1,2024-10,1083,1521,4791.17,7287370
2024,10,1,2024-10,1084,2134,6814.98,14543167
2024,10,1,2024-10,1085,733,5497.58,4029726
2024,10,1,2024-10,1086,2079,5953.16,12376620
2024,10,1,2024-10,1087,1420,5848.66,8305097
2024,10,1,2024-10,1088,951,6226.36,5921268
2024,10,1,2024-10,1089,1396,7205.39,10058724
2024,10,1,2024-10,1090,1656,7615.31,12610953
2024,10,1,2024-10,1091,1023,5537.29,5664648
2024,10,1,2024-10,1092,1158,7166.95,8299328
2024,10,1,2024-10,1093,997,6846.76,6826220
2024,10,1,2024-10,1094,2155,6196.22,13352854
2024,10,1,2024-10,1095,1324,7546.24,9991222
2024,10,1,2024-10,1096,1180,4894.91,5775994
2024,10,1,2024-10,1097,1172,4474.89,5244571
2024,10,1,2024-10,1098,1909,7197.37,13739779
2024,10,1,2024-10,1099,1342,5677.5,7619205
2024,10,1,2024-10,1100,632,7157.25,4523382
2024,10,1,2024-10,1101,1825,7297.97,13318795
2024,10,1,2024-10,1102,1421,4431.96,6297815
2024,10,1,2024-10,1103,899,7274.07,6539389
2024,10,1,2024-10,1104,1801,5654.43,10183628
2024,10,1,2024-10,1105,1670,5940.53,9920685
2024,10,1,2024-10,1106,1091,6367.37,6946801
2024,10,1,2024-10,1107,1656,7438.35,12317908
2024,10,1,2024-10,1108,872,4133.72,3604604
2024,10,1,2024-10,1109,1718,5773.07,9918134
2024,10,1,2024-10,1110,822,6663.4,5477315
2024,10,1,2024-10,1111,1263,6694.6,8455280
2024,10,1,2024-10,1112,1143,6591.47,7534050
2024,10,1,2024-10,1113,2043,4696.99,9595951
2024,10,1,2024-10,1114,1165,5228.46,6091156
2024,10,1,2024-10,1115,2254,5402.76,12177821
2024,10,1,2024-10,1116,1726,7007.39,12094755
2024,10,1,2024-10,1117,1696,5208.42,8833480
2024,10,1,2024-10,1118,1133,4846.99,5491640
2024,10,1,2024-10,1119,2038,7581.01,15450098
2024,10,1,2024-10,1120,1553,4185.01,6499321
2024,10,1,2024-10,1121,1180,7690.41,9074684
2024,10,1,2024-10,1122,954,6516.26,6216512
2024,10,1,2024-10,1123,1409,7100.77,10004985
2024,10,1,2024-10,1124,2077,5175.18,10748849
2024,10,1,2024-10,1125,1994,4206.18,8387123
2024,10,1,2024-10,1126,1755,6685.19,11732508
2024,10,1,2024-10,1127,1538,7246.15,11144579
2024,10,1,2024-10,1128,2144,6795,14568480
2024,10,1,2024-10,1129,1644,4654.83,7652541
2024,10,1,2024-10,1130,940,6907.01,6492589
2024,10,1,2024-10,1131,1865,6841.77,12759901
2024,10,1,2024-10,1132,938,6444.26,6044716
2024,10,1,2024-10,1133,1312,6845.16,8980850
2024,10,1,2024-10,1134,1171,7242.74,8481249
2024,10,1,2024-10,1135,1477,6310.8,9321052
2024,10,1,2024-10,1136,1655,4563.35,7552344
2024,10,1,2024-10,1137,1718,5840.92,10034701
2024,10,1,2024-10,1138,1884,4282.24,8067740
2024,10,1,2024-10,1139,1636,5503.05,9002990
2024,10,1,2024-10,1140,1076,5603.74,6029624
2024,10,1,2024-10,1141,1055,4387.67,4628992
2024,10,1,2024-10,1142,1757,5385.27,9461919
2024,10,1,2024-10,1143,752,4472.95,3363658
2024,10,1,2024-10,1144,1710,6956.64,11895854
2024,10,1,2024-10,1145,2210,7443.53,16450201
2024,10,1,2024-10,1146,1777,4366.91,7759999
2024,10,1,2024-10,1147,937,7550.83,7075128
2024,10,1,2024-10,1148,1005,6047.56,6077798
2024,10,1,2024-10,1149,1689,5235.4,8842591
2024,10,1,2024-10,1150,945,4405.45,4163150
2024,10,1,2024-10,1151,2217,6032.11,13373188
2024,10,1,2024-10,1152,849,6963.7,5912181
2024,10,1,2024-10,1153,1328,6547.31,8694828
2024,10,1,2024-10,1154,1485,4242.22,6299697
2024,10,1,2024-10,1155,2057,4388.13,9026383
2024,10,1,2024-10,1156,1539,5502.01,8467593
2024,10,1,2024-10,1157,2027,5237.01,10615419
2024,10,1,2024-10,1158,620,4963.44,3077333
2024,10,1,2024-10,1159,671,5187.31,3480685
2024,10,1,2024-10,1160,2065,7005.88,14467142
2024,10,1,2024-10,1161,1583,7333.59,11609073
2024,10,1,2024-10,1162,1272,5638.22,7171816
2024,10,1,2024-10,1163,1818,7357.52,13375971
2024,10,1,2024-10,1164,1505,5271.1,7933006
2024,10,1,2024-10,1165,808,5846.39,4723883
2024,10,1,2024-10,1166,1262,4924.09,6214202
2024,10,1,2024-10,1167,876,6436.59,5638453
2024,10,1,2024-10,1168,996,7631.11,7600586
2024,10,1,2024-10,1169,1140,6276.94,7155712
2024,10,1,2024-10,1170,1150,5336.75,6137262
2024,10,1,2024-10,1171,915,6439.2,5891868
2024,10,1,2024-10,1172,954,4556.59,4346987
2024,10,1,2024-10,1173,1760,7329.13,12899269
2024,10,1,2024-10,1174,1945,5956.15,11584712
2024,10,1,2024-10,1175,1698,5719.72,9712085
2024,10,1,2024-10,1176,1566,6202.12,9712520
2024,10,1,2024-10,1177,1566,6409.62,10037465
2024,10,1,2024-10,1178,1474,4412.04,6503347
2024,10,1,2024-10,1179,2137,6532.34,13959611
2024,10,1,2024-10,1180,1738,4916.75,8545312
2024,10,1,2024-10,1181,1113,6755.12,7518449
2024,10,1,2024-10,1182,1842,7098.36,13075179
2024,10,1,2024-10,1183,2048,7037.52,14412841
2024,10,1,2024-10,1184,1787,6046.11,10804399
2024,10,1,2024-10,1185,1575,6017.64,9477783
2024,10,1,2024-10,1186,874,4589.59,4011302
2024,10,1,2024-10,1187,1891,6940.93,13125299
2024,10,1,2024-10,1188,1554,5086.84,7904949
2024,10,1,2024-10,1189,1285,5837.43,7501098
2024,10,1,2024-10,1190,2017,5146.82,10381136
2024,10,1,2024-10,1191,1748,4624.48,8083591
2024,10,1,2024-10,1192,805,6399.4,5151517
2024,10,1,2024-10,1193,1906,4319.21,8232414
2024,10,1,2024-10,1194,2377,6706.42,15941160
2024,10,1,2024-10,1195,2116,5323.53,11264589
2024,10,1,2024-10,1196,2008,4151.15,8335509
2024,10,1,2024-10,1197,1443,5951.63,8588202
2024,10,1,2024-10,1198,2225,4347.95,9674189
2024,10,1,2024-10,1199,1632,5050.53,8242465
2024,10,1,2024-10,1200,2022,6632.26,13410430
2024,10,1,2024-10,1201,2393,4392.1,10510295
2024,10,1,2024-10,1202,1189,7219.42,8583890
2024,10,1,2024-10,1203,2041,4115.74,8400225
2024,10,1,2024-10,1204,1768,4924.61,8706710
2024,10,1,2024-10,1205,1426,6802.76,9700736
2024,10,1,2024-10,1206,1702,5314.83,9045841
2024,10,1,2024-10,1207,1195,4407.32,5266747
2024,10,1,2024-10,1208,886,5403.36,4787377
2024,10,1,2024-10,1209,1518,5139.32,7801488
2024,10,1,2024-10,1210,1595,7200.08,11484128
2024,10,1,2024-10,1211,2168,5171.35,11211487
2024,10,1,2024-10,1212,1802,6930.06,12487968
2024,10,1,2024-10,1213,2002,7286.57,14587713
2024,10,1,2024-10,1214,1808,5626.89,10173417
2024,10,1,2024-10,1215,1095,7383.04,8084429
2024,10,1,2024-10,1216,2177,5485.75,11942478
2024,10,1,2024-10,1217,1002,7648,7663296
2024,10,1,2024-10,1218,861,4332.48,3730265
2024,10,1,2024-10,1219,1741,6601.23,11492741
2024,10,1,2024-10,1220,1232,5851.13,7208592
2024,10,1,2024-10,1221,696,5454.79,3796534
2024,10,1,2024-10,1222,1396,6371.05,8893986
2024,10,1,2024-10,1223,838,6650.21,5572876
2024,10,1,2024-10,1224,998,4111.89,4103666
2024,10,1,2024-10,1225,1949,4707.27,9174469
2024,10,1,2024-10,1226,1353,6669.82,9024266
2024,10,1,2024-10,1227,1326,6522.42,8648729
2024,10,1,2024-10,1228,1024,7625.46,7808471
2024,10,1,2024-10,1229,1542,6832.8,10536178
2024,10,1,2024-10,1230,1668,7524.1,12550199
2024,10,1,2024-10,1231,1596,6634.33,10588391
2024,10,1,2024-10,1232,1540,5265.46,8108808
2024,10,1,2024-10,1233,1701,4520.98,7690187
2024,10,1,2024-10,1234,2006,6933.38,13908360
2024,10,1,2024-10,1235,1826,6422.28,11727083
2024,10,1,2024-10,1236,1511,4295.99,6491241
2024,10,1,2024-10,1237,864,5321.53,4597802
2024,10,1,2024-10,1238,1888,7522,14201536
2024,10,1,2024-10,1239,1490,5934.44,8842316
2024,10,1,2024-10,1240,2089,5669.17,11842896
2024,10,1,2024-10,1241,751,5750.51,4318633
2024,10,1,2024-10,1242,783,4933.15,3862656
2024,10,1,2024-10,1243,693,5457.82,3782269
2024,10,1,2024-10,1244,1522,5390.91,8204965
2024,10,1,2024-10,1245,1236,4238.72,5239058
2024,10,1,2024-10,1246,1526,6907.75,10541226
2024,10,1,2024-10,1247,767,5570.29,4272412
2024,10,1,2024-10,1248,2224,7072.5,15729240
2024,10,1,2024-10,1249,1891,7196.71,13608979
2024,10,1,2024-10,1250,1838,4892.22,8991900
2024,10,1,2024-10,1251,1618,6542.37,10585555
2024,10,1,2024-10,1252,1583,5802.54,9185421
2024,10,1,2024-10,1253,2116,7281.06,15406723
2024,10,1,2024-10,1254,1505,4874.56,7336213
2024,10,1,2024-10,1255,881,6531.76,5754481
2024,10,1,2024-10,1256,1124,6330.16,7115100
2024,10,1,2024-10,1257,1115,5219.38,5819609
2024,10,1,2024-10,1258,1830,4540.8,8309664
2024,10,1,2024-10,1259,2201,6416.08,14121792
2024,10,1,2024-10,1260,1453,6771,9838263
2024,10,1,2024-10,1261,967,5276.75,5102617
2024,10,1,2024-10,1262,1819,6371.5,11589758
2024,10,1,2024-10,1263,1909,5509.49,10517616
2024,10,1,2024-10,1264,889,6695.15,5951988
2024,10,1,2024-10,1265,1180,4867,5743060
2024,10,1,2024-10,1266,1712,7320.99,12533535
2024,10,1,2024-10,1267,1447,5142.37,7441009
2024,10,1,2024-10,1268,2312,5391.72,12465657
2024,10,1,2024-10,1269,715,4313.42,3084095
2024,10,1,2024-10,1270,1488,4566.66,6795190
2024,10,1,2024-10,1271,950,6006.99,5706640
2024,10,1,2024-10,1272,2289,5040.03,11536629
2024,10,1,2024-10,1273,1049,7179.37,7531159
2024,10,1,2024-10,1274,2315,4140.7,9585720
2024,10,1,2024-10,1275,720,5483.88,3948394
2024,10,1,2024-10,1276,1866,5280.7,9853786
2024,10,1,2024-10,1277,2254,4267.94,9619937
2024,10,1,2024-10,1278,1599,4605.26,7363811
2024,10,1,2024-10,1279,683,5608.97,3830927
2024,10,1,2024-10,1280,1878,5864.54,11013606
2024,10,1,2024-10,1281,1183,5665.04,6701742
2024,10,1,2024-10,1282,2165,6043.03,13083160
2024,10,1,2024-10,1283,1757,6340.73,11140663
2024,10,1,2024-10,1284,1610,4164.9,6705489
2024,10,1,2024-10,1285,959,5788.89,5551546
2024,10,1,2024-10,1286,1195,7602.72,9085250
2024,10,1,2024-10,1287,1620,5985.69,9696818
2024,10,1,2024-10,1288,1813,6555.5,11885122
2024,10,1,2024-10,1289,959,5254.09,5038672
2024,10,1,2024-10,1290,1953,6927.36,13529134
2024,10,1,2024-10,1291,1745,6849.48,11952343
2024,10,1,2024-10,1292,1348,5986.67,8070031
2024,10,1,2024-10,1293,1958,7587.28,14855894
2024,10,1,2024-10,1294,1602,4600.46,7369937
2024,10,1,2024-10,1295,677,4184.25,2832737
2024,10,1,2024-10,1296,1510,6849.63,10342941
2024,10,1,2024-10,1297,1467,7071.49,10373876
2024,10,1,2024-10,1298,2309,4605.39,10633846
2024,10,1,2024-10,1299,1008,5124.95,5165950
2024,10,1,2024-10,1300,2067,4244.34,8773051
2024,10,1,2024-10,1301,943,5197.11,4900875
2024,10,1,2024-10,1302,678,6915.28,4688560
2024,10,1,2024-10,1303,2254,5965.55,13446350
2024,10,1,2024-10,1304,1776,5426.97,9638299
2024,10,1,2024-10,1305,2119,5458.85,11567303
2024,10,1,2024-10,1306,2294,4102.41,9410929
2024,10,1,2024-10,1307,1779,5213.57,9274941
2024,10,1,2024-10,1308,1529,6416.42,9810706
2024,10,1,2024-10,1309,789,7645.2,6032063
2024,10,1,2024-10,1310,1476,7184.01,10603599
2024,10,1,2024-10,1311,1173,4246.42,4981051
2024,10,1,2024-10,1312,987,7269.76,7175253
2024,10,1,2024-10,1313,1769,6842.87,12105037
2024,10,1,2024-10,1314,1473,6920.27,10193558
2024,10,1,2024-10,1315,2002,5768.63,11548797
2024,10,1,2024-10,1316,1966,5604.83,11019096
2024,10,1,2024-10,1317,1441,5178.08,7461613
2024,10,1,2024-10,1318,1682,4314.75,7257410
2024,10,1,2024-10,1319,1922,4905.39,9428160
2024,10,1,2024-10,1320,1992,4956.14,9872631
2024,10,1,2024-10,1321,2245,5830.64,13089787
2024,10,1,2024-10,1322,936,6740.99,6309567
2024,10,1,2024-10,1323,1867,5819.93,10865809
2024,10,1,2024-10,1324,1830,4331.21,7926114
2024,10,1,2024-10,1325,2066,7514.34,15524626
2024,10,1,2024-10,1326,1644,7446.98,12242835
2024,10,1,2024-10,1327,1222,6877.96,8404867
2024,10,1,2024-10,1328,1301,7557.83,9832737
2024,10,1,2024-10,1329,1131,6036.88,6827711
2024,10,1,2024-10,1330,776,7541.66,5852328
2024,10,1,2024-10,1331,922,4302,3966444
2024,10,1,2024-10,1332,1169,5492.25,6420440
2024,10,1,2024-10,1333,1483,4969.29,7369457
2024,10,1,2024-10,1334,1573,4814.63,7573413
2024,10,1,2024-10,1335,1685,4533.55,7639032
2024,10,1,2024-10,1336,1698,6397.17,10862395
2024,10,1,2024-10,1337,737,6893.7,5080657
2024,10,1,2024-10,1338,1045,6118.18,6393498
2024,10,1,2024-10,1339,1515,4591.55,6956198
2024,10,1,2024-10,1340,906,6996.96,6339246
2024,10,1,2024-10,1341,1785,6352.01,11338338
2024,10,1,2024-10,1342,956,5480.2,5239071
2024,10,1,2024-10,1343,2163,6442.06,13934176
2024,10,1,2024-10,1344,1736,5115.51,8880525
2024,10,1,2024-10,1345,2196,5399.38,11857038
2024,10,1,2024-10,1346,1428,7366.2,10518934
2024,10,1,2024-10,1347,833,5199.35,4331059
2024,10,1,2024-10,1348,1311,5780.75,7578563
2024,10,1,2024-10,1349,1550,7304.29,11321650
2024,10,1,2024-10,1350,1392,6597.32,9183469
2024,10,1,2024-10,1351,1493,4368.61,6522335
2024,10,1,2024-10,1352,1909,4685.37,8944371
2024,10,1,2024-10,1353,1858,4160.72,7730618
2024,10,1,2024-10,1354,1520,6353.07,9656666
2024,10,1,2024-10,1355,1209,5632.43,6809608
2024,10,1,2024-10,1356,1813,4641.21,8414514
2024,10,1,2024-10,1357,1218,7536.08,9178945
2024,10,1,2024-10,1358,831,5980.03,4969405
2024,10,1,2024-10,1359,1483,4959.02,7354227
2024,10,1,2024-10,1360,1820,5923.74,10781207
2024,10,1,2024-10,1361,1788,6495.87,11614616
2024,10,1,2024-10,1362,1693,4414.2,7473241
2024,10,1,2024-10,1363,2157,5092.75,10985062
2024,10,1,2024-10,1364,1941,6973.73,13536010
2024,10,1,2024-10,1365,1716,5729.21,9831324
2024,10,1,2024-10,1366,1466,6091.25,8929772
2024,10,1,2024-10,1367,2233,5557.47,12409831
2024,10,1,2024-10,1368,1964,4250.65,8348277
2024,10,1,2024-10,1369,1296,4743.91,6148107
2024,10,1,2024-10,1370,1432,5709.76,8176376
2024,10,1,2024-10,1371,1768,4924.62,8706728
2024,10,1,2024-10,1372,1510,4307.36,6504114
2024,10,1,2024-10,1373,759,7107.14,5394319
2024,10,1,2024-10,1374,832,7617.46,6337727
2024,10,1,2024-10,1375,1387,6962.92,9657570
2024,10,1,2024-10,1376,1360,7136.64,9705830
2024,10,1,2024-10,1377,1946,5014.59,9758392
2024,10,1,2024-10,1378,2045,7636.64,15616929
2024,10,1,2024-10,1379,1603,4773.74,7652305
2024,10,1,2024-10,1380,1204,7550.06,9090272
2024,10,1,2024-10,1381,1222,7642.04,9338573
2024,10,1,2024-10,1382,1084,6634.63,7191939
2024,10,1,2024-10,1383,2142,7611.2,16303190
2024,10,1,2024-10,1384,2086,6130.69,12788619
2024,10,1,2024-10,1385,2002,5078.86,10167878
2024,10,1,2024-10,1386,2225,5686.16,12651706
2024,10,1,2024-10,1387,1851,6234.71,11540448
2024,10,1,2024-10,1388,1125,4399.77,4949741
2024,10,1,2024-10,1389,765,6364.86,4869118
2024,10,1,2024-10,1390,1308,7627.31,9976521
2024,10,1,2024-10,1391,1085,4846.96,5258952
2024,10,1,2024-10,1392,887,6958.86,6172509
2024,10,1,2024-10,1393,1915,7461.49,14288753
2024,10,1,2024-10,1394,1325,7453.22,9875516
2024,10,1,2024-10,1395,1438,7485.57,10764250
2024,10,1,2024-10,1396,830,5994.36,4975319
2024,10,1,2024-10,1397,1705,7655.44,13052525
2024,10,1,2024-10,1398,1748,6813.14,11909369
2024,10,1,2024-10,1399,694,4663.33,3236351
2024,10,1,2024-10,1400,834,5826.78,4859535
2024,10,1,2024-10,1401,2050,6677.8,13689490
2024,10,1,2024-10,1402,655,4997.89,3273618
2024,10,1,2024-10,1403,1581,6376.42,10081120
2024,10,1,2024-10,1404,835,6481.03,5411660
2024,10,1,2024-10,1405,1859,4747.05,8824766
2024,10,1,2024-10,1406,1958,6198.89,12137427
2024,10,1,2024-10,1407,1676,6872.16,11517740
2024,10,1,2024-10,1408,2042,5856.09,11958136
2024,10,1,2024-10,1409,1237,4120.7,5097306
2024,10,1,2024-10,1410,952,4098.26,3901544
2024,10,1,2024-10,1411,690,5438.65,3752668
2024,10,1,2024-10,1412,2051,7439.48,15258373
2024,10,1,2024-10,1413,1457,4930.95,7184394
2024,10,1,2024-10,1414,1460,6429.08,9386457
2024,10,1,2024-10,1415,861,4934.59,4248682
2024,10,1,2024-10,1416,1536,5162.18,7929108
2024,10,1,2024-10,1417,565,7120.15,4022885
2024,10,1,2024-10,1418,1624,6724.84,10921140
2024,10,1,2024-10,1419,1236,4543.28,5615494
2024,10,1,2024-10,1420,1698,5728.48,9726959
2024,10,1,2024-10,1421,2275,4127.81,9390768
2024,10,1,2024-10,1422,1508,5783.61,8721684
2024,10,1,2024-10,1423,1825,6495.94,11855090
2024,10,1,2024-10,1424,2286,4574.43,10457147
2024,10,1,2024-10,1425,1378,5125.18,7062498
2024,10,1,2024-10,1426,1432,5567.36,7972460
2024,10,1,2024-10,1427,864,7378.1,6374678
2024,10,1,2024-10,1428,1637,7644.73,12514423
2024,10,1,2024-10,1429,1882,4232.96,7966431
2024,10,1,2024-10,1430,1388,6780.05,9410709
2024,10,1,2024-10,1431,1331,5428.04,7224721
2024,10,1,2024-10,1432,2099,5575.71,11703415
2024,10,1,2024-10,1433,1960,6839.16,13404754
2024,10,1,2024-10,1434,1569,7416.21,11636033
2024,10,1,2024-10,1435,777,7507.35,5833211
2024,10,1,2024-10,1436,1109,6203.64,6879837
2024,10,1,2024-10,1437,2099,5377.28,11286911
2024,10,1,2024-10,1438,473,6900.36,3263870
2024,10,1,2024-10,1439,1537,5043.35,7751629
2024,10,1,2024-10,1440,1760,6112.46,10757930
2024,10,1,2024-10,1441,785,5355.76,4204272
2024,10,1,2024-10,1442,1510,6488.12,9797061
2024,10,1,2024-10,1443,1535,4920.47,7552921
2024,10,1,2024-10,1444,1953,4824.7,9422639
2024,10,1,2024-10,1445,2072,7421.64,15377638
2024,10,1,2024-10,1446,700,4428.5,3099950
2024,10,1,2024-10,1447,626,5875.53,3678082
2024,10,1,2024-10,1448,1369,4970.47,6804573
2024,10,1,2024-10,1449,1204,4289.76,5164871
2024,10,1,2024-10,1450,1397,4273.23,5969702
2024,10,1,2024-10,1451,1084,4758.45,5158160
2024,10,1,2024-10,1452,808,7251.62,5859309
2024,10,1,2024-10,1453,2041,5164.06,10539846
2024,10,1,2024-10,1454,2011,7482.26,15046825
2024,10,1,2024-10,1455,1328,6192.15,8223175
2024,10,1,2024-10,1456,1855,5662.89,10504661
2024,10,1,2024-10,1457,2201,6221.03,13692487
2024,10,1,2024-10,1458,2053,5976.34,12269426
2024,10,1,2024-10,1459,1591,6890.56,10962881
2024,10,1,2024-10,1460,975,5144.53,5015917
2024,10,1,2024-10,1461,1056,5385.71,5687310
2024,10,1,2024-10,1462,933,7353.82,6861114
2024,10,1,2024-10,1463,825,7541.34,6221606
2024,10,1,2024-10,1464,2197,7366.63,16184486
2024,10,1,2024-10,1465,727,5630.49,4093366
2024,10,1,2024-10,1466,1385,7003.23,9699474
2024,10,1,2024-10,1467,939,5866.16,5508324
2024,10,1,2024-10,1468,1832,5994.6,10982107
2024,10,1,2024-10,1469,1981,4857.81,9623322
2024,10,1,2024-10,1470,948,6336.76,6007248
2024,10,1,2024-10,1471,1631,4819.89,7861241
2024,10,1,2024-10,1472,942,5261.17,4956022
2024,10,1,2024-10,1473,701,7134.68,5001411
2024,10,1,2024-10,1474,1855,4849.17,8995210
2024,10,1,2024-10,1475,770,4363.03,3359533
2024,10,1,2024-10,1476,2046,4384.54,8970769
2024,10,1,2024-10,1477,543,7563.05,4106736
2024,10,1,2024-10,1478,736,5948.37,4378000
2024,10,1,2024-10,1479,2080,5540.13,11523470
2024,10,1,2024-10,1480,1060,7039.52,7461891
2024,10,1,2024-10,1481,1720,7090.82,12196210
2024,10,1,2024-10,1482,1275,5293.77,6749557
2024,10,1,2024-10,1483,940,6592.46,6196912
2024,10,1,2024-10,1484,1729,6861.22,11863049
2024,10,1,2024-10,1485,1470,6403.33,9412895
2024,10,1,2024-10,1486,1767,4668.6,8249416
2024,10,1,2024-10,1487,1782,7330.37,13062719
2024,10,1,2024-10,1488,1154,6084.79,7021848
2024,10,1,2024-10,1489,789,5078.39,4006850
2024,10,1,2024-10,1490,2128,5528.03,11763648
2024,10,1,2024-10,1491,836,4271.77,3571200
2024,10,1,2024-10,1492,961,4605.54,4425924
2024,10,1,2024-10,1493,1400,6883.74,9637236
2024,10,1,2024-10,1494,1882,4127.8,7768520
2024,10,1,2024-10,1495,1068,5564.39,5942769
2024,10,1,2024-10,1496,1556,6064.32,9436082
2024,10,1,2024-10,1497,1461,4312.23,6300168
2024,10,1,2024-10,1498,2049,7575.92,15523060
2024,10,1,2024-10,1499,1053,4952.81,5215309
2024,10,1,2024-10,1500,1810,5186.81,9388126
2024,10,1,2024-10,1501,1914,5157.63,9871704
2024,10,1,2024-10,1502,1323,4924,6514452
2024,10,1,2024-10,1503,997,4138.85,4126433
2024,10,1,2024-10,1504,2206,6787.39,14972982
2024,10,1,2024-10,1505,1313,7495.83,9842025
2024,10,1,2024-10,1506,1812,4943.12,8956933
2024,10,1,2024-10,1507,1501,6529.46,9800719
2024,10,1,2024-10,1508,1327,6791.64,9012506
2024,10,1,2024-10,1509,1641,7182.52,11786515
2024,10,1,2024-10,1510,1827,5696.26,10407067
2024,10,1,2024-10,1511,823,5247.39,4318602
2024,10,1,2024-10,1512,947,5267.03,4987877
2024,10,1,2024-10,1513,1060,6711.78,7114487
2024,10,1,2024-10,1514,1527,7048.17,10762556
2024,10,1,2024-10,1515,853,4806.84,4100235
2024,10,1,2024-10,1516,1616,5391.76,8713084
2024,10,1,2024-10,1517,1260,7337.28,9244973
2024,10,1,2024-10,1518,1571,7031.99,11047256
2024,10,1,2024-10,1519,1385,7635.67,10575403
2024,10,1,2024-10,1520,2186,6841.42,14955344
2024,10,1,2024-10,1521,1521,5587.91,8499211
2024,10,1,2024-10,1522,1929,6220.63,11999595
2024,10,1,2024-10,1523,1679,6524.17,10954081
2024,10,1,2024-10,1524,1115,4356.72,4857743
2024,10,1,2024-10,1525,1240,6102.23,7566765
2024,10,1,2024-10,1526,1631,6583.48,10737656
2024,10,1,2024-10,1527,905,4729.35,4280062
2024,10,1,2024-10,1528,2140,6919.15,14806981
2024,10,1,2024-10,1529,1566,6285.83,9843610
2024,10,1,2024-10,1530,1700,7502.92,12754964
2024,10,1,2024-10,1531,1717,4184.44,7184683
2024,10,1,2024-10,1532,2072,5094.26,10555307
2024,10,1,2024-10,1533,1706,6226.35,10622153
2024,10,1,2024-10,1534,1395,5184.96,7233019
2024,10,1,2024-10,1535,913,6645.47,6067314
2024,10,1,2024-10,1536,1869,6825.17,12756243
2024,10,1,2024-10,1537,802,4392.35,3522665
2024,10,1,2024-10,1538,1142,5880.73,6715794
2024,10,1,2024-10,1539,1926,5958.03,11475166
2024,10,1,2024-10,1540,1796,5435.52,9762194
2024,10,1,2024-10,1541,1836,7404.32,13594332
2024,10,1,2024-10,1542,966,7054.34,6814492
2024,10,1,2024-10,1543,1700,6635.76,11280792
2024,10,1,2024-10,1544,1099,6662.33,7321901
2024,10,1,2024-10,1545,852,5791.86,4934665
2024,10,1,2024-10,1546,1033,7373.8,7617135
2024,10,1,2024-10,1547,2327,6629.02,15425730
2024,10,1,2024-10,1548,1832,6716.43,12304500
2024,10,1,2024-10,1549,1871,7218.51,13505832
2024,10,1,2024-10,1550,2197,5115.01,11237677
2024,10,1,2024-10,1551,1383,6988.01,9664418
2024,10,1,2024-10,1552,1974,4804.26,9483609
2024,10,1,2024-10,1553,817,5349.7,4370705
2024,10,1,2024-10,1554,1444,5352.48,7728981
2024,10,1,2024-10,1555,2154,7696.5,16578261
2024,10,1,2024-10,1556,1815,7147.41,12972549
2024,10,1,2024-10,1557,1749,6671.33,11668156
2024,10,1,2024-10,1558,2185,6708.42,14657898
2024,10,1,2024-10,1559,955,6126.19,5850511
2024,10,1,2024-10,1560,1399,7519.25,10519431
2024,10,1,2024-10,1561,1685,5875.34,9899948
2024,10,1,2024-10,1562,1181,5466.05,6455405
2024,10,1,2024-10,1563,1183,4789.37,5665825
2024,10,1,2024-10,1564,965,6935.43,6692690
2024,10,1,2024-10,1565,1540,6769.01,10424275
2024,10,1,2024-10,1566,2057,5577.8,11473535
2024,10,1,2024-10,1567,2320,4293.19,9960201
2024,10,1,2024-10,1568,2146,7112.31,15263017
2024,10,1,2024-10,1569,1657,4128.57,6841040
2024,10,1,2024-10,1570,1487,6588.52,9797129
2024,10,1,2024-10,1571,832,7536.27,6270177
2024,10,1,2024-10,1572,1983,5667.12,11237899
2024,10,1,2024-10,1573,1216,4912.62,5973746
2024,10,1,2024-10,1574,1092,6638.17,7248882
2024,10,1,2024-10,1575,932,7009.87,6533199
2024,10,1,2024-10,1576,1491,6059.81,9035177
2024,10,1,2024-10,1577,1570,7573.22,11889955
2024,10,1,2024-10,1578,1084,4292.9,4653504
2024,10,1,2024-10,1579,2196,5878.88,12910020
2024,10,1,2024-10,1580,2028,6705.56,13598876
2024,10,1,2024-10,1581,1050,7260.1,7623105
2024,10,1,2024-10,1582,1124,4817.43,5414791
2024,10,1,2024-10,1583,1877,7019.51,13175620
2024,10,1,2024-10,1584,1545,6085.14,9401541
2024,10,1,2024-10,1585,2025,5511.06,11159896
2024,10,1,2024-10,1586,1014,4625.02,4689770
2024,10,1,2024-10,1587,1209,7228.93,8739776
2024,10,1,2024-10,1588,1247,4716.33,5881264
2024,10,1,2024-10,1589,825,5312.6,4382895
2024,10,1,2024-10,1590,2004,5157.96,10336552
2024,10,1,2024-10,1591,1890,7202.01,13611799
2024,10,1,2024-10,1592,1109,6502.33,7211084
2024,10,1,2024-10,1593,928,6975.38,6473153
2024,10,1,2024-10,1594,842,4991.83,4203121
2024,10,1,2024-10,1595,1142,6388.84,7296055
2024,10,1,2024-10,1596,1133,6196.96,7021156
2024,10,1,2024-10,1597,1479,7156.23,10584064
2024,10,1,2024-10,1598,1848,7418.31,13709037
2024,10,1,2024-10,1599,1197,4052.56,4850914
2024,10,1,2024-10,1600,1148,6495.5,7456834
2024,10,1,2024-10,1601,1202,4312.79,5183974
2024,10,1,2024-10,1602,1938,6033.25,11692438
2024,10,1,2024-10,1603,1783,5147.75,9178438
2024,10,1,2024-10,1604,1833,5183.92,9502125
2024,10,1,2024-10,1605,935,5365.1,5016368
2024,10,1,2024-10,1606,591,6417.74,3792884
2024,10,1,2024-10,1607,1343,5371.56,7214005
2024,10,1,2024-10,1608,2057,6741.81,13867903
2024,10,1,2024-10,1609,1365,5528.46,7546348
2024,10,1,2024-10,1610,1490,4382.45,6529850
2024,10,1,2024-10,1611,2379,6826.66,16240624
2024,10,1,2024-10,1612,1834,5174.15,9489391
2024,10,1,2024-10,1613,1975,5695.16,11247941
2024,10,1,2024-10,1614,2061,6519.54,13436772
2024,10,1,2024-10,1615,704,5371.54,3781564
2024,10,1,2024-10,1616,1936,4298.92,8322709
2024,10,1,2024-10,1617,933,5418.29,5055265
2024,10,1,2024-10,1618,2006,7505.82,15056675
2024,10,1,2024-10,1619,1427,6357.05,9071510
2024,10,1,2024-10,1620,1330,6483.75,8623388
2024,10,1,2024-10,1621,2206,6398.36,14114782
2024,10,1,2024-10,1622,1589,4814.21,7649780
2024,10,1,2024-10,1623,2008,5681.74,11408934
2024,10,1,2024-10,1624,2145,6736.53,14449857
2024,10,1,2024-10,1625,2141,4490.03,9613154
2024,10,1,2024-10,1626,1686,5161.25,8701868
2024,10,1,2024-10,1627,752,5146.47,3870145
2024,10,1,2024-10,1628,1490,5635.78,8397312
2024,10,1,2024-10,1629,1005,7708.26,7746801
2024,10,1,2024-10,1630,1820,4280.41,7790346
2024,10,1,2024-10,1631,1396,5974.78,8340793
2024,10,1,2024-10,1632,1329,4805.48,6386483
2024,10,1,2024-10,1633,948,7645.95,7248361
2024,10,1,2024-10,1634,804,4487.34,3607821
2024,10,1,2024-10,1635,1730,5571.57,9638816
2024,10,1,2024-10,1636,1468,6795.13,9975251
2024,10,1,2024-10,1637,1302,6632.51,8635528
2024,10,1,2024-10,1638,1867,5579.55,10417020
2024,10,1,2024-10,1639,1879,5283.63,9927941
2024,10,1,2024-10,1640,1089,5513.95,6004692
2024,10,1,2024-10,1641,1444,5042.13,7280836
2024,10,1,2024-10,1642,1621,4822.25,7816867
2024,10,1,2024-10,1643,906,5932.42,5374773
2024,10,1,2024-10,1644,1678,5107.2,8569882
2024,10,1,2024-10,1645,1014,5136.89,5208806
2024,10,1,2024-10,1646,582,6459.22,3759266
2024,10,1,2024-10,1647,731,7575.86,5537954
2024,10,1,2024-10,1648,1429,6306.16,9011503
2024,10,1,2024-10,1649,1764,4349.21,7672006
2024,10,1,2024-10,1650,1645,4349.71,7155273
2024,10,1,2024-10,1651,1729,7520.78,13003429
2024,10,1,2024-10,1652,1114,5060.74,5637664
2024,10,1,2024-10,1653,1045,4415.28,4613968
2024,10,1,2024-10,1654,2246,6303.33,14157279
2024,10,1,2024-10,1655,1840,6386.33,11750847
2024,10,1,2024-10,1656,1729,6367.26,11008993
2024,10,1,2024-10,1657,1987,5073.08,10080210
2024,10,1,2024-10,1658,1307,4117.14,5381102
2024,10,1,2024-10,1659,1613,7536.13,12155778
2024,10,1,2024-10,1660,1698,4990.74,8474277
2024,10,1,2024-10,1661,1594,6567.46,10468531
2024,10,1,2024-10,1662,1316,6689.4,8803250
2024,10,1,2024-10,1663,1922,6279.03,12068296
2024,10,1,2024-10,1664,832,5172.56,4303570
2024,10,1,2024-10,1665,1207,5009.97,6047034
2024,10,1,2024-10,1666,2236,6308.8,14106477
2024,10,1,2024-10,1667,810,7204.13,5835345
2024,10,1,2024-10,1668,1876,7495.35,14061277
2024,10,1,2024-10,1669,1990,4449.03,8853570
2024,10,1,2024-10,1670,1775,4716.84,8372391
2024,10,1,2024-10,1671,1946,7525.14,14643922
2024,10,1,2024-10,1672,1949,6734.43,13125404
2024,10,1,2024-10,1673,1634,7235.23,11822366
2024,10,1,2024-10,1674,1744,4854.45,8466161
2024,10,1,2024-10,1675,651,6138.16,3995942
2024,10,1,2024-10,1676,951,6649.33,6323513
2024,10,1,2024-10,1677,1945,6538.5,12717382
2024,10,1,2024-10,1678,2095,5588.83,11708599
2024,10,1,2024-10,1679,1441,4175.71,6017198
2024,10,1,2024-10,1680,970,6243.28,6055982
2024,10,1,2024-10,1681,821,5067.75,4160623
2024,10,1,2024-10,1682,2281,5778.04,13179709
2024,10,1,2024-10,1683,1614,7548.29,12182940
2024,10,1,2024-10,1684,1652,5544.66,9159778
2024,10,1,2024-10,1685,1807,7092.58,12816292
2024,10,1,2024-10,1686,1348,4769.91,6429839
2024,10,1,2024-10,1687,1892,6540.95,12375477
2024,10,1,2024-10,1688,1750,7614,13324500
2024,10,1,2024-10,1689,2170,4541.4,9854838
2024,10,1,2024-10,1690,1018,4141.8,4216352
2024,10,1,2024-10,1691,965,5607.01,5410765
2024,10,1,2024-10,1692,875,4460.2,3902675
2024,10,1,2024-10,1693,733,6838.19,5012393
2024,10,1,2024-10,1694,1294,7413.21,9592694
2024,10,1,2024-10,1695,2077,5694.6,11827684
2024,10,1,2024-10,1696,1853,5092.43,9436273
2024,10,1,2024-10,1697,797,5684.14,4530260
2024,10,1,2024-10,1698,2104,6633.3,13956463
2024,10,1,2024-10,1699,2045,4192.92,8574521
2024,10,1,2024-10,1700,927,6241.28,5785667
2024,10,1,2024-10,1701,1897,6308.17,11966598
2024,10,1,2024-10,1702,1201,6345.87,7621390
2024,10,1,2024-10,1703,1867,4951.4,9244264
2024,10,1,2024-10,1704,777,6590.79,5121044
2024,10,1,2024-10,1705,810,4424.99,3584242
2024,10,1,2024-10,1706,1227,4807.48,5898778
2024,10,1,2024-10,1707,1506,7252.08,10921632
2024,10,1,2024-10,1708,1650,6832.26,11273229
2024,10,1,2024-10,1709,920,4214.82,3877634
2024,10,1,2024-10,1710,1263,5011.61,6329663
2024,10,1,2024-10,1711,2088,4854.68,10136572
2024,10,1,2024-10,1712,2004,5038.39,10096934
2024,10,1,2024-10,1713,1017,5055.23,5141169
2024,10,1,2024-10,1714,978,4288.3,4193957
2024,10,1,2024-10,1715,1171,5709.8,6686176
2024,10,1,2024-10,1716,1332,6856.01,9132205
2024,10,1,2024-10,1717,584,6281.47,3668378
2024,10,1,2024-10,1718,1096,6620.09,7255619
2024,10,1,2024-10,1719,1213,4396.67,5333161
2024,10,1,2024-10,1720,1349,7578.29,10223113
2024,10,1,2024-10,1721,1431,7130.48,10203717
2024,10,1,2024-10,1722,1705,6967.72,11879963
2024,10,1,2024-10,1723,1115,7022.84,7830467
2024,10,1,2024-10,1724,1139,7354.96,8377299
2024,10,1,2024-10,1725,2179,6022.22,13122417
2024,10,1,2024-10,1726,1153,4869.13,5614107
2024,10,1,2024-10,1727,1095,6322.88,6923554
2024,10,1,2024-10,1728,2288,6751.14,15446608
2024,10,1,2024-10,1729,678,6753.78,4579063
2024,10,1,2024-10,1730,912,6028.42,5497919
2024,10,1,2024-10,1731,1893,4304.9,8149176
2024,10,1,2024-10,1732,1248,5463.99,6819060
2024,10,1,2024-10,1733,1003,7344.85,7366885
2024,10,1,2024-10,1734,1843,6085.36,11215318
2024,10,1,2024-10,1735,1748,6018.16,10519744
2024,10,1,2024-10,1736,1839,5061.28,9307694
2024,10,1,2024-10,1737,2005,5424.05,10875220
2024,10,1,2024-10,1738,547,7316.7,4002235
2024,10,1,2024-10,1739,975,6527.24,6364059
2024,10,1,2024-10,1740,1887,6902.1,13024263
2024,10,1,2024-10,1741,1774,5685.55,10086166
2024,10,1,2024-10,1742,1539,6422.56,9884320
2024,10,1,2024-10,1743,1146,5066.74,5806484
2024,10,1,2024-10,1744,1390,6651.95,9246210
2024,10,1,2024-10,1745,1174,5670.63,6657320
2024,10,1,2024-10,1746,1526,5748.22,8771784
2024,10,1,2024-10,1747,1715,6487.45,11125977
2024,10,1,2024-10,1748,2015,7413.07,14937336
2024,10,1,2024-10,1749,1088,4340.3,4722246
2024,10,1,2024-10,1750,1200,6994.03,8392836
2024,10,1,2024-10,1751,2279,5179.24,11803488
2024,10,1,2024-10,1752,1166,5735.33,6687395
2024,10,1,2024-10,1753,1876,4138.77,7764333
2024,10,1,2024-10,1754,1841,5227.53,9623883
2024,10,1,2024-10,1755,1922,5960.92,11456888
2024,10,1,2024-10,1756,2193,4390.45,9628257
2024,10,1,2024-10,1757,1411,5870.02,8282598
2024,10,1,2024-10,1758,1051,7456.4,7836676
2024,10,1,2024-10,1759,2014,4558.55,9180920
2024,10,1,2024-10,1760,696,6800.55,4733183
2024,10,1,2024-10,1761,1878,5579.94,10479127
2024,10,1,2024-10,1762,1015,6405.36,6501440
2024,10,1,2024-10,1763,1931,5054.42,9760085
2024,10,1,2024-10,1764,1406,4682.19,6583159
2024,10,1,2024-10,1765,1251,4667.11,5838555
2024,10,1,2024-10,1766,2047,4402.21,9011324
2024,10,1,2024-10,1767,2221,4751.68,10553481
2024,10,1,2024-10,1768,1403,6477.85,9088424
2024,10,1,2024-10,1769,804,7323.05,5887732
2024,10,1,2024-10,1770,1975,7122.21,14066365
2024,10,1,2024-10,1771,1061,6634.94,7039671
2024,10,1,2024-10,1772,1535,4529.05,6952092
2024,10,1,2024-10,1773,1290,5188.92,6693707
2024,10,1,2024-10,1774,1715,5242.79,8991385
2024,10,1,2024-10,1775,1386,4924.65,6825565
2024,10,1,2024-10,1776,693,5889.89,4081694
2024,10,1,2024-10,1777,1162,6023.3,6999075
2024,10,1,2024-10,1778,1969,5484.21,10798409
2024,10,1,2024-10,1779,1019,5333.07,5434398
2024,10,1,2024-10,1780,1087,7115.77,7734842
2024,10,1,2024-10,1781,2116,6886.5,14571834
2024,10,1,2024-10,1782,1490,5263.4,7842466
2024,10,1,2024-10,1783,1116,7412.6,8272462
2024,10,1,2024-10,1784,1039,7470.05,7761382
2024,10,1,2024-10,1785,1394,5295.29,7381634
2024,10,1,2024-10,1786,1745,5418.44,9455178
2024,10,1,2024-10,1787,1808,5939.57,10738743
2024,10,1,2024-10,1788,1529,7538.83,11526871
2024,10,1,2024-10,1789,1111,7285.87,8094602
2024,10,1,2024-10,1790,1032,4572.27,4718583
2024,10,1,2024-10,1791,2066,5597.12,11563650
2024,10,1,2024-10,1792,806,6122.22,4934509
2024,10,1,2024-10,1793,1564,5957.39,9317358
2024,10,1,2024-10,1794,1834,4805.78,8813801
2024,10,1,2024-10,1795,1633,7209.81,11773620
2024,10,1,2024-10,1796,712,6571.5,4678908
2024,10,1,2024-10,1797,1521,7091.81,10786643
2024,10,1,2024-10,1798,1043,7259.75,7571919
2024,10,1,2024-10,1799,1237,6779.25,8385932
2024,10,1,2024-10,1800,2311,5705.69,13185850
2024,10,1,2024-10,1801,1536,6295.86,9670441
2024,10,1,2024-10,1802,2308,4761.81,10990257
2024,10,1,2024-10,1803,1134,6467.49,7334134
2024,10,1,2024-10,1804,1711,4705.56,8051213
2024,10,1,2024-10,1805,1095,6575.29,7199943
2024,10,1,2024-10,1806,801,4926.01,3945734
2024,10,1,2024-10,1807,2085,4545.14,9476617
2024,10,1,2024-10,1808,1658,4655.7,7719151
2024,10,1,2024-10,1809,1548,4141.13,6410469
2024,10,1,2024-10,1810,804,6632.29,5332361
2024,10,1,2024-10,1811,1781,6745.5,12013736
2024,10,1,2024-10,1812,1800,6016.02,10828836
2024,10,1,2024-10,1813,1744,4737.8,8262723
2024,10,1,2024-10,1814,1733,4405.54,7634801
2024,10,1,2024-10,1815,1979,4163.65,8239863
2024,10,1,2024-10,1816,1655,4830.5,7994478
2024,10,1,2024-10,1817,2100,7336.59,15406839
2024,10,1,2024-10,1818,1610,5015.06,8074247
2024,10,1,2024-10,1819,2195,5433.92,11927454
2024,10,1,2024-10,1820,1435,4524.73,6492988
2024,10,1,2024-10,1821,2257,4942.48,11155177
2024,10,1,2024-10,1822,1521,5993.83,9116615
2024,10,1,2024-10,1823,654,6308.72,4125903
2024,10,1,2024-10,1824,1158,4986.84,5774761
2024,10,1,2024-10,1825,1374,4325.84,5943704
2024,10,1,2024-10,1826,1042,5588.71,5823436
2024,10,1,2024-10,1827,2200,4998.08,10995776
2024,10,1,2024-10,1828,2342,4870.56,11406852
2024,10,1,2024-10,1829,2156,7594.31,16373332
2024,10,1,2024-10,1830,1318,6321.77,8332093
2024,10,1,2024-10,1831,1694,6079.38,10298470
2024,10,1,2024-10,1832,2147,5627.39,12082006
2024,10,1,2024-10,1833,1793,5617.25,10071729
2024,10,1,2024-10,1834,1726,6015.04,10381959
2024,10,1,2024-10,1835,1447,6669.07,9650144
2024,10,1,2024-10,1836,1418,6576.79,9325888
2024,10,1,2024-10,1837,2168,4745.64,10288548
2024,10,1,2024-10,1838,1258,5949.61,7484609
2024,10,1,2024-10,1839,965,5558.08,5363547
2024,10,1,2024-10,1840,1859,7282.97,13539041
2024,10,1,2024-10,1841,1242,6407.18,7957718
2024,10,1,2024-10,1842,1692,6180.72,10457778
2024,10,1,2024-10,1843,2199,4542.59,9989155
2024,10,1,2024-10,1844,1229,6371.88,7831041
2024,10,1,2024-10,1845,1313,4488.32,5893164
2024,10,1,2024-10,1846,1736,5293.08,9188787
2024,10,1,2024-10,1847,892,4684.08,4178199
2024,10,1,2024-10,1848,1141,6571.59,7498184
2024,10,1,2024-10,1849,1060,4839.8,5130188
2024,10,1,2024-10,1850,1590,5608.76,8917928
2024,10,1,2024-10,1851,1389,7354.66,10215623
2024,10,1,2024-10,1852,1055,4878.54,5146860
2024,10,1,2024-10,1853,1606,5951.36,9557884
2024,10,1,2024-10,1854,1417,5639.46,7991115
2024,10,1,2024-10,1855,1333,4110.13,5478803
2024,10,1,2024-10,1856,1888,6963.88,13147805
2024,10,1,2024-10,1857,1496,4339.47,6491847
2024,10,1,2024-10,1858,979,5864.24,5741091
2024,10,1,2024-10,1859,1041,6095.36,6345270
2024,10,1,2024-10,1860,2105,6344.21,13354562
2024,10,1,2024-10,1861,1867,6522.94,12178329
2024,10,1,2024-10,1862,1278,5057.25,6463166
2024,10,1,2024-10,1863,1527,4223.8,6449743
2024,10,1,2024-10,1864,1415,6668.2,9435503
2024,10,1,2024-10,1865,1557,6007.51,9353693
2024,10,1,2024-10,1866,1804,7155.91,12909262
2024,10,1,2024-10,1867,1194,7055.53,8424303
2024,10,1,2024-10,1868,818,7146.3,5845673
2024,10,1,2024-10,1869,905,5880.33,5321699
2024,10,1,2024-10,1870,2094,5304.54,11107707
2024,10,1,2024-10,1871,1309,6934.92,9077810
2024,10,1,2024-10,1872,1052,5694.13,5990225
2024,10,1,2024-10,1873,1790,4732.71,8471551
2024,10,1,2024-10,1874,1318,7092.68,9348152
2024,10,1,2024-10,1875,596,7283.26,4340823
2024,10,1,2024-10,1876,1000,5796.06,5796060
2024,10,1,2024-10,1877,1922,4414.15,8483996
2024,10,1,2024-10,1878,1100,5548.24,6103064
2024,10,1,2024-10,1879,2159,7003.9,15121420
2024,10,1,2024-10,1880,1443,7282.04,10507984
2024,10,1,2024-10,1881,908,4818.79,4375461
2024,10,1,2024-10,1882,1074,4317.46,4636952
2024,10,1,2024-10,1883,2013,7214.01,14521802
2024,10,1,2024-10,1884,1488,5539.43,8242672
2024,10,1,2024-10,1885,1441,6061.36,8734420
2024,10,1,2024-10,1886,927,7541.5,6990970
2024,10,1,2024-10,1887,2195,4393.48,9643689
2024,10,1,2024-10,1888,1931,6429.71,12415770
2024,10,1,2024-10,1889,1393,4354.15,6065331
2024,10,1,2024-10,1890,897,5482.77,4918045
2024,10,1,2024-10,1891,1681,7056.43,11861859
2024,10,1,2024-10,1892,1172,5642.87,6613444
2024,10,1,2024-10,1893,1128,7643.24,8621575
2024,10,1,2024-10,1894,1579,6140.27,9695486
2024,10,1,2024-10,1895,1752,5278.15,9247319
2024,10,1,2024-10,1896,2334,4889.79,11412770
2024,10,1,2024-10,1897,1274,5347.86,6813174
2024,10,1,2024-10,1898,2159,5460.39,11788982
2024,10,1,2024-10,1899,1878,4315.88,8105223
2024,10,1,2024-10,1900,653,5424.61,3542270
2024,10,1,2024-10,1901,1648,5750.12,9476198
2024,10,1,2024-10,1902,1555,6663.64,10361960
2024,10,1,2024-10,1903,1537,6480.31,9960236
2024,10,1,2024-10,1904,816,6738.4,5498534
2024,10,1,2024-10,1905,845,4082.9,3450050
2024,10,1,2024-10,1906,1034,4939.32,5107257
2024,10,1,2024-10,1907,1595,6491.04,10353209
2024,10,1,2024-10,1908,1182,5674.37,6707105
2024,10,1,2024-10,1909,742,4125.31,3060980
2024,10,1,2024-10,1910,1790,7151.31,12800845
2024,10,1,2024-10,1911,1917,6791.62,13019536
2024,10,1,2024-10,1912,807,6135.47,4951324
2024,10,1,2024-10,1913,2078,4379.04,9099645
2024,10,1,2024-10,1914,1826,6820.66,12454525
2024,10,1,2024-10,1915,732,6230.52,4560741
2024,10,1,2024-10,1916,742,6935.63,5146237
2024,10,1,2024-10,1917,1024,6805.72,6969057
2024,10,1,2024-10,1918,1909,6977.59,13320219
2024,10,1,2024-10,1919,1000,5955.77,5955770
2024,10,1,2024-10,1920,1652,4637.51,7661167
2024,10,1,2024-10,1921,1076,6544,7041344
2024,10,1,2024-10,1922,2165,6383.63,13820559
2024,10,1,2024-10,1923,984,6767.41,6659131
2024,10,1,2024-10,1924,1302,4745.79,6179019
2024,10,1,2024-10,1925,732,4761.24,3485228
2024,10,1,2024-10,1926,1493,7225.9,10788269
2024,10,1,2024-10,1927,1759,6782.77,11930892
2024,10,1,2024-10,1928,1984,7315.38,14513714
2024,10,1,2024-10,1929,905,6833.01,6183874
2024,10,1,2024-10,1930,2095,6274.77,13145643
2024,10,1,2024-10,1931,1103,6463.57,7129318
2024,10,1,2024-10,1932,2145,7276.09,15607213
2024,10,1,2024-10,1933,1457,6152.47,8964149
2024,10,1,2024-10,1934,2107,6414.01,13514319
2024,10,1,2024-10,1935,2091,4730.47,9891413
2024,10,1,2024-10,1936,1827,5816.35,10626471
2024,10,1,2024-10,1937,2160,6647.63,14358881
2024,10,1,2024-10,1938,836,5124.46,4284049
2024,10,1,2024-10,1939,995,4789.12,4765174
2024,10,1,2024-10,1940,1162,5196.04,6037798
2024,10,1,2024-10,1941,644,5014.49,3229332
2024,10,1,2024-10,1942,1288,4818.35,6206035
2024,10,1,2024-10,1943,1839,5583.22,10267542
2024,10,1,2024-10,1944,904,7420.53,6708159
2024,10,1,2024-10,1945,1737,5860.78,10180175
2024,10,1,2024-10,1946,2090,4779.46,9989071
2024,10,1,2024-10,1947,2022,4476.62,9051726
2024,10,1,2024-10,1948,787,6636.71,5223091
2024,10,1,2024-10,1949,1149,5443.94,6255087
2024,10,1,2024-10,1950,2017,7074.8,14269872
2024,10,1,2024-10,1951,1355,6498.02,8804817
2024,10,1,2024-10,1952,1597,6917.89,11047870
2024,10,1,2024-10,1953,1569,5117.94,8030048
2024,10,1,2024-10,1954,1380,6655.92,9185170
2024,10,1,2024-10,1955,674,5136.95,3462304
2024,10,1,2024-10,1956,1721,7498.05,12904144
2024,10,1,2024-10,1957,1652,6433,10627316
2024,10,1,2024-10,1958,1481,5241.5,7762662
2024,10,1,2024-10,1959,1774,5163.31,9159712
2024,10,1,2024-10,1960,731,4765.18,3483347
2024,10,1,2024-10,1961,1714,6574.09,11267990
2024,10,1,2024-10,1962,1834,4885.21,8959475
2024,10,1,2024-10,1963,1915,6225.95,11922694
2024,10,1,2024-10,1964,932,5015.73,4674660
2024,10,1,2024-10,1965,1637,6475.02,10599608
2024,10,1,2024-10,1966,1532,7103.05,10881873
2024,10,1,2024-10,1967,2024,6874.06,13913097
2024,10,1,2024-10,1968,1380,6814.81,9404438
2024,10,1,2024-10,1969,888,4856.83,4312865
2024,10,1,2024-10,1970,1381,4348.83,6005734
2024,10,1,2024-10,1971,878,6656.54,5844442
2024,10,1,2024-10,1972,876,5428.96,4755769
2024,10,1,2024-10,1973,1739,5689.39,9893849
2024,10,1,2024-10,1974,1369,4247.65,5815033
2024,10,1,2024-10,1975,1299,5112.59,6641254
2024,10,1,2024-10,1976,2121,4192.03,8891296
2024,10,1,2024-10,1977,1182,7203.57,8514620
2024,10,1,2024-10,1978,1646,5008.51,8244007
2024,10,1,2024-10,1979,1876,6063.32,11374788
2024,10,1,2024-10,1980,1739,4298.52,7475126
2024,10,1,2024-10,1981,1377,6524.87,8984746
2024,10,1,2024-10,1982,959,5292.06,5075086
2024,10,1,2024-10,1983,1004,7300.49,7329692
2024,10,1,2024-10,1984,840,7294.28,6127195
2024,10,1,2024-10,1985,2000,5274.32,10548640
2024,10,1,2024-10,1986,1355,7418.1,10051526
2024,10,1,2024-10,1987,1679,7669.3,12876755
2024,10,1,2024-10,1988,2000,7041.82,14083640
2024,10,1,2024-10,1989,1513,7187.18,10874203
2024,10,1,2024-10,1990,818,4969.85,4065337
2024,10,1,2024-10,1991,1699,6265.22,10644609
2024,10,1,2024-10,1992,757,4291.36,3248560
2024,10,1,2024-10,1993,1170,4542.39,5314596
2024,10,1,2024-10,1994,1534,7691.92,11799405
2024,10,1,2024-10,1995,1300,5271.26,6852638
2024,10,1,2024-10,1996,1319,6874.31,9067215
2024,10,1,2024-10,1997,1933,6993,13517469
2024,10,1,2024-10,1998,2276,7141.73,16254577
2024,10,1,2024-10,1999,1061,7684.28,8153021
2024,10,1,2024-10,2000,1674,5013.89,8393252
2024,10,1,2024-10,2001,767,4263.36,3269997
2024,10,1,2024-10,2002,1887,5578.65,10526913
2024,10,1,2024-10,2003,1556,4573.39,7116195
2024,10,1,2024-10,2004,1140,4228.99,4821049
2024,10,1,2024-10,2005,1972,5358.03,10566035
2024,10,1,2024-10,2006,1843,6943.04,12796023
2024,10,1,2024-10,2007,1616,6214.16,10042083
2024,10,1,2024-10,2008,1402,5304.01,7436222
2024,10,1,2024-10,2009,1456,6527.01,9503327
2024,10,1,2024-10,2010,2054,4912.64,10090563
2024,10,1,2024-10,2011,1689,4249.48,7177372
2024,10,1,2024-10,2012,992,6846.95,6792174
2024,10,1,2024-10,2013,1417,6369.73,9025907
2024,10,1,2024-10,2014,2080,6846.91,14241573
2024,10,1,2024-10,2015,886,4232.87,3750323
2024,10,1,2024-10,2016,2029,7120.66,14447819
2024,10,1,2024-10,2017,1405,6371.71,8952253
2024,10,1,2024-10,2018,2088,6161.2,12864586
2024,10,1,2024-10,2019,1828,6372.32,11648601
2024,10,1,2024-10,2020,1170,7174.44,8394095
2024,10,1,2024-10,2021,796,6212.81,4945397
2024,10,1,2024-10,2022,1812,6209.95,11252429
2024,10,1,2024-10,2023,1651,7590.22,12531453
2024,10,1,2024-10,2024,1484,6853.46,10170535
2024,10,1,2024-10,2025,869,5721.88,4972314
2024,10,1,2024-10,2026,1507,6714.6,10118902
2024,10,1,2024-10,2027,1072,5493.79,5889343
2024,10,1,2024-10,2028,2037,4937.42,10057525
2024,10,1,2024-10,2029,1689,6254.96,10564627
2024,10,1,2024-10,2030,1333,7469.67,9957070
2024,10,1,2024-10,2031,1221,7422.37,9062714
2024,10,1,2024-10,2032,927,5400.35,5006124
2024,10,1,2024-10,2033,892,5997.89,5350118
2024,10,1,2024-10,2034,986,4889.16,4820712
2024,10,1,2024-10,2035,1743,7647.73,13329993
2024,10,1,2024-10,2036,1828,7576.22,13849330
2024,10,1,2024-10,2037,1372,6438,8832936
2024,10,1,2024-10,2038,947,6958.25,6589463
2024,10,1,2024-10,2039,1016,6631.71,6737817
2024,10,1,2024-10,2040,803,6240.24,5010913
2024,10,1,2024-10,2041,1166,4253.06,4959068
2024,10,1,2024-10,2042,809,5732.96,4637965
2024,10,1,2024-10,2043,1852,6534.75,12102357
2024,10,1,2024-10,2044,819,6591.55,5398479
2024,10,1,2024-10,2045,1669,5449.6,9095382
2024,10,1,2024-10,2046,1951,7504.76,14641787
2024,10,1,2024-10,2047,1851,4663.46,8632064
2024,10,1,2024-10,2048,620,5854.17,3629585
2024,10,1,2024-10,2049,782,6629.91,5184590
2024,10,1,2024-10,2050,1988,6581.74,13084499
2024,10,1,2024-10,2051,2051,6395.74,13117663
2024,10,1,2024-10,2052,1007,5060.72,5096145
2024,10,1,2024-10,2053,2003,4665.35,9344696
2024,10,1,2024-10,2054,1951,6423.49,12532229
2024,10,1,2024-10,2055,1050,6165.61,6473890
2024,10,1,2024-10,2056,1076,4881.75,5252763
2024,10,1,2024-10,2057,1419,6644.96,9429198
2024,10,1,2024-10,2058,2143,5709.8,12236101
2024,10,1,2024-10,2059,966,6501.01,6279976
2024,10,1,2024-10,2060,2117,7070.72,14968714
2024,10,1,2024-10,2061,1998,4736.92,9464366
2024,10,1,2024-10,2062,1567,4154.77,6510525
2024,10,1,2024-10,2063,904,6912.5,6248900
2024,10,1,2024-10,2064,1407,6279.08,8834666
2024,10,1,2024-10,2065,1575,6648.81,10471876
2024,10,1,2024-10,2066,1692,7194.62,12173297
2024,10,1,2024-10,2067,2076,6958.94,14446759
2024,10,1,2024-10,2068,1856,7553.63,14019537
2024,10,1,2024-10,2069,840,6067.3,5096532
2024,10,1,2024-10,2070,2133,5922.91,12633567
2024,10,1,2024-10,2071,1685,5575.48,9394684
2024,10,1,2024-10,2072,1332,4638.02,6177843
2024,10,1,2024-10,2073,1182,6114.29,7227091
2024,10,1,2024-10,2074,1439,5124.57,7374256
2024,10,1,2024-10,2075,1670,7444.57,12432432
2024,10,1,2024-10,2076,1886,6229.68,11749176
2024,10,1,2024-10,2077,1641,6269.92,10288939
2024,10,1,2024-10,2078,1934,5333.41,10314815
2024,10,1,2024-10,2079,1504,4282.75,6441256
2024,10,1,2024-10,2080,1964,4229.01,8305776
2024,10,1,2024-10,2081,910,5646.23,5138069
2024,10,1,2024-10,2082,1009,4437.27,4477205
2024,10,1,2024-10,2083,877,6306.14,5530485
2024,10,1,2024-10,2084,2174,7181.74,15613103
2024,11,1,2024-11,1,1810,7169.56,12976904
2024,11,1,2024-11,2,2109,4780.2,10081442
2024,11,1,2024-11,3,1571,4517.99,7097762
2024,11,1,2024-11,4,2040,4996.87,10193615
2024,11,1,2024-11,5,1662,4287.65,7126074
2024,11,1,2024-11,6,1553,5939.76,9224447
2024,11,1,2024-11,7,1661,7409.08,12306482
2024,11,1,2024-11,8,856,4219.16,3611601
2024,11,1,2024-11,9,1155,4498.4,5195652
2024,11,1,2024-11,10,1871,5731.35,10723356
2024,11,1,2024-11,11,1135,7429.11,8432040
2024,11,1,2024-11,12,2406,5168.38,12435122
2024,11,1,2024-11,13,829,5854.77,4853604
2024,11,1,2024-11,14,2253,4202.38,9467962
2024,11,1,2024-11,15,1608,4671.22,7511322
2024,11,1,2024-11,16,1549,7639.68,11833864
2024,11,1,2024-11,17,722,7440.51,5372048
2024,11,1,2024-11,18,2083,4114.32,8570129
2024,11,1,2024-11,19,1283,7595.53,9745065
2024,11,1,2024-11,20,996,6379.87,6354351
2024,11,1,2024-11,21,2030,7179.23,14573837
2024,11,1,2024-11,22,1564,5678.69,8881471
2024,11,1,2024-11,23,983,5879.68,5779725
2024,11,1,2024-11,24,1694,5840.89,9894468
2024,11,1,2024-11,25,1675,6374.03,10676500
2024,11,1,2024-11,26,1036,4551.58,4715437
2024,11,1,2024-11,27,1743,4188.73,7300956
2024,11,1,2024-11,28,1198,5232.66,6268727
2024,11,1,2024-11,29,2017,6531.22,13173471
2024,11,1,2024-11,30,687,4784.27,3286793
2024,11,1,2024-11,31,647,6516.34,4216072
2024,11,1,2024-11,32,1546,7538.33,11654258
2024,11,1,2024-11,33,1561,4476.77,6988238
2024,11,1,2024-11,34,1166,6509.85,7590485
2024,11,1,2024-11,35,1797,5631.49,10119788
2024,11,1,2024-11,36,1199,7184.81,8614587
2024,11,1,2024-11,37,2346,4679.42,10977919
2024,11,1,2024-11,38,1492,6553.17,9777330
2024,11,1,2024-11,39,1585,7084.31,11228631
2024,11,1,2024-11,40,1174,7486.95,8789679
2024,11,1,2024-11,41,1713,6532.66,11190447
2024,11,1,2024-11,42,1581,5805.54,9178559
2024,11,1,2024-11,43,1648,6201.31,10219759
2024,11,1,2024-11,44,1236,7209.79,8911300
2024,11,1,2024-11,45,1785,6026.24,10756838
2024,11,1,2024-11,46,1281,4199.05,5378983
2024,11,1,2024-11,47,1822,7365.33,13419631
2024,11,1,2024-11,48,1266,6544.03,8284742
2024,11,1,2024-11,49,722,6491.78,4687065
2024,11,1,2024-11,50,1420,4866.38,6910260
2024,11,1,2024-11,51,908,6435.79,5843697
2024,11,1,2024-11,52,2073,5519.42,11441758
2024,11,1,2024-11,53,1253,6419.62,8043784
2024,11,1,2024-11,54,1544,4513.16,6968319
2024,11,1,2024-11,55,1063,6409.47,6813267
2024,11,1,2024-11,56,910,7602.91,6918648
2024,11,1,2024-11,57,950,4266.31,4052995
2024,11,1,2024-11,58,1471,7567.98,11132499
2024,11,1,2024-11,59,1919,5552.33,10654921
2024,11,1,2024-11,60,1235,7189.36,8878860
2024,11,1,2024-11,61,1522,6922.78,10536471
2024,11,1,2024-11,62,1917,6128.62,11748565
2024,11,1,2024-11,63,560,6665.05,3732428
2024,11,1,2024-11,64,2056,7201.69,14806675
2024,11,1,2024-11,65,1486,5533.03,8222083
2024,11,1,2024-11,66,2130,5232.22,11144629
2024,11,1,2024-11,67,2216,6439.02,14268868
2024,11,1,2024-11,68,1060,7025.16,7446670
2024,11,1,2024-11,69,1289,6838.94,8815394
2024,11,1,2024-11,70,529,6898.61,3649365
2024,11,1,2024-11,71,781,5678.53,4434932
2024,11,1,2024-11,72,1694,7039.29,11924557
2024,11,1,2024-11,73,1920,4538.6,8714112
2024,11,1,2024-11,74,1803,5958.68,10743500
2024,11,1,2024-11,75,1753,4110.43,7205584
2024,11,1,2024-11,76,1898,5197.75,9865330
2024,11,1,2024-11,77,1098,5382.71,5910216
2024,11,1,2024-11,78,1896,5548.58,10520108
2024,11,1,2024-11,79,2012,6548.87,13176326
2024,11,1,2024-11,80,1248,5463.58,6818548
2024,11,1,2024-11,81,1034,5621.84,5812983
2024,11,1,2024-11,82,1299,4937.54,6413864
2024,11,1,2024-11,83,1068,5479.09,5851668
2024,11,1,2024-11,84,911,4988.09,4544150
2024,11,1,2024-11,85,1692,4385.65,7420520
2024,11,1,2024-11,86,920,6219.22,5721682
2024,11,1,2024-11,87,1581,6490.64,10261702
2024,11,1,2024-11,88,1995,6274.53,12517687
2024,11,1,2024-11,89,1055,5745.65,6061661
2024,11,1,2024-11,90,1957,5462.79,10690680
2024,11,1,2024-11,91,1866,7104.44,13256885
2024,11,1,2024-11,92,1640,5971.4,9793096
2024,11,1,2024-11,93,1009,5813.67,5865993
2024,11,1,2024-11,94,1492,4141.08,6178491
2024,11,1,2024-11,95,994,5212.11,5180837
2024,11,1,2024-11,96,1551,5450.19,8453245
2024,11,1,2024-11,97,1597,5539.05,8845863
2024,11,1,2024-11,98,1350,6140.29,8289392
2024,11,1,2024-11,99,655,5974.23,3913121
2024,11,1,2024-11,100,1351,6279.44,8483523
2024,11,1,2024-11,101,882,6786.14,5985375
2024,11,1,2024-11,102,1116,7017.5,7831530
2024,11,1,2024-11,103,1070,6635.4,7099878
2024,11,1,2024-11,104,1857,7505.92,13938493
2024,11,1,2024-11,105,2022,4163.4,8418395
2024,11,1,2024-11,106,772,4852.61,3746215
2024,11,1,2024-11,107,862,4122.48,3553578
2024,11,1,2024-11,108,1069,6354.71,6793185
2024,11,1,2024-11,109,1862,7266.43,13530093
2024,11,1,2024-11,110,1928,4928.64,9502418
2024,11,1,2024-11,111,1473,7417.2,10925536
2024,11,1,2024-11,112,2364,4295.72,10155082
2024,11,1,2024-11,113,1550,7419.95,11500922
2024,11,1,2024-11,114,1834,5392.41,9889680
2024,11,1,2024-11,115,1116,4484.86,5005104
2024,11,1,2024-11,116,1028,5805.47,5968023
2024,11,1,2024-11,117,1178,5077.72,5981554
2024,11,1,2024-11,118,990,5202.05,5150030
2024,11,1,2024-11,119,860,5142.6,4422636
2024,11,1,2024-11,120,864,6927.08,5984997
2024,11,1,2024-11,121,1618,5960.04,9643345
2024,11,1,2024-11,122,805,5258.35,4232972
2024,11,1,2024-11,123,1628,6224.39,10133307
2024,11,1,2024-11,124,809,6618.27,5354180
2024,11,1,2024-11,125,818,5164.53,4224586
2024,11,1,2024-11,126,1654,5602.94,9267263
2024,11,1,2024-11,127,1676,4506.57,7553011
2024,11,1,2024-11,128,1706,4728.69,8067145
2024,11,1,2024-11,129,1692,6436.01,10889729
2024,11,1,2024-11,130,1160,4728.2,5484712
2024,11,1,2024-11,131,1327,5969.07,7920956
2024,11,1,2024-11,132,1537,6567.03,10093525
2024,11,1,2024-11,133,791,4474.94,3539678
2024,11,1,2024-11,134,1427,6201.57,8849640
2024,11,1,2024-11,135,1456,5065.6,7375514
2024,11,1,2024-11,136,1704,7593.11,12938659
2024,11,1,2024-11,137,1355,5796.82,7854691
2024,11,1,2024-11,138,2036,6944.14,14138269
2024,11,1,2024-11,139,1147,6074.52,6967474
2024,11,1,2024-11,140,1776,4214.01,7484082
2024,11,1,2024-11,141,1952,6376.27,12446479
2024,11,1,2024-11,142,1096,7524.74,8247115
2024,11,1,2024-11,143,1346,6330.34,8520638
2024,11,1,2024-11,144,1117,6949.68,7762793
2024,11,1,2024-11,145,1594,7288.37,11617662
2024,11,1,2024-11,146,1276,4876.11,6221916
2024,11,1,2024-11,147,1055,4908.76,5178742
2024,11,1,2024-11,148,847,6281.76,5320651
2024,11,1,2024-11,149,1671,5557.77,9287034
2024,11,1,2024-11,150,1424,7125.78,10147111
2024,11,1,2024-11,151,2070,7341.71,15197340
2024,11,1,2024-11,152,1488,5328.82,7929284
2024,11,1,2024-11,153,1180,4933.95,5822061
2024,11,1,2024-11,154,2057,6844.07,14078252
2024,11,1,2024-11,155,1214,5071.53,6156837
2024,11,1,2024-11,156,1615,7063.53,11407601
2024,11,1,2024-11,157,628,5666.21,3558380
2024,11,1,2024-11,158,1173,6385.02,7489628
2024,11,1,2024-11,159,1896,4476.21,8486894
2024,11,1,2024-11,160,973,6345.52,6174191
2024,11,1,2024-11,161,1507,5643.87,8505312
2024,11,1,2024-11,162,1781,6107,10876567
2024,11,1,2024-11,163,927,4684.17,4342226
2024,11,1,2024-11,164,1652,6711.59,11087547
2024,11,1,2024-11,165,1146,7167.24,8213657
2024,11,1,2024-11,166,1834,4926.31,9034853
2024,11,1,2024-11,167,2147,4357.12,9354737
2024,11,1,2024-11,168,1815,4117.35,7472990
2024,11,1,2024-11,169,1441,6314.43,9099094
2024,11,1,2024-11,170,1437,6303.94,9058762
2024,11,1,2024-11,171,1263,6067.41,7663139
2024,11,1,2024-11,172,1691,4918.88,8317826
2024,11,1,2024-11,173,1069,5456.21,5832688
2024,11,1,2024-11,174,1210,6197.21,7498624
2024,11,1,2024-11,175,1806,5840.2,10547401
2024,11,1,2024-11,176,2022,7639.1,15446260
2024,11,1,2024-11,177,2146,4656.77,9993428
2024,11,1,2024-11,178,1851,6516.51,12062060
2024,11,1,2024-11,179,2204,5507.91,12139434
2024,11,1,2024-11,180,1976,5602.13,11069809
2024,11,1,2024-11,181,769,6530.54,5021985
2024,11,1,2024-11,182,1787,6595.62,11786373
2024,11,1,2024-11,183,1952,7626.99,14887884
2024,11,1,2024-11,184,1983,4559.51,9041508
2024,11,1,2024-11,185,1914,4428.44,8476034
2024,11,1,2024-11,186,1218,6687.98,8145960
2024,11,1,2024-11,187,1325,6142.39,8138667
2024,11,1,2024-11,188,1618,5065.48,8195947
2024,11,1,2024-11,189,1799,4416.32,7944960
2024,11,1,2024-11,190,2116,4405.59,9322228
2024,11,1,2024-11,191,1228,7209.36,8853094
2024,11,1,2024-11,192,2106,4764.36,10033742
2024,11,1,2024-11,193,1979,5291.95,10472769
2024,11,1,2024-11,194,1226,4883.7,5987416
2024,11,1,2024-11,195,913,5385.09,4916587
2024,11,1,2024-11,196,1859,4400.46,8180455
2024,11,1,2024-11,197,1896,5976.43,11331311
2024,11,1,2024-11,198,1339,4347.52,5821329
2024,11,1,2024-11,199,1448,6951.36,10065569
2024,11,1,2024-11,200,1941,4907.78,9526001
2024,11,1,2024-11,201,1817,6007.12,10914937
2024,11,1,2024-11,202,1793,7288.84,13068890
2024,11,1,2024-11,203,1931,6438.12,12432010
2024,11,1,2024-11,204,1176,5979.69,7032115
2024,11,1,2024-11,205,1126,5228.87,5887708
2024,11,1,2024-11,206,1913,5276.21,10093390
2024,11,1,2024-11,207,1836,6488.91,11913639
2024,11,1,2024-11,208,1973,7617.61,15029545
2024,11,1,2024-11,209,1706,6394.58,10909153
2024,11,1,2024-11,210,1704,6099.23,10393088
2024,11,1,2024-11,211,1747,6674.36,11660107
2024,11,1,2024-11,212,1227,5717.09,7014869
2024,11,1,2024-11,213,597,4278.27,2554127
2024,11,1,2024-11,214,755,6061.86,4576704
2024,11,1,2024-11,215,1283,7536.4,9669201
2024,11,1,2024-11,216,757,4751.86,3597158
2024,11,1,2024-11,217,1633,6580.12,10745336
2024,11,1,2024-11,218,2002,4811.09,9631802
2024,11,1,2024-11,219,980,5939.83,5821033
2024,11,1,2024-11,220,1948,4451.6,8671717
2024,11,1,2024-11,221,1992,5780.62,11514995
2024,11,1,2024-11,222,1813,6775.34,12283691
2024,11,1,2024-11,223,1371,5252.35,7200972
2024,11,1,2024-11,224,1957,6490.56,12702026
2024,11,1,2024-11,225,953,6844.18,6522504
2024,11,1,2024-11,226,1371,7351.68,10079153
2024,11,1,2024-11,227,2203,4909.76,10816201
2024,11,1,2024-11,228,917,5559.23,5097814
2024,11,1,2024-11,229,1786,4634.78,8277717
2024,11,1,2024-11,230,837,7600.79,6361861
2024,11,1,2024-11,231,998,7367.76,7353024
2024,11,1,2024-11,232,1547,5962.72,9224328
2024,11,1,2024-11,233,890,7066.57,6289247
2024,11,1,2024-11,234,1017,5934.08,6034959
2024,11,1,2024-11,235,1855,6313.12,11710838
2024,11,1,2024-11,236,755,4429.42,3344212
2024,11,1,2024-11,237,1478,6789.16,10034378
2024,11,1,2024-11,238,1419,4485.81,6365364
2024,11,1,2024-11,239,857,6942.26,5949517
2024,11,1,2024-11,240,1162,6847.63,7956946
2024,11,1,2024-11,241,1876,6706.14,12580719
2024,11,1,2024-11,242,1715,4197.36,7198472
2024,11,1,2024-11,243,656,5173.68,3393934
2024,11,1,2024-11,244,2045,4959.58,10142341
2024,11,1,2024-11,245,1118,5344.09,5974693
2024,11,1,2024-11,246,1909,4424.57,8446504
2024,11,1,2024-11,247,1212,7453.25,9033339
2024,11,1,2024-11,248,1377,6061.77,8347057
2024,11,1,2024-11,249,1600,5192.39,8307824
2024,11,1,2024-11,250,884,5559.43,4914536
2024,11,1,2024-11,251,1953,5687.92,11108508
2024,11,1,2024-11,252,934,6302.53,5886563
2024,11,1,2024-11,253,1905,5941.93,11319377
2024,11,1,2024-11,254,1482,7337.77,10874575
2024,11,1,2024-11,255,1276,5822.67,7429727
2024,11,1,2024-11,256,1565,7611.15,11911450
2024,11,1,2024-11,257,1162,7118.71,8271941
2024,11,1,2024-11,258,1023,4871.69,4983739
2024,11,1,2024-11,259,1554,7463.99,11599040
2024,11,1,2024-11,260,1462,4488.54,6562245
2024,11,1,2024-11,261,1001,7024.47,7031494
2024,11,1,2024-11,262,888,5452.61,4841918
2024,11,1,2024-11,263,2073,7211.03,14948465
2024,11,1,2024-11,264,1829,7201.36,13171287
2024,11,1,2024-11,265,956,6987.87,6680404
2024,11,1,2024-11,266,745,6998.61,5213964
2024,11,1,2024-11,267,1156,5248.04,6066734
2024,11,1,2024-11,268,1181,4430.83,5232810
2024,11,1,2024-11,269,1603,5512.06,8835832
2024,11,1,2024-11,270,1555,4653.99,7236954
2024,11,1,2024-11,271,444,6585.78,2924086
2024,11,1,2024-11,272,1678,5239.08,8791176
2024,11,1,2024-11,273,2127,7563.22,16086969
2024,11,1,2024-11,274,990,6394.39,6330446
2024,11,1,2024-11,275,1125,6973.79,7845514
2024,11,1,2024-11,276,1797,4569.86,8212038
2024,11,1,2024-11,277,1878,7199.81,13521243
2024,11,1,2024-11,278,1780,7375.27,13127981
2024,11,1,2024-11,279,873,5826.2,5086273
2024,11,1,2024-11,280,1908,6281.71,11985503
2024,11,1,2024-11,281,1754,6892.15,12088831
2024,11,1,2024-11,282,1454,4718.05,6860045
2024,11,1,2024-11,283,719,5908.72,4248370
2024,11,1,2024-11,284,1831,5493.87,10059276
2024,11,1,2024-11,285,867,4637.27,4020513
2024,11,1,2024-11,286,950,5428.27,5156856
2024,11,1,2024-11,287,862,4349.08,3748907
2024,11,1,2024-11,288,1705,4253.14,7251604
2024,11,1,2024-11,289,1158,4554.22,5273787
2024,11,1,2024-11,290,1351,7524.67,10165829
2024,11,1,2024-11,291,1927,6110.36,11774664
2024,11,1,2024-11,292,2004,7519.38,15068838
2024,11,1,2024-11,293,630,5664.69,3568755
2024,11,1,2024-11,294,952,5280.17,5026722
2024,11,1,2024-11,295,1961,5927.37,11623573
2024,11,1,2024-11,296,1823,5673.3,10342426
2024,11,1,2024-11,297,1148,4453.84,5113008
2024,11,1,2024-11,298,2236,6424.61,14365428
2024,11,1,2024-11,299,750,4809.93,3607448
2024,11,1,2024-11,300,982,6231.54,6119372
2024,11,1,2024-11,301,1686,6365.5,10732233
2024,11,1,2024-11,302,1437,4628.13,6650623
2024,11,1,2024-11,303,942,4250.42,4003896
2024,11,1,2024-11,304,1449,6972.38,10102979
2024,11,1,2024-11,305,1726,5689.02,9819249
2024,11,1,2024-11,306,1741,4332.35,7542621
2024,11,1,2024-11,307,900,7605.09,6844581
2024,11,1,2024-11,308,1419,4289.3,6086517
2024,11,1,2024-11,309,1101,6569.59,7233119
2024,11,1,2024-11,310,1904,7548.28,14371925
2024,11,1,2024-11,311,1580,4938.33,7802561
2024,11,1,2024-11,312,2053,4656.24,9559261
2024,11,1,2024-11,313,1576,4510.13,7107965
2024,11,1,2024-11,314,1722,5177.77,8916120
2024,11,1,2024-11,315,1201,4459.39,5355727
2024,11,1,2024-11,316,1270,6572.93,8347621
2024,11,1,2024-11,317,1756,4226.81,7422278
2024,11,1,2024-11,318,1320,5938.05,7838226
2024,11,1,2024-11,319,937,7668.19,7185094
2024,11,1,2024-11,320,1479,6993.38,10343209
2024,11,1,2024-11,321,1249,6342.19,7921395
2024,11,1,2024-11,322,2182,5226.77,11404812
2024,11,1,2024-11,323,1537,6330.09,9729348
2024,11,1,2024-11,324,1546,5944.82,9190692
2024,11,1,2024-11,325,624,5595.42,3491542
2024,11,1,2024-11,326,902,4545.99,4100483
2024,11,1,2024-11,327,2049,7277.25,14911085
2024,11,1,2024-11,328,1293,5689.32,7356291
2024,11,1,2024-11,329,1189,4790.19,5695536
2024,11,1,2024-11,330,1922,5343.62,10270438
2024,11,1,2024-11,331,806,5600.38,4513906
2024,11,1,2024-11,332,1042,7093.84,7391781
2024,11,1,2024-11,333,2008,6686.95,13427396
2024,11,1,2024-11,334,1331,6810.94,9065361
2024,11,1,2024-11,335,991,4093.86,4057015
2024,11,1,2024-11,336,1479,5655.21,8364056
2024,11,1,2024-11,337,1579,5839.11,9219955
2024,11,1,2024-11,338,998,4150.33,4142029
2024,11,1,2024-11,339,1851,4983.97,9225328
2024,11,1,2024-11,340,1464,6752.59,9885792
2024,11,1,2024-11,341,1479,4609.01,6816726
2024,11,1,2024-11,342,1291,5983.17,7724272
2024,11,1,2024-11,343,1786,4872.31,8701946
2024,11,1,2024-11,344,1644,4189.27,6887160
2024,11,1,2024-11,345,649,4899.04,3179477
2024,11,1,2024-11,346,1856,7540.05,13994333
2024,11,1,2024-11,347,1858,6969.4,12949145
2024,11,1,2024-11,348,943,7500.82,7073273
2024,11,1,2024-11,349,1145,5818.3,6661954
2024,11,1,2024-11,350,1766,4512.56,7969181
2024,11,1,2024-11,351,1935,6073.78,11752764
2024,11,1,2024-11,352,961,5690.61,5468676
2024,11,1,2024-11,353,857,7074.37,6062735
2024,11,1,2024-11,354,1605,4430.58,7111081
2024,11,1,2024-11,355,902,5877.67,5301658
2024,11,1,2024-11,356,2029,4545.91,9223651
2024,11,1,2024-11,357,1170,5237.83,6128261
2024,11,1,2024-11,358,898,6745.03,6057037
2024,11,1,2024-11,359,736,5755.71,4236203
2024,11,1,2024-11,360,1203,5363.79,6452639
2024,11,1,2024-11,361,1580,5443.87,8601315
2024,11,1,2024-11,362,1409,5739.85,8087449
2024,11,1,2024-11,363,1718,6882.97,11824942
2024,11,1,2024-11,364,1854,7184.01,13319155
2024,11,1,2024-11,365,858,7472.87,6411722
2024,11,1,2024-11,366,1038,6950.94,7215076
2024,11,1,2024-11,367,1785,5206.9,9294316
2024,11,1,2024-11,368,1714,6566.75,11255410
2024,11,1,2024-11,369,1842,5641.82,10392232
2024,11,1,2024-11,370,1929,5029.3,9701520
2024,11,1,2024-11,371,2021,7112.73,14374827
2024,11,1,2024-11,372,703,4221.29,2967567
2024,11,1,2024-11,373,692,7263.91,5026626
2024,11,1,2024-11,374,1231,5751.08,7079579
2024,11,1,2024-11,375,1334,6296.68,8399771
2024,11,1,2024-11,376,2178,6460.23,14070381
2024,11,1,2024-11,377,1378,7319.43,10086175
2024,11,1,2024-11,378,1366,6334.7,8653200
2024,11,1,2024-11,379,1977,6223.68,12304215
2024,11,1,2024-11,380,1607,4365.64,7015583
2024,11,1,2024-11,381,1726,5935.05,10243896
2024,11,1,2024-11,382,978,4611.69,4510233
2024,11,1,2024-11,383,918,6725.07,6173614
2024,11,1,2024-11,384,2146,5891.6,12643374
2024,11,1,2024-11,385,1414,6442.52,9109723
2024,11,1,2024-11,386,1849,4206.7,7778188
2024,11,1,2024-11,387,2144,4386.95,9405621
2024,11,1,2024-11,388,806,6642.57,5353911
2024,11,1,2024-11,389,1664,4261.47,7091086
2024,11,1,2024-11,390,1766,4325.69,7639169
2024,11,1,2024-11,391,2122,4200.61,8913694
2024,11,1,2024-11,392,1502,7501.28,11266923
2024,11,1,2024-11,393,1176,6756.32,7945432
2024,11,1,2024-11,394,1671,5370.77,8974557
2024,11,1,2024-11,395,1105,5113.22,5650108
2024,11,1,2024-11,396,1013,5304.38,5373337
2024,11,1,2024-11,397,1490,6867.77,10232977
2024,11,1,2024-11,398,1565,6420.65,10048317
2024,11,1,2024-11,399,650,4796.25,3117562
2024,11,1,2024-11,400,1411,4691.2,6619283
2024,11,1,2024-11,401,568,4471.85,2540011
2024,11,1,2024-11,402,1162,6458.56,7504847
2024,11,1,2024-11,403,1005,6834.51,6868683
2024,11,1,2024-11,404,888,5002.2,4441954
2024,11,1,2024-11,405,1384,4206.63,5821976
2024,11,1,2024-11,406,1893,4481.69,8483839
2024,11,1,2024-11,407,1054,7497.75,7902628
2024,11,1,2024-11,408,1887,5180.62,9775830
2024,11,1,2024-11,409,1910,6830.51,13046274
2024,11,1,2024-11,410,2018,6277.87,12668742
2024,11,1,2024-11,411,1433,5399.5,7737484
2024,11,1,2024-11,412,1542,4778.99,7369203
2024,11,1,2024-11,413,1556,4483.79,6976777
2024,11,1,2024-11,414,771,6227.29,4801241
2024,11,1,2024-11,415,1082,6899.23,7464967
2024,11,1,2024-11,416,1932,6382.36,12330720
2024,11,1,2024-11,417,1928,5995.63,11559575
2024,11,1,2024-11,418,863,4181.09,3608281
2024,11,1,2024-11,419,1034,7596.05,7854316
2024,11,1,2024-11,420,1423,6911.71,9835363
2024,11,1,2024-11,421,2100,5187.29,10893309
2024,11,1,2024-11,422,1104,7603.14,8393867
2024,11,1,2024-11,423,1437,6189.67,8894556
2024,11,1,2024-11,424,1432,6179.64,8849244
2024,11,1,2024-11,425,1773,6753.42,11973814
2024,11,1,2024-11,426,1736,6938.62,12045444
2024,11,1,2024-11,427,827,6379.63,5275954
2024,11,1,2024-11,428,1295,4577.56,5927940
2024,11,1,2024-11,429,1801,5345.57,9627372
2024,11,1,2024-11,430,809,7350.73,5946741
2024,11,1,2024-11,431,1609,4890.24,7868396
2024,11,1,2024-11,432,1708,5345.85,9130712
2024,11,1,2024-11,433,521,5663.98,2950934
2024,11,1,2024-11,434,1927,5655.91,10898939
2024,11,1,2024-11,435,1823,6212.32,11325059
2024,11,1,2024-11,436,1516,7431.02,11265426
2024,11,1,2024-11,437,1429,4918.23,7028151
2024,11,1,2024-11,438,1897,4478.42,8495563
2024,11,1,2024-11,439,1811,4831.23,8749358
2024,11,1,2024-11,440,2176,7212.81,15695075
2024,11,1,2024-11,441,619,6465.14,4001922
2024,11,1,2024-11,442,1520,5143.03,7817406
2024,11,1,2024-11,443,1247,6982.38,8707028
2024,11,1,2024-11,444,1755,7262.33,12745389
2024,11,1,2024-11,445,1330,7089.9,9429567
2024,11,1,2024-11,446,914,7302.59,6674567
2024,11,1,2024-11,447,919,5028.76,4621430
2024,11,1,2024-11,448,1414,6741.02,9531802
2024,11,1,2024-11,449,1859,5784.11,10752660
2024,11,1,2024-11,450,1322,7027.87,9290844
2024,11,1,2024-11,451,826,6646.67,5490149
2024,11,1,2024-11,452,1724,6831.96,11778299
2024,11,1,2024-11,453,1637,6452.24,10562317
2024,11,1,2024-11,454,1886,4695.09,8854940
2024,11,1,2024-11,455,1308,6005.24,7854854
2024,11,1,2024-11,456,2310,7629.53,17624214
2024,11,1,2024-11,457,805,7483.76,6024427
2024,11,1,2024-11,458,1360,4224.05,5744708
2024,11,1,2024-11,459,1879,4626.91,8693964
2024,11,1,2024-11,460,2025,4618.97,9353414
2024,11,1,2024-11,461,1697,6669.28,11317768
2024,11,1,2024-11,462,1803,7022.59,12661730
2024,11,1,2024-11,463,1220,4824.42,5885792
2024,11,1,2024-11,464,953,5872.42,5596416
2024,11,1,2024-11,465,1492,7064.36,10540025
2024,11,1,2024-11,466,1761,6737.78,11865231
2024,11,1,2024-11,467,1732,6073.19,10518765
2024,11,1,2024-11,468,1248,6168.4,7698163
2024,11,1,2024-11,469,1221,5881.07,7180786
2024,11,1,2024-11,470,1665,5201.13,8659881
2024,11,1,2024-11,471,1572,6186.5,9725178
2024,11,1,2024-11,472,1948,6569.07,12796548
2024,11,1,2024-11,473,1833,7217.77,13230172
2024,11,1,2024-11,474,1442,6442.3,9289797
2024,11,1,2024-11,475,1915,6812.54,13046014
2024,11,1,2024-11,476,887,4666.04,4138777
2024,11,1,2024-11,477,1257,5710.56,7178174
2024,11,1,2024-11,478,1608,4148.01,6670000
2024,11,1,2024-11,479,845,4936.17,4171064
2024,11,1,2024-11,480,1735,6658.75,11552931
2024,11,1,2024-11,481,1013,7613.11,7712080
2024,11,1,2024-11,482,2179,4463.53,9726032
2024,11,1,2024-11,483,1782,5504.07,9808253
2024,11,1,2024-11,484,1766,6980.85,12328181
2024,11,1,2024-11,485,1098,4768.57,5235890
2024,11,1,2024-11,486,1948,6050.57,11786510
2024,11,1,2024-11,487,1810,6706.59,12138928
2024,11,1,2024-11,488,1660,6291.66,10444156
2024,11,1,2024-11,489,1782,4788.06,8532323
2024,11,1,2024-11,490,1407,5312.09,7474111
2024,11,1,2024-11,491,664,6884.95,4571607
2024,11,1,2024-11,492,1568,6019.34,9438325
2024,11,1,2024-11,493,1753,4130.83,7241345
2024,11,1,2024-11,494,1360,6780.57,9221575
2024,11,1,2024-11,495,1641,4246.45,6968424
2024,11,1,2024-11,496,1586,6747.42,10701408
2024,11,1,2024-11,497,832,4811.84,4003451
2024,11,1,2024-11,498,1162,7624.36,8859506
2024,11,1,2024-11,499,1403,5442.66,7636052
2024,11,1,2024-11,500,829,5281.78,4378596
2024,11,1,2024-11,501,1137,4615.57,5247903
2024,11,1,2024-11,502,2132,5159,10998988
2024,11,1,2024-11,503,1997,7192.92,14364261
2024,11,1,2024-11,504,1109,7704.24,8544002
2024,11,1,2024-11,505,625,5371.81,3357381
2024,11,1,2024-11,506,1297,5711.26,7407504
2024,11,1,2024-11,507,1896,6637.2,12584131
2024,11,1,2024-11,508,1506,7209.89,10858094
2024,11,1,2024-11,509,2107,6183.68,13029014
2024,11,1,2024-11,510,1945,5514.33,10725372
2024,11,1,2024-11,511,1474,5605.5,8262507
2024,11,1,2024-11,512,1047,6578.67,6887867
2024,11,1,2024-11,513,1483,4090.07,6065574
2024,11,1,2024-11,514,1714,6322.65,10837022
2024,11,1,2024-11,515,2096,5346.34,11205929
2024,11,1,2024-11,516,1219,6903.88,8415830
2024,11,1,2024-11,517,1750,4376.41,7658718
2024,11,1,2024-11,518,1403,6234.31,8746737
2024,11,1,2024-11,519,1074,5778.66,6206281
2024,11,1,2024-11,520,936,6335.56,5930084
2024,11,1,2024-11,521,1116,4306.66,4806233
2024,11,1,2024-11,522,1464,6195.66,9070446
2024,11,1,2024-11,523,915,6122.59,5602170
2024,11,1,2024-11,524,2267,6078.59,13780164
2024,11,1,2024-11,525,1500,6219.8,9329700
2024,11,1,2024-11,526,1197,6600.36,7900631
2024,11,1,2024-11,527,1216,6925.33,8421201
2024,11,1,2024-11,528,1779,5049.06,8982278
2024,11,1,2024-11,529,1638,7002.21,11469620
2024,11,1,2024-11,530,1893,5903.34,11175023
2024,11,1,2024-11,531,1925,4400.16,8470308
2024,11,1,2024-11,532,2020,4247.59,8580132
2024,11,1,2024-11,533,1643,5288.2,8688513
2024,11,1,2024-11,534,1738,6782.46,11787915
2024,11,1,2024-11,535,971,6617.76,6425845
2024,11,1,2024-11,536,1045,6777.36,7082341
2024,11,1,2024-11,537,471,5947.12,2801094
2024,11,1,2024-11,538,2066,5643.25,11658954
2024,11,1,2024-11,539,1800,4548,8186400
2024,11,1,2024-11,540,1283,5280.77,6775228
2024,11,1,2024-11,541,1534,5636.65,8646621
2024,11,1,2024-11,542,735,4359.61,3204313
2024,11,1,2024-11,543,1339,4904.88,6567634
2024,11,1,2024-11,544,1528,6217.13,9499775
2024,11,1,2024-11,545,670,6729.66,4508872
2024,11,1,2024-11,546,1513,7635.07,11551861
2024,11,1,2024-11,547,1434,7409.39,10625065
2024,11,1,2024-11,548,1789,6448.88,11537046
2024,11,1,2024-11,549,1689,5562.52,9395096
2024,11,1,2024-11,550,1245,6368.64,7928957
2024,11,1,2024-11,551,810,6902.88,5591333
2024,11,1,2024-11,552,997,4454.25,4440887
2024,11,1,2024-11,553,2041,5561.41,11350838
2024,11,1,2024-11,554,1510,7010.97,10586565
2024,11,1,2024-11,555,1819,5545.8,10087810
2024,11,1,2024-11,556,1023,6189.62,6331981
2024,11,1,2024-11,557,2228,6094.26,13578011
2024,11,1,2024-11,558,2023,4792.88,9695996
2024,11,1,2024-11,559,1539,5381.05,8281436
2024,11,1,2024-11,560,1849,5211.58,9636211
2024,11,1,2024-11,561,1716,4096.24,7029148
2024,11,1,2024-11,562,1587,4167.79,6614283
2024,11,1,2024-11,563,1514,7128.11,10791959
2024,11,1,2024-11,564,2188,5164.81,11300604
2024,11,1,2024-11,565,1249,5946.41,7427066
2024,11,1,2024-11,566,1693,5105.01,8642782
2024,11,1,2024-11,567,797,7525.7,5997983
2024,11,1,2024-11,568,1462,4967.38,7262310
2024,11,1,2024-11,569,1822,5602.45,10207664
2024,11,1,2024-11,570,1772,7230.68,12812765
2024,11,1,2024-11,571,1812,7149.42,12954749
2024,11,1,2024-11,572,757,4696.45,3555213
2024,11,1,2024-11,573,1312,6948.77,9116786
2024,11,1,2024-11,574,2005,5748.88,11526504
2024,11,1,2024-11,575,669,5699.54,3812992
2024,11,1,2024-11,576,2197,4476.43,9834717
2024,11,1,2024-11,577,952,4297.15,4090887
2024,11,1,2024-11,578,807,6694.76,5402671
2024,11,1,2024-11,579,1483,5883.09,8724622
2024,11,1,2024-11,580,1195,5697.6,6808632
2024,11,1,2024-11,581,1956,6703.34,13111733
2024,11,1,2024-11,582,792,6923.47,5483388
2024,11,1,2024-11,583,1561,4679.14,7304138
2024,11,1,2024-11,584,1315,6322.86,8314561
2024,11,1,2024-11,585,1992,4609.56,9182244
2024,11,1,2024-11,586,974,6778.91,6602658
2024,11,1,2024-11,587,1267,6501.81,8237793
2024,11,1,2024-11,588,1776,7529.7,13372747
2024,11,1,2024-11,589,785,4303.06,3377902
2024,11,1,2024-11,590,966,4295.8,4149743
2024,11,1,2024-11,591,1151,5076.41,5842948
2024,11,1,2024-11,592,1989,4982.98,9911147
2024,11,1,2024-11,593,646,4934.41,3187629
2024,11,1,2024-11,594,1052,7347.96,7730054
2024,11,1,2024-11,595,1313,4912.23,6449758
2024,11,1,2024-11,596,1464,5066.73,7417693
2024,11,1,2024-11,597,1460,6772.14,9887324
2024,11,1,2024-11,598,1801,5644.18,10165168
2024,11,1,2024-11,599,1411,6853.01,9669597
2024,11,1,2024-11,600,1892,4323.08,8179267
2024,11,1,2024-11,601,910,5916.23,5383769
2024,11,1,2024-11,602,1664,4156.86,6917015
2024,11,1,2024-11,603,1810,4320.7,7820467
2024,11,1,2024-11,604,1757,7341.23,12898541
2024,11,1,2024-11,605,1021,4576.07,4672167
2024,11,1,2024-11,606,2175,6049.38,13157402
2024,11,1,2024-11,607,1706,5562.71,9489983
2024,11,1,2024-11,608,1542,5363.16,8269993
2024,11,1,2024-11,609,2220,7268.43,16135915
2024,11,1,2024-11,610,1686,4105.16,6921300
2024,11,1,2024-11,611,1901,6445.26,12252439
2024,11,1,2024-11,612,1198,7514.6,9002491
2024,11,1,2024-11,613,1787,6067.77,10843105
2024,11,1,2024-11,614,649,7441.57,4829579
2024,11,1,2024-11,615,1948,4249.01,8277071
2024,11,1,2024-11,616,1769,5559.18,9834189
2024,11,1,2024-11,617,1556,5077.5,7900590
2024,11,1,2024-11,618,923,6649.67,6137645
2024,11,1,2024-11,619,1825,7647.8,13957235
2024,11,1,2024-11,620,1277,5037.75,6433207
2024,11,1,2024-11,621,1828,6470.76,11828549
2024,11,1,2024-11,622,1823,4841.91,8826802
2024,11,1,2024-11,623,1966,6097.04,11986781
2024,11,1,2024-11,624,1676,5709.39,9568938
2024,11,1,2024-11,625,867,7540.57,6537674
2024,11,1,2024-11,626,1258,6256.12,7870199
2024,11,1,2024-11,627,1577,5278.65,8324431
2024,11,1,2024-11,628,1133,4508.98,5108674
2024,11,1,2024-11,629,1894,4604.67,8721245
2024,11,1,2024-11,630,1542,4895.99,7549617
2024,11,1,2024-11,631,1737,4970.78,8634245
2024,11,1,2024-11,632,1036,7162.65,7420505
2024,11,1,2024-11,633,1458,6111.6,8910713
2024,11,1,2024-11,634,1990,5924.76,11790272
2024,11,1,2024-11,635,2029,4496.88,9124170
2024,11,1,2024-11,636,1946,7057.28,13733467
2024,11,1,2024-11,637,1775,6644.53,11794041
2024,11,1,2024-11,638,929,4337.01,4029082
2024,11,1,2024-11,639,1984,6567.88,13030674
2024,11,1,2024-11,640,1578,6058.63,9560518
2024,11,1,2024-11,641,1387,4316.61,5987138
2024,11,1,2024-11,642,1275,5733.7,7310468
2024,11,1,2024-11,643,1818,5807.26,10557599
2024,11,1,2024-11,644,704,4724.28,3325893
2024,11,1,2024-11,645,1692,7435.52,12580900
2024,11,1,2024-11,646,2184,7110.67,15529703
2024,11,1,2024-11,647,935,6532.27,6107672
2024,11,1,2024-11,648,1929,5794.58,11177745
2024,11,1,2024-11,649,2157,5468.05,11794584
2024,11,1,2024-11,650,1381,6341.54,8757667
2024,11,1,2024-11,651,1236,6094.2,7532431
2024,11,1,2024-11,652,2046,4357.98,8916427
2024,11,1,2024-11,653,826,5950,4914700
2024,11,1,2024-11,654,1832,6958.34,12747679
2024,11,1,2024-11,655,1890,5722.2,10814958
2024,11,1,2024-11,656,1570,4202.7,6598239
2024,11,1,2024-11,657,1997,6871.73,13722845
2024,11,1,2024-11,658,1899,4842.51,9195926
2024,11,1,2024-11,659,1127,5001.63,5636837
2024,11,1,2024-11,660,1692,4712.9,7974227
2024,11,1,2024-11,661,1915,5309.83,10168324
2024,11,1,2024-11,662,955,6828.93,6521628
2024,11,1,2024-11,663,922,5958.37,5493617
2024,11,1,2024-11,664,1379,4802.71,6622937
2024,11,1,2024-11,665,915,7228.88,6614425
2024,11,1,2024-11,666,1781,7179.95,12787491
2024,11,1,2024-11,667,2025,7119.11,14416198
2024,11,1,2024-11,668,709,4944.98,3505991
2024,11,1,2024-11,669,1427,5667.92,8088122
2024,11,1,2024-11,670,1385,7570,10484450
2024,11,1,2024-11,671,1857,6832.97,12688825
2024,11,1,2024-11,672,1835,4219.69,7743131
2024,11,1,2024-11,673,947,4368.57,4137036
2024,11,1,2024-11,674,1429,5698.03,8142485
2024,11,1,2024-11,675,1350,7418.66,10015191
2024,11,1,2024-11,676,1631,6025.37,9827378
2024,11,1,2024-11,677,2117,5885.86,12460366
2024,11,1,2024-11,678,1671,4415.63,7378518
2024,11,1,2024-11,679,1177,6426.49,7563979
2024,11,1,2024-11,680,1103,7014.72,7737236
2024,11,1,2024-11,681,832,5362.74,4461800
2024,11,1,2024-11,682,1238,6851.39,8482021
2024,11,1,2024-11,683,1616,7563.65,12222858
2024,11,1,2024-11,684,2012,4787.05,9631545
2024,11,1,2024-11,685,2167,5918.25,12824848
2024,11,1,2024-11,686,1406,5156.43,7249941
2024,11,1,2024-11,687,1582,6923.61,10953151
2024,11,1,2024-11,688,1574,6143,9669082
2024,11,1,2024-11,689,1600,6356.98,10171168
2024,11,1,2024-11,690,898,6958.54,6248769
2024,11,1,2024-11,691,727,5536.5,4025036
2024,11,1,2024-11,692,1204,7396.34,8905193
2024,11,1,2024-11,693,1554,6006.1,9333479
2024,11,1,2024-11,694,851,4705.62,4004483
2024,11,1,2024-11,695,1505,6486.48,9762152
2024,11,1,2024-11,696,1826,6965.39,12718802
2024,11,1,2024-11,697,963,5205.26,5012665
2024,11,1,2024-11,698,1660,7092.5,11773550
2024,11,1,2024-11,699,1818,7366.82,13392879
2024,11,1,2024-11,700,609,5074.24,3090212
2024,11,1,2024-11,701,1506,7637.89,11502662
2024,11,1,2024-11,702,1903,4574.81,8705863
2024,11,1,2024-11,703,1874,4821.14,9034816
2024,11,1,2024-11,704,2115,4734.28,10013002
2024,11,1,2024-11,705,1877,7277.31,13659511
2024,11,1,2024-11,706,717,6394.51,4584864
2024,11,1,2024-11,707,1893,4573.34,8657333
2024,11,1,2024-11,708,1942,5609.69,10894018
2024,11,1,2024-11,709,1840,6291.15,11575716
2024,11,1,2024-11,710,2294,4356.73,9994339
2024,11,1,2024-11,711,2024,7259.28,14692783
2024,11,1,2024-11,712,2099,6947.2,14582173
2024,11,1,2024-11,713,1335,5866.24,7831430
2024,11,1,2024-11,714,1290,7615.88,9824485
2024,11,1,2024-11,715,1627,5547.76,9026206
2024,11,1,2024-11,716,1595,7605.8,12131251
2024,11,1,2024-11,717,2276,6546.85,14900631
2024,11,1,2024-11,718,1519,6391.8,9709144
2024,11,1,2024-11,719,1617,4690.04,7583795
2024,11,1,2024-11,720,1703,7202.12,12265210
2024,11,1,2024-11,721,1022,5518.31,5639713
2024,11,1,2024-11,722,1754,4545.78,7973298
2024,11,1,2024-11,723,2170,4110.73,8920284
2024,11,1,2024-11,724,1264,6159.8,7785987
2024,11,1,2024-11,725,1086,5932.05,6442206
2024,11,1,2024-11,726,1654,6606.62,10927349
2024,11,1,2024-11,727,1657,7251.85,12016315
2024,11,1,2024-11,728,2032,4372.68,8885286
2024,11,1,2024-11,729,1263,6708.16,8472406
2024,11,1,2024-11,730,996,4804.57,4785352
2024,11,1,2024-11,731,1232,7108.62,8757820
2024,11,1,2024-11,732,1954,7065.53,13806046
2024,11,1,2024-11,733,1799,6043.82,10872832
2024,11,1,2024-11,734,1292,6593,8518156
2024,11,1,2024-11,735,1423,5164.57,7349183
2024,11,1,2024-11,736,1760,5706.26,10043018
2024,11,1,2024-11,737,876,7069.96,6193285
2024,11,1,2024-11,738,1413,5709.46,8067467
2024,11,1,2024-11,739,1030,5346.94,5507348
2024,11,1,2024-11,740,1667,5859.1,9767120
2024,11,1,2024-11,741,1862,6991.15,13017521
2024,11,1,2024-11,742,1711,5348.71,9151643
2024,11,1,2024-11,743,1567,4718.53,7393937
2024,11,1,2024-11,744,1143,6639.57,7589029
2024,11,1,2024-11,745,1398,7028.78,9826234
2024,11,1,2024-11,746,1295,4380.81,5673149
2024,11,1,2024-11,747,1586,4987.49,7910159
2024,11,1,2024-11,748,1557,4692.29,7305896
2024,11,1,2024-11,749,2001,5287.52,10580328
2024,11,1,2024-11,750,938,5649.79,5299503
2024,11,1,2024-11,751,1686,6719.15,11328487
2024,11,1,2024-11,752,971,6375.74,6190844
2024,11,1,2024-11,753,1210,6366.45,7703404
2024,11,1,2024-11,754,1140,5295.91,6037337
2024,11,1,2024-11,755,668,7194.36,4805832
2024,11,1,2024-11,756,1475,5850.52,8629517
2024,11,1,2024-11,757,1283,7616.22,9771610
2024,11,1,2024-11,758,1894,6374.81,12073890
2024,11,1,2024-11,759,1865,4573.76,8530062
2024,11,1,2024-11,760,1485,6473.93,9613786
2024,11,1,2024-11,761,1801,5192.88,9352377
2024,11,1,2024-11,762,1727,6540.27,11295046
2024,11,1,2024-11,763,1942,4271.36,8294981
2024,11,1,2024-11,764,1328,4674.82,6208161
2024,11,1,2024-11,765,1796,7174.73,12885815
2024,11,1,2024-11,766,646,4913.49,3174115
2024,11,1,2024-11,767,725,7136.3,5173818
2024,11,1,2024-11,768,1986,5067.91,10064869
2024,11,1,2024-11,769,804,6459.19,5193189
2024,11,1,2024-11,770,1427,6532.94,9322505
2024,11,1,2024-11,771,1974,5955.44,11756039
2024,11,1,2024-11,772,561,5181.36,2906743
2024,11,1,2024-11,773,2193,4892.67,10729625
2024,11,1,2024-11,774,1557,4169.23,6491491
2024,11,1,2024-11,775,1653,5208.97,8610427
2024,11,1,2024-11,776,1465,6437.72,9431260
2024,11,1,2024-11,777,2244,7396.23,16597140
2024,11,1,2024-11,778,652,7296.94,4757605
2024,11,1,2024-11,779,1471,6814.25,10023762
2024,11,1,2024-11,780,1294,6938.03,8977811
2024,11,1,2024-11,781,1044,6486.76,6772177
2024,11,1,2024-11,782,1327,4958.53,6579969
2024,11,1,2024-11,783,1433,7368.17,10558588
2024,11,1,2024-11,784,1179,6425.97,7576219
2024,11,1,2024-11,785,1094,6066.87,6637156
2024,11,1,2024-11,786,1529,4495.82,6874109
2024,11,1,2024-11,787,1142,5683.15,6490157
2024,11,1,2024-11,788,2176,5756.51,12526166
2024,11,1,2024-11,789,1632,7067.03,11533393
2024,11,1,2024-11,790,1669,5972.38,9967902
2024,11,1,2024-11,791,1524,5473.28,8341279
2024,11,1,2024-11,792,1246,7565.19,9426227
2024,11,1,2024-11,793,2019,4495.97,9077363
2024,11,1,2024-11,794,963,5612.9,5405223
2024,11,1,2024-11,795,1792,4190.43,7509251
2024,11,1,2024-11,796,1709,6668.77,11396928
2024,11,1,2024-11,797,1704,7398.47,12606993
2024,11,1,2024-11,798,919,5053.29,4643974
2024,11,1,2024-11,799,841,7160.74,6022182
2024,11,1,2024-11,800,878,5124.03,4498898
2024,11,1,2024-11,801,1137,7287.53,8285922
2024,11,1,2024-11,802,1336,6755.97,9025976
2024,11,1,2024-11,803,1950,7006.31,13662304
2024,11,1,2024-11,804,1204,4158.7,5007075
2024,11,1,2024-11,805,1615,7509.72,12128198
2024,11,1,2024-11,806,1027,6699.54,6880428
2024,11,1,2024-11,807,634,5236.74,3320093
2024,11,1,2024-11,808,2201,7047.62,15511812
2024,11,1,2024-11,809,732,5187.25,3797067
2024,11,1,2024-11,810,1685,7218.18,12162633
2024,11,1,2024-11,811,925,4475.4,4139745
2024,11,1,2024-11,812,915,6616.5,6054098
2024,11,1,2024-11,813,1488,6119.61,9105980
2024,11,1,2024-11,814,1211,4493.27,5441350
2024,11,1,2024-11,815,851,4886.88,4158735
2024,11,1,2024-11,816,1326,4063.29,5387923
2024,11,1,2024-11,817,2156,5748.01,12392710
2024,11,1,2024-11,818,925,5261.84,4867202
2024,11,1,2024-11,819,1751,6230.65,10909868
2024,11,1,2024-11,820,711,5115.59,3637184
2024,11,1,2024-11,821,965,5249.05,5065333
2024,11,1,2024-11,822,1543,6785.61,10470196
2024,11,1,2024-11,823,1485,4243.71,6301909
2024,11,1,2024-11,824,1167,7283.28,8499588
2024,11,1,2024-11,825,1251,7174.23,8974962
2024,11,1,2024-11,826,1445,6427.16,9287246
2024,11,1,2024-11,827,1985,6181.05,12269384
2024,11,1,2024-11,828,1793,7277.96,13049382
2024,11,1,2024-11,829,1618,4724.87,7644840
2024,11,1,2024-11,830,1788,4326.21,7735263
2024,11,1,2024-11,831,1480,4956.81,7336079
2024,11,1,2024-11,832,1275,6929.58,8835214
2024,11,1,2024-11,833,669,4219.22,2822658
2024,11,1,2024-11,834,897,6075.98,5450154
2024,11,1,2024-11,835,837,7689.62,6436212
2024,11,1,2024-11,836,2317,7054.52,16345323
2024,11,1,2024-11,837,1237,5960.23,7372805
2024,11,1,2024-11,838,1446,4414.03,6382687
2024,11,1,2024-11,839,1603,7094.08,11371810
2024,11,1,2024-11,840,2051,6210.1,12736915
2024,11,1,2024-11,841,879,4471.39,3930352
2024,11,1,2024-11,842,1414,4414.12,6241566
2024,11,1,2024-11,843,1920,7384.55,14178336
2024,11,1,2024-11,844,1678,6501.3,10909181
2024,11,1,2024-11,845,1138,7046.91,8019384
2024,11,1,2024-11,846,1128,7269.42,8199906
2024,11,1,2024-11,847,2027,6067.44,12298701
2024,11,1,2024-11,848,730,5905.15,4310760
2024,11,1,2024-11,849,743,5598.31,4159544
2024,11,1,2024-11,850,1669,5265.87,8788737
2024,11,1,2024-11,851,2233,5647.7,12611314
2024,11,1,2024-11,852,1554,6958.62,10813695
2024,11,1,2024-11,853,1114,6270.5,6985337
2024,11,1,2024-11,854,1490,7239.68,10787123
2024,11,1,2024-11,855,1506,5710.39,8599847
2024,11,1,2024-11,856,711,6220.52,4422790
2024,11,1,2024-11,857,640,6319.26,4044326
2024,11,1,2024-11,858,1716,6192.75,10626759
2024,11,1,2024-11,859,1657,6607.4,10948462
2024,11,1,2024-11,860,681,4941.06,3364862
2024,11,1,2024-11,861,848,5922.81,5022543
2024,11,1,2024-11,862,1976,4411.5,8717124
2024,11,1,2024-11,863,1896,5456.22,10344993
2024,11,1,2024-11,864,1292,5838.81,7543743
2024,11,1,2024-11,865,1563,6451.36,10083476
2024,11,1,2024-11,866,770,7456.86,5741782
2024,11,1,2024-11,867,1348,6104.49,8228853
2024,11,1,2024-11,868,578,6789.26,3924192
2024,11,1,2024-11,869,2030,5916.76,12011023
2024,11,1,2024-11,870,1131,6287.79,7111490
2024,11,1,2024-11,871,796,4270.02,3398936
2024,11,1,2024-11,872,660,5021.43,3314144
2024,11,1,2024-11,873,665,5361.83,3565617
2024,11,1,2024-11,874,1343,5706.65,7664031
2024,11,1,2024-11,875,1878,4198.26,7884332
2024,11,1,2024-11,876,1647,4576.86,7538088
2024,11,1,2024-11,877,615,5037.62,3098136
2024,11,1,2024-11,878,2036,7530.36,15331813
2024,11,1,2024-11,879,1777,5269.96,9364719
2024,11,1,2024-11,880,833,5851.75,4874508
2024,11,1,2024-11,881,1714,4809.39,8243294
2024,11,1,2024-11,882,1189,6274.59,7460488
2024,11,1,2024-11,883,1889,5149.18,9726801
2024,11,1,2024-11,884,2042,4780.1,9760964
2024,11,1,2024-11,885,1097,5925.34,6500098
2024,11,1,2024-11,886,715,4075.64,2914083
2024,11,1,2024-11,887,1461,4104.53,5996718
2024,11,1,2024-11,888,542,4863.47,2636001
2024,11,1,2024-11,889,1450,4185.43,6068874
2024,11,1,2024-11,890,2042,4452.09,9091168
2024,11,1,2024-11,891,2007,5323.56,10684385
2024,11,1,2024-11,892,1781,6944.55,12368244
2024,11,1,2024-11,893,2274,5995.58,13633949
2024,11,1,2024-11,894,1456,5945.44,8656561
2024,11,1,2024-11,895,1205,5155.81,6212751
2024,11,1,2024-11,896,1114,7353.39,8191676
2024,11,1,2024-11,897,2174,5569.41,12107897
2024,11,1,2024-11,898,1510,4382.97,6618285
2024,11,1,2024-11,899,1523,6332.45,9644321
2024,11,1,2024-11,900,852,4491.58,3826826
2024,11,1,2024-11,901,1131,5294.18,5987718
2024,11,1,2024-11,902,1047,5912.73,6190628
2024,11,1,2024-11,903,1775,7181.8,12747695
2024,11,1,2024-11,904,1190,5838.86,6948243
2024,11,1,2024-11,905,1656,6520.44,10797849
2024,11,1,2024-11,906,1778,7615.18,13539790
2024,11,1,2024-11,907,1511,4497.19,6795254
2024,11,1,2024-11,908,803,5064.01,4066400
2024,11,1,2024-11,909,564,5514.95,3110432
2024,11,1,2024-11,910,1854,5592.03,10367624
2024,11,1,2024-11,911,1241,5592.81,6940677
2024,11,1,2024-11,912,1046,7413.57,7754594
2024,11,1,2024-11,913,1722,6628.24,11413829
2024,11,1,2024-11,914,982,6257.63,6144993
2024,11,1,2024-11,915,782,5158.52,4033963
2024,11,1,2024-11,916,1423,6940.1,9875762
2024,11,1,2024-11,917,751,7500.11,5632583
2024,11,1,2024-11,918,818,7046.65,5764160
2024,11,1,2024-11,919,1660,4089.5,6788570
2024,11,1,2024-11,920,1630,6319.14,10300198
2024,11,1,2024-11,921,2034,4222.18,8587914
2024,11,1,2024-11,922,746,4946.25,3689902
2024,11,1,2024-11,923,1421,4290.89,6097355
2024,11,1,2024-11,924,1905,6194.43,11800389
2024,11,1,2024-11,925,1213,6587.31,7990407
2024,11,1,2024-11,926,985,4526.03,4458140
2024,11,1,2024-11,927,1356,5501.13,7459532
2024,11,1,2024-11,928,919,5769.94,5302575
2024,11,1,2024-11,929,1304,5384.13,7020906
2024,11,1,2024-11,930,1155,4552.86,5258553
2024,11,1,2024-11,931,1275,5567.77,7098907
2024,11,1,2024-11,932,790,6754.83,5336316
2024,11,1,2024-11,933,557,4327.64,2410495
2024,11,1,2024-11,934,2046,4332.52,8864336
2024,11,1,2024-11,935,2288,5343.86,12226752
2024,11,1,2024-11,936,962,7440.77,7158021
2024,11,1,2024-11,937,1466,6501.06,9530554
2024,11,1,2024-11,938,1266,6497.02,8225227
2024,11,1,2024-11,939,1259,5351.27,6737249
2024,11,1,2024-11,940,1849,6234.39,11527387
2024,11,1,2024-11,941,1596,4078.61,6509462
2024,11,1,2024-11,942,1829,6348.9,11612138
2024,11,1,2024-11,943,1650,7374.56,12168024
2024,11,1,2024-11,944,1442,6307.98,9096107
2024,11,1,2024-11,945,1152,7262.66,8366584
2024,11,1,2024-11,946,1037,6686.72,6934129
2024,11,1,2024-11,947,1875,4518.86,8472862
2024,11,1,2024-11,948,1369,7377.78,10100181
2024,11,1,2024-11,949,1605,4282.99,6874199
2024,11,1,2024-11,950,1796,6025.46,10821726
2024,11,1,2024-11,951,1965,4596.54,9032201
2024,11,1,2024-11,952,1137,4028.05,4579893
2024,11,1,2024-11,953,746,5662.29,4224068
2024,11,1,2024-11,954,1412,5100.42,7201793
2024,11,1,2024-11,955,1686,5947.02,10026676
2024,11,1,2024-11,956,1961,6151.44,12062974
2024,11,1,2024-11,957,2069,4196.42,8682393
2024,11,1,2024-11,958,783,4558.5,3569306
2024,11,1,2024-11,959,2455,6060.85,14879387
2024,11,1,2024-11,960,936,5311.64,4971695
2024,11,1,2024-11,961,1466,6712.32,9840261
2024,11,1,2024-11,962,1222,6417.56,7842258
2024,11,1,2024-11,963,802,7103.72,5697183
2024,11,1,2024-11,964,2072,6533.84,13538116
2024,11,1,2024-11,965,539,5521.62,2976153
2024,11,1,2024-11,966,2071,6503.99,13469763
2024,11,1,2024-11,967,807,5092.09,4109317
2024,11,1,2024-11,968,954,5269.64,5027237
2024,11,1,2024-11,969,944,6938.43,6549878
2024,11,1,2024-11,970,1787,5631.61,10063687
2024,11,1,2024-11,971,579,6842.34,3961715
2024,11,1,2024-11,972,946,6915.36,6541931
2024,11,1,2024-11,973,792,7148,5661216
2024,11,1,2024-11,974,2219,7384.9,16387093
2024,11,1,2024-11,975,643,5641.57,3627530
2024,11,1,2024-11,976,1359,5236.82,7116838
2024,11,1,2024-11,977,2033,6224.8,12655018
2024,11,1,2024-11,978,1492,5426.32,8096069
2024,11,1,2024-11,979,1239,6187.57,7666399
2024,11,1,2024-11,980,1274,6577.76,8380066
2024,11,1,2024-11,981,1061,6562.42,6962728
2024,11,1,2024-11,982,1140,5430.31,6190553
2024,11,1,2024-11,983,2052,4677.21,9597635
2024,11,1,2024-11,984,1835,5599.76,10275560
2024,11,1,2024-11,985,2155,4551.88,9809301
2024,11,1,2024-11,986,914,7337.81,6706758
2024,11,1,2024-11,987,1701,5276.91,8976024
2024,11,1,2024-11,988,2075,4608.39,9562409
2024,11,1,2024-11,989,1917,4176.44,8006235
2024,11,1,2024-11,990,2331,6406.16,14932759
2024,11,1,2024-11,991,1399,6368.6,8909671
2024,11,1,2024-11,992,799,5227.48,4176757
2024,11,1,2024-11,993,1053,4356.17,4587047
2024,11,1,2024-11,994,1333,5596.58,7460241
2024,11,1,2024-11,995,2081,5206.96,10835684
2024,11,1,2024-11,996,1608,6594.58,10604085
2024,11,1,2024-11,997,2279,6310.9,14382541
2024,11,1,2024-11,998,1079,5370.46,5794726
2024,11,1,2024-11,999,1521,4837.98,7358568
2024,11,1,2024-11,1000,1812,7566.49,13710480
2024,11,1,2024-11,1001,1472,5706.95,8400630
2024,11,1,2024-11,1002,1522,6557.26,9980150
2024,11,1,2024-11,1003,1059,4638.67,4912352
2024,11,1,2024-11,1004,1286,5817.13,7480829
2024,11,1,2024-11,1005,1906,4147.57,7905268
2024,11,1,2024-11,1006,925,5939.36,5493908
2024,11,1,2024-11,1007,1217,7473.91,9095748
2024,11,1,2024-11,1008,1572,5476.14,8608492
2024,11,1,2024-11,1009,2118,4232.55,8964541
2024,11,1,2024-11,1010,518,4199.27,2175222
2024,11,1,2024-11,1011,1791,5456.92,9773344
2024,11,1,2024-11,1012,1103,4709.34,5194402
2024,11,1,2024-11,1013,717,4182.39,2998774
2024,11,1,2024-11,1014,790,6803.86,5375049
2024,11,1,2024-11,1015,1473,5752.61,8473595
2024,11,1,2024-11,1016,758,5053.4,3830477
2024,11,1,2024-11,1017,1494,7250.85,10832770
2024,11,1,2024-11,1018,875,4463.57,3905624
2024,11,1,2024-11,1019,1894,7500.93,14206761
2024,11,1,2024-11,1020,1309,5167.16,6763812
2024,11,1,2024-11,1021,2293,7221.06,16557891
2024,11,1,2024-11,1022,982,6227.36,6115268
2024,11,1,2024-11,1023,1294,7079.77,9161222
2024,11,1,2024-11,1024,1317,7640.64,10062723
2024,11,1,2024-11,1025,2084,5142.27,10716491
2024,11,1,2024-11,1026,1694,7542.24,12776555
2024,11,1,2024-11,1027,2228,5474.3,12196740
2024,11,1,2024-11,1028,667,5472.5,3650158
2024,11,1,2024-11,1029,1940,5300.12,10282233
2024,11,1,2024-11,1030,983,6022.51,5920127
2024,11,1,2024-11,1031,1989,4644.73,9238368
2024,11,1,2024-11,1032,1921,6047.72,11617670
2024,11,1,2024-11,1033,1533,5929.58,9090046
2024,11,1,2024-11,1034,1531,6836.66,10466926
2024,11,1,2024-11,1035,1124,7065.55,7941678
2024,11,1,2024-11,1036,1169,5584.48,6528257
2024,11,1,2024-11,1037,870,5195.69,4520250
2024,11,1,2024-11,1038,567,5026,2849742
2024,11,1,2024-11,1039,1042,4710.15,4907976
2024,11,1,2024-11,1040,693,4368.25,3027197
2024,11,1,2024-11,1041,707,5303.75,3749751
2024,11,1,2024-11,1042,1507,5152.07,7764169
2024,11,1,2024-11,1043,1051,7586.59,7973506
2024,11,1,2024-11,1044,622,6147.46,3823720
2024,11,1,2024-11,1045,1544,5325.82,8223066
2024,11,1,2024-11,1046,861,6165.75,5308711
2024,11,1,2024-11,1047,1725,4610.09,7952405
2024,11,1,2024-11,1048,1325,5683.51,7530651
2024,11,1,2024-11,1049,624,6350.16,3962500
2024,11,1,2024-11,1050,797,5825.99,4643314
2024,11,1,2024-11,1051,689,5440.83,3748732
2024,11,1,2024-11,1052,1465,7612.92,11152928
2024,11,1,2024-11,1053,783,7247.97,5675161
2024,11,1,2024-11,1054,2061,6326.8,13039535
2024,11,1,2024-11,1055,1172,6206.61,7274147
2024,11,1,2024-11,1056,2066,6283.99,12982723
2024,11,1,2024-11,1057,892,4819.94,4299386
2024,11,1,2024-11,1058,1298,5525.85,7172553
2024,11,1,2024-11,1059,1466,4245.9,6224489
2024,11,1,2024-11,1060,1453,5746.06,8349025
2024,11,1,2024-11,1061,2353,6042.4,14217767
2024,11,1,2024-11,1062,1876,4852.32,9102952
2024,11,1,2024-11,1063,975,7506.49,7318828
2024,11,1,2024-11,1064,921,7323.81,6745229
2024,11,1,2024-11,1065,991,6654.2,6594312
2024,11,1,2024-11,1066,1164,5919,6889716
2024,11,1,2024-11,1067,2191,7188.45,15749894
2024,11,1,2024-11,1068,1749,4555.66,7967849
2024,11,1,2024-11,1069,1289,6916.85,8915820
2024,11,1,2024-11,1070,1144,4517.49,5168009
2024,11,1,2024-11,1071,1939,7008.44,13589365
2024,11,1,2024-11,1072,1971,5076.26,10005308
2024,11,1,2024-11,1073,1561,7196.33,11233471
2024,11,1,2024-11,1074,1693,7468.81,12644695
2024,11,1,2024-11,1075,1602,4585.91,7346628
2024,11,1,2024-11,1076,2000,5778.92,11557840
2024,11,1,2024-11,1077,800,7609.67,6087736
2024,11,1,2024-11,1078,1272,5882.28,7482260
2024,11,1,2024-11,1079,2155,7212.14,15542162
2024,11,1,2024-11,1080,1644,6253.27,10280376
2024,11,1,2024-11,1081,1844,5326.13,9821384
2024,11,1,2024-11,1082,794,5057.77,4015869
2024,11,1,2024-11,1083,1494,4840.62,7231886
2024,11,1,2024-11,1084,2095,6777.76,14199407
2024,11,1,2024-11,1085,684,5532.66,3784339
2024,11,1,2024-11,1086,2192,5898.32,12929117
2024,11,1,2024-11,1087,1271,5892.11,7488872
2024,11,1,2024-11,1088,956,6166.71,5895375
2024,11,1,2024-11,1089,1221,7170.55,8755242
2024,11,1,2024-11,1090,1785,7554.38,13484568
2024,11,1,2024-11,1091,840,5553.44,4664890
2024,11,1,2024-11,1092,1115,7030.84,7839387
2024,11,1,2024-11,1093,994,6777.63,6736964
2024,11,1,2024-11,1094,2161,6067.65,13112192
2024,11,1,2024-11,1095,1151,7501.85,8634629
2024,11,1,2024-11,1096,1533,4843.72,7425423
2024,11,1,2024-11,1097,995,4486.5,4464068
2024,11,1,2024-11,1098,1607,7165.49,11514942
2024,11,1,2024-11,1099,1189,5645.98,6713070
2024,11,1,2024-11,1100,841,7072.35,5947846
2024,11,1,2024-11,1101,1713,7306.74,12516446
2024,11,1,2024-11,1102,1297,4295.67,5571484
2024,11,1,2024-11,1103,898,7240.62,6502077
2024,11,1,2024-11,1104,2022,5717.44,11560664
2024,11,1,2024-11,1105,1890,5940.05,11226694
2024,11,1,2024-11,1106,1112,6325.58,7034045
2024,11,1,2024-11,1107,1393,7431.18,10351634
2024,11,1,2024-11,1108,772,4175.63,3223586
2024,11,1,2024-11,1109,1560,5811.29,9065612
2024,11,1,2024-11,1110,1120,6600.11,7392123
2024,11,1,2024-11,1111,1199,6690.77,8022233
2024,11,1,2024-11,1112,953,6638.89,6326862
2024,11,1,2024-11,1113,1877,4502.67,8451512
2024,11,1,2024-11,1114,1224,5111.58,6256574
2024,11,1,2024-11,1115,2169,5342.64,11588186
2024,11,1,2024-11,1116,1758,6908.15,12144528
2024,11,1,2024-11,1117,1864,5160.29,9618781
2024,11,1,2024-11,1118,1178,4907.32,5780823
2024,11,1,2024-11,1119,1887,7536.05,14220526
2024,11,1,2024-11,1120,1533,4130.97,6332777
2024,11,1,2024-11,1121,1188,7600.39,9029263
2024,11,1,2024-11,1122,620,6521.71,4043460
2024,11,1,2024-11,1123,1296,7048.32,9134623
2024,11,1,2024-11,1124,2348,5173.98,12148505
2024,11,1,2024-11,1125,1833,4114.45,7541787
2024,11,1,2024-11,1126,1926,6744.32,12989560
2024,11,1,2024-11,1127,1749,7107.9,12431717
2024,11,1,2024-11,1128,2069,6769.07,14005206
2024,11,1,2024-11,1129,1519,4600.35,6987932
2024,11,1,2024-11,1130,930,6835.41,6356931
2024,11,1,2024-11,1131,1961,6790.16,13315504
2024,11,1,2024-11,1132,817,6447.61,5267697
2024,11,1,2024-11,1133,1348,6845.25,9227397
2024,11,1,2024-11,1134,1016,7104.22,7217888
2024,11,1,2024-11,1135,1395,6308.86,8800860
2024,11,1,2024-11,1136,1832,4446.19,8145420
2024,11,1,2024-11,1137,1391,5744.16,7990127
2024,11,1,2024-11,1138,1828,4430.16,8098332
2024,11,1,2024-11,1139,1324,5515.36,7302337
2024,11,1,2024-11,1140,846,5590.14,4729258
2024,11,1,2024-11,1141,837,4289.05,3589935
2024,11,1,2024-11,1142,1535,5351.35,8214322
2024,11,1,2024-11,1143,715,4503.28,3219845
2024,11,1,2024-11,1144,1719,6962.91,11969242
2024,11,1,2024-11,1145,2122,7447.75,15804126
2024,11,1,2024-11,1146,1880,4471.99,8407341
2024,11,1,2024-11,1147,622,7471.83,4647478
2024,11,1,2024-11,1148,619,6017.49,3724826
2024,11,1,2024-11,1149,1742,5282.67,9202411
2024,11,1,2024-11,1150,849,4342.7,3686952
2024,11,1,2024-11,1151,2234,5800.27,12957803
2024,11,1,2024-11,1152,828,6921.44,5730952
2024,11,1,2024-11,1153,1395,6588.15,9190469
2024,11,1,2024-11,1154,1449,4293.71,6221586
2024,11,1,2024-11,1155,2029,4323.67,8772726
2024,11,1,2024-11,1156,1478,5513.8,8149396
2024,11,1,2024-11,1157,2074,5136.14,10652354
2024,11,1,2024-11,1158,828,4859.77,4023890
2024,11,1,2024-11,1159,711,5078.43,3610764
2024,11,1,2024-11,1160,2052,6949.79,14260969
2024,11,1,2024-11,1161,1650,7370.97,12162100
2024,11,1,2024-11,1162,1140,5545.99,6322429
2024,11,1,2024-11,1163,1750,7371.2,12899600
2024,11,1,2024-11,1164,1474,5221.02,7695783
2024,11,1,2024-11,1165,595,5784.23,3441617
2024,11,1,2024-11,1166,1528,4879.17,7455372
2024,11,1,2024-11,1167,889,6451.62,5735490
2024,11,1,2024-11,1168,931,7551.72,7030651
2024,11,1,2024-11,1169,709,6208.89,4402103
2024,11,1,2024-11,1170,982,5337.32,5241248
2024,11,1,2024-11,1171,892,6454.61,5757512
2024,11,1,2024-11,1172,705,4583.86,3231621
2024,11,1,2024-11,1173,1416,7219.85,10223308
2024,11,1,2024-11,1174,1805,5916.68,10679607
2024,11,1,2024-11,1175,1611,5670.9,9135820
2024,11,1,2024-11,1176,1717,6114.52,10498631
2024,11,1,2024-11,1177,1484,6253.45,9280120
2024,11,1,2024-11,1178,1230,4333.31,5329971
2024,11,1,2024-11,1179,2282,6559.87,14969623
2024,11,1,2024-11,1180,1875,4949.11,9279581
2024,11,1,2024-11,1181,924,6639.97,6135332
2024,11,1,2024-11,1182,1887,6941.63,13098856
2024,11,1,2024-11,1183,1983,6939.7,13761425
2024,11,1,2024-11,1184,1878,6045.83,11354069
2024,11,1,2024-11,1185,1707,5924.52,10113156
2024,11,1,2024-11,1186,931,4549.48,4235566
2024,11,1,2024-11,1187,1757,6939.89,12193387
2024,11,1,2024-11,1188,1824,5080.02,9265956
2024,11,1,2024-11,1189,1327,5896.57,7824748
2024,11,1,2024-11,1190,2053,5104.46,10479456
2024,11,1,2024-11,1191,1592,4622.92,7359689
2024,11,1,2024-11,1192,682,6290.83,4290346
2024,11,1,2024-11,1193,1806,4317.55,7797495
2024,11,1,2024-11,1194,2108,6705.32,14134815
2024,11,1,2024-11,1195,2019,5221.71,10542632
2024,11,1,2024-11,1196,1926,4085.86,7869366
2024,11,1,2024-11,1197,1548,5914.97,9156374
2024,11,1,2024-11,1198,1995,4252.94,8484615
2024,11,1,2024-11,1199,1747,4973.33,8688408
2024,11,1,2024-11,1200,2125,6591.72,14007405
2024,11,1,2024-11,1201,1957,4305.56,8425981
2024,11,1,2024-11,1202,1016,7060.05,7173011
2024,11,1,2024-11,1203,1749,4028.23,7045374
2024,11,1,2024-11,1204,1770,4950.55,8762474
2024,11,1,2024-11,1205,1525,6758.86,10307262
2024,11,1,2024-11,1206,1728,5281.93,9127175
2024,11,1,2024-11,1207,1276,4442.19,5668234
2024,11,1,2024-11,1208,942,5360.69,5049770
2024,11,1,2024-11,1209,1564,5015.39,7844070
2024,11,1,2024-11,1210,1100,7164.04,7880444
2024,11,1,2024-11,1211,2356,5170.93,12182711
2024,11,1,2024-11,1212,1469,6886.92,10116885
2024,11,1,2024-11,1213,1929,7289.77,14061966
2024,11,1,2024-11,1214,1800,5676.42,10217556
2024,11,1,2024-11,1215,886,7310.75,6477324
2024,11,1,2024-11,1216,2138,5422.65,11593626
2024,11,1,2024-11,1217,1026,7516.54,7711970
2024,11,1,2024-11,1218,1012,4341.74,4393841
2024,11,1,2024-11,1219,1648,6557.02,10805969
2024,11,1,2024-11,1220,1104,5819.95,6425225
2024,11,1,2024-11,1221,1085,5448.27,5911373
2024,11,1,2024-11,1222,1369,6358.13,8704280
2024,11,1,2024-11,1223,767,6601.18,5063105
2024,11,1,2024-11,1224,1113,4178.52,4650693
2024,11,1,2024-11,1225,1817,4759.06,8647212
2024,11,1,2024-11,1226,1258,6695.29,8422675
2024,11,1,2024-11,1227,973,6553.67,6376721
2024,11,1,2024-11,1228,923,7605.72,7020080
2024,11,1,2024-11,1229,1385,6727.22,9317200
2024,11,1,2024-11,1230,1722,7503.61,12921216
2024,11,1,2024-11,1231,1509,6606.57,9969314
2024,11,1,2024-11,1232,1490,5159.98,7688370
2024,11,1,2024-11,1233,1381,4437.83,6128643
2024,11,1,2024-11,1234,1996,6796.68,13566173
2024,11,1,2024-11,1235,1828,6358.92,11624106
2024,11,1,2024-11,1236,1286,4224.88,5433196
2024,11,1,2024-11,1237,839,5400.32,4530868
2024,11,1,2024-11,1238,1699,7487.46,12721195
2024,11,1,2024-11,1239,1296,5926.14,7680277
2024,11,1,2024-11,1240,1549,5708.74,8842838
2024,11,1,2024-11,1241,560,5680.78,3181237
2024,11,1,2024-11,1242,867,4781.57,4145621
2024,11,1,2024-11,1243,508,5421.98,2754366
2024,11,1,2024-11,1244,1518,5431.17,8244516
2024,11,1,2024-11,1245,1075,4275.1,4595732
2024,11,1,2024-11,1246,1287,6772.23,8715860
2024,11,1,2024-11,1247,891,5585.83,4976975
2024,11,1,2024-11,1248,2154,7009.78,15099066
2024,11,1,2024-11,1249,1848,7151.49,13215954
2024,11,1,2024-11,1250,1473,4830.08,7114708
2024,11,1,2024-11,1251,1720,6468.14,11125201
2024,11,1,2024-11,1252,1760,5807.38,10220989
2024,11,1,2024-11,1253,1904,7200.27,13709314
2024,11,1,2024-11,1254,1337,4886.99,6533906
2024,11,1,2024-11,1255,848,6527.5,5535320
2024,11,1,2024-11,1256,1094,6246.14,6833277
2024,11,1,2024-11,1257,1287,5191.6,6681589
2024,11,1,2024-11,1258,1763,4513.59,7957459
2024,11,1,2024-11,1259,2043,6390.96,13056731
2024,11,1,2024-11,1260,1261,6773.4,8541257
2024,11,1,2024-11,1261,1135,5218.53,5923032
2024,11,1,2024-11,1262,1742,6379.94,11113855
2024,11,1,2024-11,1263,1551,5482.11,8502753
2024,11,1,2024-11,1264,859,6594.47,5664650
2024,11,1,2024-11,1265,1227,4856.81,5959306
2024,11,1,2024-11,1266,1551,7270.72,11276887
2024,11,1,2024-11,1267,1472,5111.14,7523598
2024,11,1,2024-11,1268,2059,5446.21,11213746
2024,11,1,2024-11,1269,633,4340.81,2747733
2024,11,1,2024-11,1270,1258,4491.79,5650672
2024,11,1,2024-11,1271,982,6036.6,5927941
2024,11,1,2024-11,1272,1855,4976.77,9231908
2024,11,1,2024-11,1273,1249,7141.54,8919783
2024,11,1,2024-11,1274,2351,4157.48,9774235
2024,11,1,2024-11,1275,922,5471.32,5044557
2024,11,1,2024-11,1276,2067,5232.7,10815991
2024,11,1,2024-11,1277,2145,4107.43,8810437
2024,11,1,2024-11,1278,1646,4522.68,7444331
2024,11,1,2024-11,1279,625,5575.47,3484669
2024,11,1,2024-11,1280,1406,5858,8236348
2024,11,1,2024-11,1281,1185,5519.88,6541058
2024,11,1,2024-11,1282,1963,5950.91,11681636
2024,11,1,2024-11,1283,1995,6214.68,12398287
2024,11,1,2024-11,1284,1649,4037.06,6657112
2024,11,1,2024-11,1285,623,5837.25,3636607
2024,11,1,2024-11,1286,1454,7517.24,10930067
2024,11,1,2024-11,1287,1729,5901.17,10203123
2024,11,1,2024-11,1288,1577,6470.58,10204105
2024,11,1,2024-11,1289,594,5146.49,3057015
2024,11,1,2024-11,1290,1712,6894.17,11802819
2024,11,1,2024-11,1291,1622,6866.79,11137933
2024,11,1,2024-11,1292,1546,5939.42,9182343
2024,11,1,2024-11,1293,1984,7562.39,15003782
2024,11,1,2024-11,1294,1527,4513.56,6892206
2024,11,1,2024-11,1295,636,4052.51,2577396
2024,11,1,2024-11,1296,1481,6868.82,10172722
2024,11,1,2024-11,1297,1364,6966.05,9501692
2024,11,1,2024-11,1298,2155,4539.36,9782321
2024,11,1,2024-11,1299,910,5072.44,4615920
2024,11,1,2024-11,1300,1995,4193.04,8365115
2024,11,1,2024-11,1301,906,5137.48,4654557
2024,11,1,2024-11,1302,546,6850.62,3740439
2024,11,1,2024-11,1303,2114,5983.33,12648760
2024,11,1,2024-11,1304,1868,5321.64,9940824
2024,11,1,2024-11,1305,1922,5470.04,10513417
2024,11,1,2024-11,1306,2059,4136.85,8517774
2024,11,1,2024-11,1307,1746,5129.85,8956718
2024,11,1,2024-11,1308,1342,6361.14,8536650
2024,11,1,2024-11,1309,885,7512.19,6648288
2024,11,1,2024-11,1310,1340,7148.49,9578977
2024,11,1,2024-11,1311,913,4046.77,3694701
2024,11,1,2024-11,1312,1013,7172.52,7265763
2024,11,1,2024-11,1313,1716,6897.16,11835527
2024,11,1,2024-11,1314,1311,6802.47,8918038
2024,11,1,2024-11,1315,1894,5671.55,10741916
2024,11,1,2024-11,1316,1915,5512.68,10556782
2024,11,1,2024-11,1317,968,5096.73,4933635
2024,11,1,2024-11,1318,1732,4257.29,7373626
2024,11,1,2024-11,1319,1577,4969.5,7836902
2024,11,1,2024-11,1320,1746,4981.59,8697856
2024,11,1,2024-11,1321,2191,5853.93,12825961
2024,11,1,2024-11,1322,655,6725.77,4405379
2024,11,1,2024-11,1323,1975,5852.7,11559082
2024,11,1,2024-11,1324,1773,4151.17,7360024
2024,11,1,2024-11,1325,1980,7431.26,14713895
2024,11,1,2024-11,1326,1872,7372.39,13801114
2024,11,1,2024-11,1327,1690,6846.05,11569824
2024,11,1,2024-11,1328,1077,7676.57,8267666
2024,11,1,2024-11,1329,1253,6116.01,7663361
2024,11,1,2024-11,1330,773,7527.93,5819090
2024,11,1,2024-11,1331,798,4378.31,3493891
2024,11,1,2024-11,1332,1112,5280.66,5872094
2024,11,1,2024-11,1333,1547,4911.01,7597332
2024,11,1,2024-11,1334,1358,4752.64,6454085
2024,11,1,2024-11,1335,1307,4537.26,5930199
2024,11,1,2024-11,1336,1598,6286.66,10046083
2024,11,1,2024-11,1337,621,6865.82,4263674
2024,11,1,2024-11,1338,1116,6206.36,6926298
2024,11,1,2024-11,1339,1427,4536.62,6473757
2024,11,1,2024-11,1340,593,6933.3,4111447
2024,11,1,2024-11,1341,1724,6408.58,11048392
2024,11,1,2024-11,1342,867,5413.2,4693244
2024,11,1,2024-11,1343,1889,6406.36,12101614
2024,11,1,2024-11,1344,1327,5117.3,6790657
2024,11,1,2024-11,1345,2035,5265.32,10714926
2024,11,1,2024-11,1346,1473,7352.34,10829997
2024,11,1,2024-11,1347,820,5110.59,4190684
2024,11,1,2024-11,1348,1295,5823.88,7541925
2024,11,1,2024-11,1349,1354,7265.75,9837826
2024,11,1,2024-11,1350,1400,6624.92,9274888
2024,11,1,2024-11,1351,1451,4338.61,6295323
2024,11,1,2024-11,1352,1823,4647.08,8471627
2024,11,1,2024-11,1353,2196,4153.19,9120405
2024,11,1,2024-11,1354,1453,6397.96,9296236
2024,11,1,2024-11,1355,1056,5651.26,5967731
2024,11,1,2024-11,1356,1589,4519.63,7181692
2024,11,1,2024-11,1357,807,7483.1,6038862
2024,11,1,2024-11,1358,981,5940.58,5827709
2024,11,1,2024-11,1359,1567,4982.87,7808157
2024,11,1,2024-11,1360,1509,5778.2,8719304
2024,11,1,2024-11,1361,2027,6568.96,13315282
2024,11,1,2024-11,1362,1629,4376.69,7129628
2024,11,1,2024-11,1363,1786,4989.12,8910568
2024,11,1,2024-11,1364,1876,6966.67,13069473
2024,11,1,2024-11,1365,1641,5739.8,9419012
2024,11,1,2024-11,1366,1273,6075.21,7733742
2024,11,1,2024-11,1367,2000,5626.51,11253020
2024,11,1,2024-11,1368,2090,4239.86,8861307
2024,11,1,2024-11,1369,1161,4669.5,5421290
2024,11,1,2024-11,1370,1499,5725.44,8582435
2024,11,1,2024-11,1371,1992,4915.12,9790919
2024,11,1,2024-11,1372,1199,4275.07,5125809
2024,11,1,2024-11,1373,587,7069.63,4149873
2024,11,1,2024-11,1374,860,7604.56,6539922
2024,11,1,2024-11,1375,1456,7000.39,10192568
2024,11,1,2024-11,1376,1450,7132.73,10342458
2024,11,1,2024-11,1377,1786,4915.59,8779244
2024,11,1,2024-11,1378,2070,7585.99,15702999
2024,11,1,2024-11,1379,1292,4796.95,6197659
2024,11,1,2024-11,1380,1127,7485.7,8436384
2024,11,1,2024-11,1381,1295,7569.44,9802425
2024,11,1,2024-11,1382,910,6630.21,6033491
2024,11,1,2024-11,1383,1797,7626.52,13704856
2024,11,1,2024-11,1384,1868,6094.74,11384974
2024,11,1,2024-11,1385,1886,4999.67,9429378
2024,11,1,2024-11,1386,1900,5645.67,10726773
2024,11,1,2024-11,1387,1800,6206.25,11171250
2024,11,1,2024-11,1388,1103,4353.32,4801712
2024,11,1,2024-11,1389,725,6384.5,4628762
2024,11,1,2024-11,1390,1362,7566.03,10304933
2024,11,1,2024-11,1391,1098,4732.43,5196208
2024,11,1,2024-11,1392,486,6877.23,3342334
2024,11,1,2024-11,1393,1574,7311.13,11507719
2024,11,1,2024-11,1394,1429,7404.58,10581145
2024,11,1,2024-11,1395,1457,7502.16,10930647
2024,11,1,2024-11,1396,826,5981.75,4940926
2024,11,1,2024-11,1397,1515,7618.93,11542679
2024,11,1,2024-11,1398,1745,6740.46,11762103
2024,11,1,2024-11,1399,734,4643.8,3408549
2024,11,1,2024-11,1400,835,5810.48,4851751
2024,11,1,2024-11,1401,2117,6621.49,14017694
2024,11,1,2024-11,1402,602,5009.19,3015532
2024,11,1,2024-11,1403,1704,6363.14,10842791
2024,11,1,2024-11,1404,596,6390.2,3808559
2024,11,1,2024-11,1405,1752,4680.9,8200937
2024,11,1,2024-11,1406,1645,6136.55,10094625
2024,11,1,2024-11,1407,1638,6799.74,11137974
2024,11,1,2024-11,1408,2100,5841.71,12267591
2024,11,1,2024-11,1409,1179,4098.59,4832238
2024,11,1,2024-11,1410,1091,4129.3,4505066
2024,11,1,2024-11,1411,536,5321.66,2852410
2024,11,1,2024-11,1412,2068,7383.03,15268106
2024,11,1,2024-11,1413,1345,4852.02,6525967
2024,11,1,2024-11,1414,1299,6339.07,8234452
2024,11,1,2024-11,1415,626,4873.87,3051043
2024,11,1,2024-11,1416,1459,5209.87,7601200
2024,11,1,2024-11,1417,920,7033.4,6470728
2024,11,1,2024-11,1418,1417,6773.7,9598333
2024,11,1,2024-11,1419,1066,4440.95,4734053
2024,11,1,2024-11,1420,1451,5586.02,8105315
2024,11,1,2024-11,1421,2171,4203.1,9124930
2024,11,1,2024-11,1422,1600,5836.3,9338080
2024,11,1,2024-11,1423,1476,6470.15,9549941
2024,11,1,2024-11,1424,2174,4538.33,9866329
2024,11,1,2024-11,1425,1204,5161.49,6214434
2024,11,1,2024-11,1426,1388,5467.41,7588765
2024,11,1,2024-11,1427,693,7352.64,5095380
2024,11,1,2024-11,1428,1823,7633.98,13916746
2024,11,1,2024-11,1429,2231,4261.68,9507808
2024,11,1,2024-11,1430,1434,6815.01,9772724
2024,11,1,2024-11,1431,1260,5315.71,6697795
2024,11,1,2024-11,1432,1805,5612.68,10130887
2024,11,1,2024-11,1433,1833,6852.04,12559789
2024,11,1,2024-11,1434,1275,7338.22,9356230
2024,11,1,2024-11,1435,617,7509.58,4633411
2024,11,1,2024-11,1436,515,6112.77,3148077
2024,11,1,2024-11,1437,2075,5312.6,11023645
2024,11,1,2024-11,1438,721,6855.77,4943010
2024,11,1,2024-11,1439,1393,4958.15,6906703
2024,11,1,2024-11,1440,1942,6117.98,11881117
2024,11,1,2024-11,1441,702,5386.34,3781211
2024,11,1,2024-11,1442,1335,6418.7,8568964
2024,11,1,2024-11,1443,1540,4869.38,7498845
2024,11,1,2024-11,1444,1849,4787.33,8851773
2024,11,1,2024-11,1445,2048,7425.28,15206973
2024,11,1,2024-11,1446,494,4436.8,2191779
2024,11,1,2024-11,1447,837,5887.15,4927545
2024,11,1,2024-11,1448,1325,4966.15,6580149
2024,11,1,2024-11,1449,1143,4261.46,4870849
2024,11,1,2024-11,1450,1595,4169.51,6650368
2024,11,1,2024-11,1451,1082,4658.88,5040908
2024,11,1,2024-11,1452,955,7123.46,6802904
2024,11,1,2024-11,1453,1755,5109.04,8966365
2024,11,1,2024-11,1454,2022,7549.73,15265554
2024,11,1,2024-11,1455,1339,6186.09,8283175
2024,11,1,2024-11,1456,1801,5599.19,10084141
2024,11,1,2024-11,1457,2177,6193.36,13482945
2024,11,1,2024-11,1458,1718,5892.69,10123641
2024,11,1,2024-11,1459,1874,6905.36,12940645
2024,11,1,2024-11,1460,1230,5066.85,6232226
2024,11,1,2024-11,1461,1167,5295.96,6180385
2024,11,1,2024-11,1462,698,7290.03,5088441
2024,11,1,2024-11,1463,774,7503.34,5807585
2024,11,1,2024-11,1464,2170,7287.22,15813267
2024,11,1,2024-11,1465,645,5595.81,3609297
2024,11,1,2024-11,1466,1476,6900.56,10185227
2024,11,1,2024-11,1467,970,5788.12,5614476
2024,11,1,2024-11,1468,1696,5878.21,9969444
2024,11,1,2024-11,1469,2000,4850.13,9700260
2024,11,1,2024-11,1470,508,6139.17,3118698
2024,11,1,2024-11,1471,1506,4736.74,7133530
2024,11,1,2024-11,1472,682,5299.58,3614314
2024,11,1,2024-11,1473,588,7068.45,4156249
2024,11,1,2024-11,1474,1557,4838.41,7533404
2024,11,1,2024-11,1475,645,4315.48,2783485
2024,11,1,2024-11,1476,1918,4318.32,8282538
2024,11,1,2024-11,1477,793,7444.42,5903425
2024,11,1,2024-11,1478,1103,5822.7,6422438
2024,11,1,2024-11,1479,2256,5519.84,12452759
2024,11,1,2024-11,1480,624,7038.2,4391837
2024,11,1,2024-11,1481,1676,6979.9,11698312
2024,11,1,2024-11,1482,1188,5342.07,6346379
2024,11,1,2024-11,1483,913,6534.48,5965980
2024,11,1,2024-11,1484,1650,6810.88,11237952
2024,11,1,2024-11,1485,1288,6425.49,8276031
2024,11,1,2024-11,1486,1621,4689.36,7601453
2024,11,1,2024-11,1487,1550,7150.78,11083709
2024,11,1,2024-11,1488,951,5984.53,5691288
2024,11,1,2024-11,1489,804,5125.04,4120532
2024,11,1,2024-11,1490,2132,5636.61,12017253
2024,11,1,2024-11,1491,842,4298.6,3619421
2024,11,1,2024-11,1492,1116,4490.94,5011889
2024,11,1,2024-11,1493,1353,6764.12,9151854
2024,11,1,2024-11,1494,1949,4120.6,8031049
2024,11,1,2024-11,1495,889,5541.17,4926100
2024,11,1,2024-11,1496,1624,5969.23,9694030
2024,11,1,2024-11,1497,1312,4310.26,5655061
2024,11,1,2024-11,1498,1938,7484.64,14505232
2024,11,1,2024-11,1499,1165,4973.37,5793976
2024,11,1,2024-11,1500,1776,5185.53,9209501
2024,11,1,2024-11,1501,2227,5142.41,11452147
2024,11,1,2024-11,1502,1008,4910.86,4950147
2024,11,1,2024-11,1503,597,4097.53,2446225
2024,11,1,2024-11,1504,2094,6699.35,14028439
2024,11,1,2024-11,1505,1484,7575.59,11242176
2024,11,1,2024-11,1506,1600,4858.67,7773872
2024,11,1,2024-11,1507,1528,6458.61,9868756
2024,11,1,2024-11,1508,1063,6719.02,7142318
2024,11,1,2024-11,1509,1651,7128.95,11769896
2024,11,1,2024-11,1510,1703,5599.75,9536374
2024,11,1,2024-11,1511,959,5073.66,4865640
2024,11,1,2024-11,1512,906,5215.12,4724899
2024,11,1,2024-11,1513,896,6547.08,5866184
2024,11,1,2024-11,1514,1394,7080.19,9869785
2024,11,1,2024-11,1515,477,4773.32,2276874
2024,11,1,2024-11,1516,1473,5351.31,7882480
2024,11,1,2024-11,1517,1416,7342.1,10396414
2024,11,1,2024-11,1518,1662,6943.79,11540579
2024,11,1,2024-11,1519,1406,7608.35,10697340
2024,11,1,2024-11,1520,2268,6685.64,15163032
2024,11,1,2024-11,1521,1328,5505.94,7311888
2024,11,1,2024-11,1522,1829,6211.26,11360395
2024,11,1,2024-11,1523,1606,6363.11,10219155
2024,11,1,2024-11,1524,1041,4421.22,4602490
2024,11,1,2024-11,1525,1835,6079.82,11156470
2024,11,1,2024-11,1526,1704,6625.02,11289034
2024,11,1,2024-11,1527,1043,4662.97,4863478
2024,11,1,2024-11,1528,1974,6857.87,13537435
2024,11,1,2024-11,1529,1226,6242.1,7652815
2024,11,1,2024-11,1530,1917,7565.97,14503964
2024,11,1,2024-11,1531,1927,4209.79,8112265
2024,11,1,2024-11,1532,1770,4952.32,8765606
2024,11,1,2024-11,1533,1668,6225.28,10383767
2024,11,1,2024-11,1534,1302,5199.88,6770244
2024,11,1,2024-11,1535,866,6605.12,5720034
2024,11,1,2024-11,1536,1709,6747.11,11530811
2024,11,1,2024-11,1537,721,4534.49,3269367
2024,11,1,2024-11,1538,1505,5852.68,8808283
2024,11,1,2024-11,1539,1788,5963.86,10663382
2024,11,1,2024-11,1540,1392,5403.61,7521825
2024,11,1,2024-11,1541,1672,7412.01,12392881
2024,11,1,2024-11,1542,603,7058.28,4256143
2024,11,1,2024-11,1543,1627,6568.96,10687698
2024,11,1,2024-11,1544,892,6630.98,5914834
2024,11,1,2024-11,1545,658,5692.8,3745862
2024,11,1,2024-11,1546,1360,7356.06,10004242
2024,11,1,2024-11,1547,2113,6594.53,13934242
2024,11,1,2024-11,1548,1575,6632.81,10446676
2024,11,1,2024-11,1549,1422,7199.86,10238201
2024,11,1,2024-11,1550,1861,5053.69,9404917
2024,11,1,2024-11,1551,1219,6911.56,8425192
2024,11,1,2024-11,1552,1739,4774.77,8303325
2024,11,1,2024-11,1553,521,5335.4,2779743
2024,11,1,2024-11,1554,1199,5246.3,6290314
2024,11,1,2024-11,1555,2105,7641.32,16084979
2024,11,1,2024-11,1556,1984,7183.06,14251191
2024,11,1,2024-11,1557,1426,6615.85,9434202
2024,11,1,2024-11,1558,2097,6668.63,13984117
2024,11,1,2024-11,1559,756,6128.48,4633131
2024,11,1,2024-11,1560,1404,7517.49,10554556
2024,11,1,2024-11,1561,1629,5828.26,9494236
2024,11,1,2024-11,1562,1066,5441.72,5800874
2024,11,1,2024-11,1563,1061,4658.13,4942276
2024,11,1,2024-11,1564,542,6881.79,3729930
2024,11,1,2024-11,1565,1334,6769.25,9030180
2024,11,1,2024-11,1566,1766,5509.52,9729812
2024,11,1,2024-11,1567,2063,4219.35,8704519
2024,11,1,2024-11,1568,2170,7106.52,15421148
2024,11,1,2024-11,1569,1719,4126.13,7092817
2024,11,1,2024-11,1570,1378,6588.92,9079532
2024,11,1,2024-11,1571,646,7568.4,4889186
2024,11,1,2024-11,1572,1700,5575.88,9478996
2024,11,1,2024-11,1573,1168,4962.55,5796258
2024,11,1,2024-11,1574,1138,6644.01,7560883
2024,11,1,2024-11,1575,895,6960.01,6229209
2024,11,1,2024-11,1576,1430,5973.95,8542748
2024,11,1,2024-11,1577,1216,7561.47,9194748
2024,11,1,2024-11,1578,893,4198.75,3749484
2024,11,1,2024-11,1579,2147,5899.49,12666205
2024,11,1,2024-11,1580,1914,6614.45,12660057
2024,11,1,2024-11,1581,1241,7100.26,8811423
2024,11,1,2024-11,1582,762,4756.05,3624110
2024,11,1,2024-11,1583,1542,7003.68,10799675
2024,11,1,2024-11,1584,1772,6039.5,10701994
2024,11,1,2024-11,1585,2133,5537,11810421
2024,11,1,2024-11,1586,1017,4519.24,4596067
2024,11,1,2024-11,1587,891,7213.7,6427407
2024,11,1,2024-11,1588,1256,4623.03,5806526
2024,11,1,2024-11,1589,628,5253.98,3299499
2024,11,1,2024-11,1590,2250,5017.92,11290320
2024,11,1,2024-11,1591,1842,7171.9,13210640
2024,11,1,2024-11,1592,1220,6469.38,7892644
2024,11,1,2024-11,1593,1217,6857.75,8345882
2024,11,1,2024-11,1594,838,5009.67,4198103
2024,11,1,2024-11,1595,997,6312.86,6293921
2024,11,1,2024-11,1596,1072,6160.09,6603616
2024,11,1,2024-11,1597,1173,7024.25,8239445
2024,11,1,2024-11,1598,1424,7269.69,10352039
2024,11,1,2024-11,1599,1354,4101.68,5553675
2024,11,1,2024-11,1600,1224,6436.12,7877811
2024,11,1,2024-11,1601,1412,4253.37,6005758
2024,11,1,2024-11,1602,1999,6103.69,12201276
2024,11,1,2024-11,1603,1593,5122.67,8160413
2024,11,1,2024-11,1604,1732,5208.66,9021399
2024,11,1,2024-11,1605,1110,5323.69,5909296
2024,11,1,2024-11,1606,670,6259.84,4194093
2024,11,1,2024-11,1607,1737,5284.67,9179472
2024,11,1,2024-11,1608,1800,6702.22,12063996
2024,11,1,2024-11,1609,1516,5576.85,8454505
2024,11,1,2024-11,1610,1719,4384.11,7536285
2024,11,1,2024-11,1611,2171,6925.16,15034522
2024,11,1,2024-11,1612,2097,5197.74,10899661
2024,11,1,2024-11,1613,2111,5631.5,11888096
2024,11,1,2024-11,1614,2102,6559.8,13788700
2024,11,1,2024-11,1615,645,5325.41,3434889
2024,11,1,2024-11,1616,1655,4322.78,7154201
2024,11,1,2024-11,1617,973,5463.59,5316073
2024,11,1,2024-11,1618,1697,7459.34,12658500
2024,11,1,2024-11,1619,1305,6372.08,8315564
2024,11,1,2024-11,1620,1311,6467.87,8479378
2024,11,1,2024-11,1621,1867,6332.45,11822684
2024,11,1,2024-11,1622,1300,4795.94,6234722
2024,11,1,2024-11,1623,1872,5547.08,10384134
2024,11,1,2024-11,1624,2185,6714.8,14671838
2024,11,1,2024-11,1625,2099,4393.38,9221705
2024,11,1,2024-11,1626,1741,5133.15,8936814
2024,11,1,2024-11,1627,778,5050.86,3929569
2024,11,1,2024-11,1628,1685,5653.14,9525541
2024,11,1,2024-11,1629,612,7577.77,4637595
2024,11,1,2024-11,1630,1597,4383.9,7001088
2024,11,1,2024-11,1631,1280,5879.17,7525338
2024,11,1,2024-11,1632,1183,4715.77,5578756
2024,11,1,2024-11,1633,931,7526.57,7007237
2024,11,1,2024-11,1634,825,4487.45,3702146
2024,11,1,2024-11,1635,1880,5565.58,10463290
2024,11,1,2024-11,1636,1155,6713.85,7754497
2024,11,1,2024-11,1637,1258,6572.28,8267928
2024,11,1,2024-11,1638,1798,5592.73,10055729
2024,11,1,2024-11,1639,1839,5306.48,9758617
2024,11,1,2024-11,1640,1147,5524.06,6336097
2024,11,1,2024-11,1641,1203,4912.12,5909280
2024,11,1,2024-11,1642,1537,4800.8,7378830
2024,11,1,2024-11,1643,814,5810.8,4729991
2024,11,1,2024-11,1644,1727,5077.51,8768860
2024,11,1,2024-11,1645,784,5150.23,4037780
2024,11,1,2024-11,1646,589,6398.37,3768640
2024,11,1,2024-11,1647,730,7523.17,5491914
2024,11,1,2024-11,1648,1416,6163.15,8727020
2024,11,1,2024-11,1649,1807,4363.13,7884176
2024,11,1,2024-11,1650,1554,4465.03,6938657
2024,11,1,2024-11,1651,1832,7489.62,13720984
2024,11,1,2024-11,1652,945,5113.76,4832503
2024,11,1,2024-11,1653,1114,4419.63,4923468
2024,11,1,2024-11,1654,1935,6130.41,11862343
2024,11,1,2024-11,1655,2017,6344.3,12796453
2024,11,1,2024-11,1656,1523,6458.29,9835976
2024,11,1,2024-11,1657,2060,5028.58,10358875
2024,11,1,2024-11,1658,1352,4099.68,5542767
2024,11,1,2024-11,1659,1776,7510,13337760
2024,11,1,2024-11,1660,1774,4962.3,8803120
2024,11,1,2024-11,1661,1483,6520.5,9669902
2024,11,1,2024-11,1662,1503,6618.76,9947996
2024,11,1,2024-11,1663,1801,6257.52,11269794
2024,11,1,2024-11,1664,899,5200.69,4675420
2024,11,1,2024-11,1665,1306,5022.05,6558797
2024,11,1,2024-11,1666,1936,6245.17,12090649
2024,11,1,2024-11,1667,710,7176.92,5095613
2024,11,1,2024-11,1668,1891,7393.95,13981959
2024,11,1,2024-11,1669,2265,4494.29,10179567
2024,11,1,2024-11,1670,1822,4622.74,8422632
2024,11,1,2024-11,1671,2207,7438.74,16417299
2024,11,1,2024-11,1672,1826,6795.39,12408382
2024,11,1,2024-11,1673,1988,7255.44,14423815
2024,11,1,2024-11,1674,1956,4836.89,9460957
2024,11,1,2024-11,1675,709,6155.07,4363945
2024,11,1,2024-11,1676,1060,6560.68,6954321
2024,11,1,2024-11,1677,2131,6576.27,14014031
2024,11,1,2024-11,1678,1855,5652.04,10484534
2024,11,1,2024-11,1679,1486,4180.62,6212401
2024,11,1,2024-11,1680,1039,6050.8,6286781
2024,11,1,2024-11,1681,654,4953.41,3239530
2024,11,1,2024-11,1682,2002,5688.37,11388117
2024,11,1,2024-11,1683,1558,7496.08,11678893
2024,11,1,2024-11,1684,1255,5501.18,6903981
2024,11,1,2024-11,1685,1787,7018.3,12541702
2024,11,1,2024-11,1686,1528,4842.99,7400089
2024,11,1,2024-11,1687,1630,6510.01,10611316
2024,11,1,2024-11,1688,1581,7538.05,11917657
2024,11,1,2024-11,1689,1912,4420.92,8452799
2024,11,1,2024-11,1690,730,4140.12,3022288
2024,11,1,2024-11,1691,922,5620.2,5181824
2024,11,1,2024-11,1692,1005,4419.75,4441849
2024,11,1,2024-11,1693,832,6775.05,5636842
2024,11,1,2024-11,1694,1317,7326.31,9648750
2024,11,1,2024-11,1695,2192,5711.02,12518556
2024,11,1,2024-11,1696,1611,4901.34,7896059
2024,11,1,2024-11,1697,624,5599.64,3494175
2024,11,1,2024-11,1698,2260,6703.51,15149933
2024,11,1,2024-11,1699,1981,4084.62,8091632
2024,11,1,2024-11,1700,927,6181.04,5729824
2024,11,1,2024-11,1701,1737,6329.48,10994307
2024,11,1,2024-11,1702,1015,6382.02,6477750
2024,11,1,2024-11,1703,1865,4952.92,9237196
2024,11,1,2024-11,1704,759,6685.96,5074644
2024,11,1,2024-11,1705,1052,4383.79,4611747
2024,11,1,2024-11,1706,1385,4814.33,6667847
2024,11,1,2024-11,1707,1326,7240.03,9600280
2024,11,1,2024-11,1708,1513,6669,10090197
2024,11,1,2024-11,1709,1050,4093.85,4298542
2024,11,1,2024-11,1710,1299,4893.16,6356215
2024,11,1,2024-11,1711,2152,4861.04,10460958
2024,11,1,2024-11,1712,1834,5106.19,9364752
2024,11,1,2024-11,1713,988,4931.36,4872184
2024,11,1,2024-11,1714,923,4200.48,3877043
2024,11,1,2024-11,1715,982,5719.95,5616991
2024,11,1,2024-11,1716,1342,6753.98,9063841
2024,11,1,2024-11,1717,673,6234.13,4195569
2024,11,1,2024-11,1718,913,6509.77,5943420
2024,11,1,2024-11,1719,1231,4273.28,5260408
2024,11,1,2024-11,1720,1510,7506.96,11335510
2024,11,1,2024-11,1721,1395,7146.54,9969423
2024,11,1,2024-11,1722,1755,7041.64,12358078
2024,11,1,2024-11,1723,1215,7067.07,8586490
2024,11,1,2024-11,1724,1006,7529.1,7574275
2024,11,1,2024-11,1725,2161,6066.01,13108648
2024,11,1,2024-11,1726,1173,4794.06,5623432
2024,11,1,2024-11,1727,1031,6264.87,6459081
2024,11,1,2024-11,1728,2343,6662.35,15609886
2024,11,1,2024-11,1729,563,6689.8,3766357
2024,11,1,2024-11,1730,896,5895.99,5282807
2024,11,1,2024-11,1731,2092,4363.29,9128003
2024,11,1,2024-11,1732,1346,5355.75,7208840
2024,11,1,2024-11,1733,833,7325.19,6101883
2024,11,1,2024-11,1734,1770,6213.53,10997948
2024,11,1,2024-11,1735,1465,5981.57,8763000
2024,11,1,2024-11,1736,1586,5081.55,8059338
2024,11,1,2024-11,1737,1897,5478.13,10392013
2024,11,1,2024-11,1738,812,7239.06,5878117
2024,11,1,2024-11,1739,1144,6477.45,7410203
2024,11,1,2024-11,1740,2007,7026.53,14102246
2024,11,1,2024-11,1741,1357,5735.5,7783074
2024,11,1,2024-11,1742,1527,6376.1,9736305
2024,11,1,2024-11,1743,1181,4964.78,5863405
2024,11,1,2024-11,1744,1341,6610.94,8865271
2024,11,1,2024-11,1745,873,5645.54,4928556
2024,11,1,2024-11,1746,1432,5610.81,8034680
2024,11,1,2024-11,1747,1776,6341.76,11262966
2024,11,1,2024-11,1748,1969,7445.08,14659363
2024,11,1,2024-11,1749,1065,4301.16,4580735
2024,11,1,2024-11,1750,1130,6969.13,7875117
2024,11,1,2024-11,1751,2169,5057.7,10970151
2024,11,1,2024-11,1752,1318,5715.11,7532515
2024,11,1,2024-11,1753,1751,4159.77,7283757
2024,11,1,2024-11,1754,1912,5139.16,9826074
2024,11,1,2024-11,1755,1700,5877.28,9991376
2024,11,1,2024-11,1756,2127,4285.41,9115067
2024,11,1,2024-11,1757,1235,5827.49,7196950
2024,11,1,2024-11,1758,902,7320.1,6602730
2024,11,1,2024-11,1759,1952,4476.94,8738987
2024,11,1,2024-11,1760,478,6768.86,3235515
2024,11,1,2024-11,1761,1680,5528.06,9287141
2024,11,1,2024-11,1762,1110,6443.18,7151930
2024,11,1,2024-11,1763,1911,5047.5,9645772
2024,11,1,2024-11,1764,1468,4667.04,6851215
2024,11,1,2024-11,1765,1103,4661.52,5141657
2024,11,1,2024-11,1766,1833,4375.47,8020237
2024,11,1,2024-11,1767,2039,4765.54,9716936
2024,11,1,2024-11,1768,1394,6412.94,8939638
2024,11,1,2024-11,1769,735,7272.09,5344986
2024,11,1,2024-11,1770,1834,7027.71,12888820
2024,11,1,2024-11,1771,1145,6537.55,7485495
2024,11,1,2024-11,1772,1632,4505.94,7353694
2024,11,1,2024-11,1773,1245,5127,6383115
2024,11,1,2024-11,1774,1401,5042.41,7064416
2024,11,1,2024-11,1775,1553,4957.84,7699526
2024,11,1,2024-11,1776,602,5915.17,3560932
2024,11,1,2024-11,1777,1291,5987.35,7729669
2024,11,1,2024-11,1778,1952,5335.51,10414916
2024,11,1,2024-11,1779,790,5345.29,4222779
2024,11,1,2024-11,1780,949,7076.77,6715855
2024,11,1,2024-11,1781,1735,6913.09,11994211
2024,11,1,2024-11,1782,1323,5174.43,6845771
2024,11,1,2024-11,1783,1228,7259.79,8915022
2024,11,1,2024-11,1784,852,7533.82,6418815
2024,11,1,2024-11,1785,1384,5228.79,7236645
2024,11,1,2024-11,1786,1475,5426.8,8004530
2024,11,1,2024-11,1787,1841,5849.6,10769114
2024,11,1,2024-11,1788,1615,7476.37,12074338
2024,11,1,2024-11,1789,979,7206.89,7055545
2024,11,1,2024-11,1790,1172,4396.44,5152628
2024,11,1,2024-11,1791,1666,5528.07,9209765
2024,11,1,2024-11,1792,551,5986.77,3298710
2024,11,1,2024-11,1793,1483,5887.64,8731370
2024,11,1,2024-11,1794,1688,4780.97,8070277
2024,11,1,2024-11,1795,1617,7117.43,11508884
2024,11,1,2024-11,1796,915,6554.86,5997697
2024,11,1,2024-11,1797,1533,7085.98,10862807
2024,11,1,2024-11,1798,906,7228.89,6549374
2024,11,1,2024-11,1799,1379,6768.24,9333403
2024,11,1,2024-11,1800,2189,5676.13,12425049
2024,11,1,2024-11,1801,1433,6167.56,8838113
2024,11,1,2024-11,1802,1816,4687.05,8511683
2024,11,1,2024-11,1803,1165,6509.33,7583369
2024,11,1,2024-11,1804,1872,4700.62,8799561
2024,11,1,2024-11,1805,885,6528.63,5777838
2024,11,1,2024-11,1806,803,4893.22,3929256
2024,11,1,2024-11,1807,2011,4541.8,9133560
2024,11,1,2024-11,1808,1696,4621.19,7837538
2024,11,1,2024-11,1809,1554,4032.04,6265790
2024,11,1,2024-11,1810,546,6686.28,3650709
2024,11,1,2024-11,1811,1643,6680.55,10976144
2024,11,1,2024-11,1812,1628,5915.71,9630776
2024,11,1,2024-11,1813,1672,4653.83,7781204
2024,11,1,2024-11,1814,1544,4396.15,6787656
2024,11,1,2024-11,1815,1753,4207.79,7376256
2024,11,1,2024-11,1816,1649,4627.23,7630302
2024,11,1,2024-11,1817,1911,7284.06,13919839
2024,11,1,2024-11,1818,1564,4944.68,7733480
2024,11,1,2024-11,1819,2046,5362.23,10971123
2024,11,1,2024-11,1820,1438,4560,6557280
2024,11,1,2024-11,1821,2107,4821.82,10159575
2024,11,1,2024-11,1822,1379,5964.83,8225501
2024,11,1,2024-11,1823,597,6303.14,3762975
2024,11,1,2024-11,1824,849,4914.32,4172258
2024,11,1,2024-11,1825,1534,4278.27,6562866
2024,11,1,2024-11,1826,818,5456.39,4463327
2024,11,1,2024-11,1827,2098,4982.88,10454082
2024,11,1,2024-11,1828,2154,4867.41,10484401
2024,11,1,2024-11,1829,2112,7439.01,15711189
2024,11,1,2024-11,1830,1299,6386.54,8296115
2024,11,1,2024-11,1831,1821,6146.92,11193541
2024,11,1,2024-11,1832,1710,5610,9593100
2024,11,1,2024-11,1833,1980,5605.52,11098930
2024,11,1,2024-11,1834,1615,5965.44,9634186
2024,11,1,2024-11,1835,1492,6558.99,9786013
2024,11,1,2024-11,1836,1271,6632.54,8429958
2024,11,1,2024-11,1837,2191,4687.7,10270751
2024,11,1,2024-11,1838,1064,5844.09,6218112
2024,11,1,2024-11,1839,964,5487.91,5290345
2024,11,1,2024-11,1840,1965,7150.67,14051067
2024,11,1,2024-11,1841,1083,6275.97,6796876
2024,11,1,2024-11,1842,1800,5990.3,10782540
2024,11,1,2024-11,1843,1850,4531.72,8383682
2024,11,1,2024-11,1844,1285,6188.69,7952467
2024,11,1,2024-11,1845,1268,4426.76,5613132
2024,11,1,2024-11,1846,1689,5287.76,8931027
2024,11,1,2024-11,1847,778,4582.97,3565551
2024,11,1,2024-11,1848,872,6570,5729040
2024,11,1,2024-11,1849,1022,4752.25,4856800
2024,11,1,2024-11,1850,1573,5533.69,8704494
2024,11,1,2024-11,1851,1429,7300.72,10432729
2024,11,1,2024-11,1852,1070,4863.73,5204191
2024,11,1,2024-11,1853,1600,5875.75,9401200
2024,11,1,2024-11,1854,1653,5626.25,9300191
2024,11,1,2024-11,1855,1059,4122.31,4365526
2024,11,1,2024-11,1856,1663,6958.22,11571520
2024,11,1,2024-11,1857,1280,4305.72,5511322
2024,11,1,2024-11,1858,825,5690.96,4695042
2024,11,1,2024-11,1859,998,6123.38,6111133
2024,11,1,2024-11,1860,1814,6299.71,11427674
2024,11,1,2024-11,1861,1743,6585.14,11477899
2024,11,1,2024-11,1862,1159,4914.52,5695929
2024,11,1,2024-11,1863,1650,4038.9,6664185
2024,11,1,2024-11,1864,1617,6648.43,10750511
2024,11,1,2024-11,1865,1480,5996.8,8875264
2024,11,1,2024-11,1866,1677,6990.96,11723840
2024,11,1,2024-11,1867,1223,6989.09,8547657
2024,11,1,2024-11,1868,845,7043.38,5951656
2024,11,1,2024-11,1869,896,5819.73,5214478
2024,11,1,2024-11,1870,2278,5374.89,12243999
2024,11,1,2024-11,1871,1141,6890.39,7861935
2024,11,1,2024-11,1872,1039,5666.12,5887099
2024,11,1,2024-11,1873,1680,4743.9,7969752
2024,11,1,2024-11,1874,1367,7224.8,9876302
2024,11,1,2024-11,1875,877,7185.1,6301333
2024,11,1,2024-11,1876,1064,5750.46,6118489
2024,11,1,2024-11,1877,1955,4465.76,8730561
2024,11,1,2024-11,1878,824,5437.23,4480278
2024,11,1,2024-11,1879,2284,6929.75,15827549
2024,11,1,2024-11,1880,1439,7345.53,10570218
2024,11,1,2024-11,1881,548,4890.98,2680257
2024,11,1,2024-11,1882,687,4409.57,3029375
2024,11,1,2024-11,1883,1821,7209.82,13129082
2024,11,1,2024-11,1884,1366,5431.42,7419320
2024,11,1,2024-11,1885,1483,5989.89,8883007
2024,11,1,2024-11,1886,822,7491.28,6157832
2024,11,1,2024-11,1887,1909,4324.32,8255127
2024,11,1,2024-11,1888,2273,6428.5,14611980
2024,11,1,2024-11,1889,1320,4356.6,5750712
2024,11,1,2024-11,1890,805,5401.91,4348538
2024,11,1,2024-11,1891,1797,6996.43,12572585
2024,11,1,2024-11,1892,992,5655.24,5609998
2024,11,1,2024-11,1893,1306,7666.19,10012044
2024,11,1,2024-11,1894,1597,6115.78,9766901
2024,11,1,2024-11,1895,1797,5244.54,9424438
2024,11,1,2024-11,1896,2191,4864.05,10657134
2024,11,1,2024-11,1897,1083,5280.32,5718587
2024,11,1,2024-11,1898,2056,5400,11102400
2024,11,1,2024-11,1899,1946,4293.68,8355501
2024,11,1,2024-11,1900,670,5482.31,3673148
2024,11,1,2024-11,1901,1326,5815.88,7711857
2024,11,1,2024-11,1902,1493,6728.9,10046248
2024,11,1,2024-11,1903,1715,6410.41,10993853
2024,11,1,2024-11,1904,811,6608.97,5359875
2024,11,1,2024-11,1905,551,4084.12,2250350
2024,11,1,2024-11,1906,881,4806.52,4234544
2024,11,1,2024-11,1907,1500,6483.77,9725655
2024,11,1,2024-11,1908,1342,5778.56,7754828
2024,11,1,2024-11,1909,520,4089.98,2126790
2024,11,1,2024-11,1910,1552,6939.68,10770383
2024,11,1,2024-11,1911,1797,6928.39,12450317
2024,11,1,2024-11,1912,650,6044.02,3928613
2024,11,1,2024-11,1913,1880,4358.88,8194694
2024,11,1,2024-11,1914,1445,6804.75,9832864
2024,11,1,2024-11,1915,865,6137.3,5308764
2024,11,1,2024-11,1916,736,6893.92,5073925
2024,11,1,2024-11,1917,786,6814.66,5356323
2024,11,1,2024-11,1918,1505,6927.67,10426143
2024,11,1,2024-11,1919,913,5963.25,5444447
2024,11,1,2024-11,1920,1662,4572.18,7598963
2024,11,1,2024-11,1921,1092,6404.05,6993223
2024,11,1,2024-11,1922,1965,6263.69,12308151
2024,11,1,2024-11,1923,1080,6732.7,7271316
2024,11,1,2024-11,1924,1378,4700.74,6477620
2024,11,1,2024-11,1925,572,4807.17,2749701
2024,11,1,2024-11,1926,1337,7330.27,9800571
2024,11,1,2024-11,1927,1654,6761.66,11183786
2024,11,1,2024-11,1928,2040,7261.92,14814317
2024,11,1,2024-11,1929,833,6802.48,5666466
2024,11,1,2024-11,1930,2248,6196.19,13929035
2024,11,1,2024-11,1931,1342,6371.77,8550915
2024,11,1,2024-11,1932,2046,7260.94,14855883
2024,11,1,2024-11,1933,1453,6181.37,8981531
2024,11,1,2024-11,1934,2073,6368.89,13202709
2024,11,1,2024-11,1935,2285,4602.72,10517215
2024,11,1,2024-11,1936,1866,5829.37,10877604
2024,11,1,2024-11,1937,2084,6667.28,13894612
2024,11,1,2024-11,1938,480,5124.35,2459688
2024,11,1,2024-11,1939,1039,4898.85,5089905
2024,11,1,2024-11,1940,1054,5231.47,5513969
2024,11,1,2024-11,1941,575,4999.55,2874741
2024,11,1,2024-11,1942,1023,4874.12,4986225
2024,11,1,2024-11,1943,1818,5530.97,10055303
2024,11,1,2024-11,1944,698,7219.86,5039462
2024,11,1,2024-11,1945,1436,5869.18,8428142
2024,11,1,2024-11,1946,2175,4772.5,10380188
2024,11,1,2024-11,1947,2133,4290.85,9152383
2024,11,1,2024-11,1948,852,6568.99,5596779
2024,11,1,2024-11,1949,935,5486.88,5130233
2024,11,1,2024-11,1950,1470,6947.32,10212560
2024,11,1,2024-11,1951,1195,6483.01,7747197
2024,11,1,2024-11,1952,1934,6938.67,13419388
2024,11,1,2024-11,1953,1522,5053.91,7692051
2024,11,1,2024-11,1954,1561,6498.95,10144861
2024,11,1,2024-11,1955,597,5057.09,3019083
2024,11,1,2024-11,1956,1496,7444,11136224
2024,11,1,2024-11,1957,1461,6260.35,9146371
2024,11,1,2024-11,1958,1633,5251.93,8576402
2024,11,1,2024-11,1959,1615,5002.61,8079215
2024,11,1,2024-11,1960,670,4733.48,3171432
2024,11,1,2024-11,1961,1587,6568.51,10424225
2024,11,1,2024-11,1962,2048,4884.67,10003804
2024,11,1,2024-11,1963,1863,6257.06,11656903
2024,11,1,2024-11,1964,815,4989.86,4066736
2024,11,1,2024-11,1965,1899,6448.8,12246271
2024,11,1,2024-11,1966,1348,6909.96,9314626
2024,11,1,2024-11,1967,1978,6879.41,13607473
2024,11,1,2024-11,1968,1355,6782.57,9190382
2024,11,1,2024-11,1969,847,4777.32,4046390
2024,11,1,2024-11,1970,1670,4390.44,7332035
2024,11,1,2024-11,1971,980,6555.14,6424037
2024,11,1,2024-11,1972,830,5386.79,4471036
2024,11,1,2024-11,1973,1629,5528.35,9005682
2024,11,1,2024-11,1974,1266,4227.39,5351876
2024,11,1,2024-11,1975,1322,5046.42,6671367
2024,11,1,2024-11,1976,2079,4240.8,8816623
2024,11,1,2024-11,1977,1020,7218.22,7362584
2024,11,1,2024-11,1978,1210,5003.76,6054550
2024,11,1,2024-11,1979,1780,6041.72,10754262
2024,11,1,2024-11,1980,1775,4177.83,7415648
2024,11,1,2024-11,1981,1603,6496.83,10414418
2024,11,1,2024-11,1982,941,5211.84,4904341
2024,11,1,2024-11,1983,1271,7363.99,9359631
2024,11,1,2024-11,1984,742,7307.9,5422462
2024,11,1,2024-11,1985,2009,5246.78,10540781
2024,11,1,2024-11,1986,1005,7247.11,7283346
2024,11,1,2024-11,1987,1637,7609.44,12456653
2024,11,1,2024-11,1988,2138,7022.54,15014191
2024,11,1,2024-11,1989,1534,7219.61,11074882
2024,11,1,2024-11,1990,926,4983.26,4614499
2024,11,1,2024-11,1991,1554,6174.58,9595297
2024,11,1,2024-11,1992,759,4285.78,3252907
2024,11,1,2024-11,1993,1087,4426.24,4811323
2024,11,1,2024-11,1994,1407,7615.98,10715684
2024,11,1,2024-11,1995,1290,5223.53,6738354
2024,11,1,2024-11,1996,1222,6674.75,8156544
2024,11,1,2024-11,1997,2022,6978.05,14109617
2024,11,1,2024-11,1998,2074,7179.9,14891113
2024,11,1,2024-11,1999,1367,7579.44,10361094
2024,11,1,2024-11,2000,1604,4892.23,7847137
2024,11,1,2024-11,2001,793,4161.8,3300307
2024,11,1,2024-11,2002,1742,5551.99,9671567
2024,11,1,2024-11,2003,1282,4544.7,5826305
2024,11,1,2024-11,2004,983,4201.83,4130399
2024,11,1,2024-11,2005,2229,5318.33,11854558
2024,11,1,2024-11,2006,1916,6865.38,13154068
2024,11,1,2024-11,2007,1490,6070.72,9045373
2024,11,1,2024-11,2008,1221,5229.49,6385207
2024,11,1,2024-11,2009,856,6419.18,5494818
2024,11,1,2024-11,2010,2141,4886.26,10461483
2024,11,1,2024-11,2011,1707,4098.54,6996208
2024,11,1,2024-11,2012,735,6829.23,5019484
2024,11,1,2024-11,2013,1441,6360.18,9165019
2024,11,1,2024-11,2014,1889,6820.78,12884453
2024,11,1,2024-11,2015,803,4206.68,3377964
2024,11,1,2024-11,2016,1955,7010.34,13705215
2024,11,1,2024-11,2017,1319,6353.45,8380201
2024,11,1,2024-11,2018,2244,6095.02,13677225
2024,11,1,2024-11,2019,1961,6346.71,12445898
2024,11,1,2024-11,2020,1121,7203.45,8075067
2024,11,1,2024-11,2021,561,6224.84,3492135
2024,11,1,2024-11,2022,1506,6227.13,9378058
2024,11,1,2024-11,2023,1574,7517.22,11832104
2024,11,1,2024-11,2024,1244,6792.8,8450243
2024,11,1,2024-11,2025,609,5715.59,3480794
2024,11,1,2024-11,2026,1448,6611.5,9573452
2024,11,1,2024-11,2027,1114,5485.42,6110758
2024,11,1,2024-11,2028,2045,4902.3,10025204
2024,11,1,2024-11,2029,1506,6206.42,9346869
2024,11,1,2024-11,2030,1113,7347.62,8177901
2024,11,1,2024-11,2031,1120,7377.52,8262822
2024,11,1,2024-11,2032,734,5251.04,3854263
2024,11,1,2024-11,2033,850,5992.68,5093778
2024,11,1,2024-11,2034,739,4861.27,3592479
2024,11,1,2024-11,2035,1374,7636.29,10492262
2024,11,1,2024-11,2036,1598,7480.62,11954031
2024,11,1,2024-11,2037,1324,6386.62,8455885
2024,11,1,2024-11,2038,825,6904.1,5695882
2024,11,1,2024-11,2039,1126,6589.47,7419743
2024,11,1,2024-11,2040,622,6212.13,3863945
2024,11,1,2024-11,2041,1145,4313.78,4939278
2024,11,1,2024-11,2042,834,5767.47,4810070
2024,11,1,2024-11,2043,1812,6507.89,11792297
2024,11,1,2024-11,2044,903,6567.6,5930543
2024,11,1,2024-11,2045,1413,5357.04,7569498
2024,11,1,2024-11,2046,1967,7407.26,14570080
2024,11,1,2024-11,2047,1655,4676.97,7740385
2024,11,1,2024-11,2048,647,5899.27,3816828
2024,11,1,2024-11,2049,642,6572.64,4219635
2024,11,1,2024-11,2050,2020,6606.77,13345675
2024,11,1,2024-11,2051,1886,6407.48,12084507
2024,11,1,2024-11,2052,893,5068.88,4526510
2024,11,1,2024-11,2053,2191,4714.8,10330127
2024,11,1,2024-11,2054,2208,6375.05,14076110
2024,11,1,2024-11,2055,1279,6230.08,7968272
2024,11,1,2024-11,2056,1020,4726.63,4821163
2024,11,1,2024-11,2057,1599,6567.23,10501001
2024,11,1,2024-11,2058,2021,5742.03,11604643
2024,11,1,2024-11,2059,794,6417.45,5095455
2024,11,1,2024-11,2060,2050,6992.66,14334953
2024,11,1,2024-11,2061,1580,4768.33,7533961
2024,11,1,2024-11,2062,1389,4217.79,5858510
2024,11,1,2024-11,2063,848,6885.71,5839082
2024,11,1,2024-11,2064,1388,6276.68,8712032
2024,11,1,2024-11,2065,1448,6570.8,9514518
2024,11,1,2024-11,2066,1443,7056.57,10182631
2024,11,1,2024-11,2067,1963,6868.1,13482080
2024,11,1,2024-11,2068,1776,7466.98,13261356
2024,11,1,2024-11,2069,687,5954.88,4091003
2024,11,1,2024-11,2070,1877,5830.42,10943698
2024,11,1,2024-11,2071,1753,5596.74,9811085
2024,11,1,2024-11,2072,1136,4562.87,5183420
2024,11,1,2024-11,2073,946,6155.51,5823112
2024,11,1,2024-11,2074,1186,5103.67,6052953
2024,11,1,2024-11,2075,1672,7297.77,12201871
2024,11,1,2024-11,2076,1995,6100.73,12170956
2024,11,1,2024-11,2077,1699,6211.35,10553084
2024,11,1,2024-11,2078,1638,5364.05,8786314
2024,11,1,2024-11,2079,1285,4324.52,5557008
2024,11,1,2024-11,2080,2039,4217.51,8599503
2024,11,1,2024-11,2081,802,5541.14,4443994
2024,11,1,2024-11,2082,1101,4385.53,4828469
2024,11,1,2024-11,2083,1017,6218,6323706
2024,11,1,2024-11,2084,2292,7136.6,16357087
2024,12,1,2024-12,1,1981,7157.79,14179582
2024,12,1,2024-12,2,2564,4849.83,12434964
2024,12,1,2024-12,3,1563,4519.32,7063697
2024,12,1,2024-12,4,2303,5047.7,11624853
2024,12,1,2024-12,5,1916,4313.87,8265375
2024,12,1,2024-12,6,2025,5966.83,12082831
2024,12,1,2024-12,7,2028,7439.51,15087326
2024,12,1,2024-12,8,814,4226.16,3440094
2024,12,1,2024-12,9,1215,4668.73,5672507
2024,12,1,2024-12,10,2167,5780.05,12525368
2024,12,1,2024-12,11,1016,7454.79,7574067
2024,12,1,2024-12,12,2461,5235.08,12883532
2024,12,1,2024-12,13,888,5981.77,5311812
2024,12,1,2024-12,14,2335,4311.45,10067236
2024,12,1,2024-12,15,1908,4626.09,8826580
2024,12,1,2024-12,16,1629,7748.77,12622746
2024,12,1,2024-12,17,757,7551.13,5716205
2024,12,1,2024-12,18,2256,4115.75,9285132
2024,12,1,2024-12,19,1470,7544.35,11090194
2024,12,1,2024-12,20,1117,6405.39,7154821
2024,12,1,2024-12,21,2429,7195.21,17477165
2024,12,1,2024-12,22,1878,5725.96,10753353
2024,12,1,2024-12,23,1241,5928.98,7357864
2024,12,1,2024-12,24,2108,5864.36,12362071
2024,12,1,2024-12,25,1656,6490.98,10749063
2024,12,1,2024-12,26,1026,4630.74,4751139
2024,12,1,2024-12,27,2012,4229.42,8509593
2024,12,1,2024-12,28,1328,5173.72,6870700
2024,12,1,2024-12,29,2189,6612.19,14474084
2024,12,1,2024-12,30,1056,4882.77,5156205
2024,12,1,2024-12,31,1117,6517.25,7279768
2024,12,1,2024-12,32,1680,7538.46,12664613
2024,12,1,2024-12,33,1769,4434.57,7844754
2024,12,1,2024-12,34,1178,6518.83,7679182
2024,12,1,2024-12,35,1886,5796.93,10933010
2024,12,1,2024-12,36,1278,7202.5,9204795
2024,12,1,2024-12,37,2547,4729.94,12047157
2024,12,1,2024-12,38,1660,6600.61,10957013
2024,12,1,2024-12,39,1876,7141.6,13397642
2024,12,1,2024-12,40,1017,7582.72,7711626
2024,12,1,2024-12,41,1899,6546.32,12431462
2024,12,1,2024-12,42,1346,5881.96,7917118
2024,12,1,2024-12,43,1835,6269.78,11505046
2024,12,1,2024-12,44,1212,7165.13,8684138
2024,12,1,2024-12,45,2124,6155.23,13073709
2024,12,1,2024-12,46,1791,4179.54,7485556
2024,12,1,2024-12,47,1916,7374.66,14129849
2024,12,1,2024-12,48,1641,6546.47,10742757
2024,12,1,2024-12,49,895,6477.89,5797712
2024,12,1,2024-12,50,1698,4879.9,8286070
2024,12,1,2024-12,51,963,6413.13,6175844
2024,12,1,2024-12,52,2069,5503.65,11387052
2024,12,1,2024-12,53,1065,6463.89,6884043
2024,12,1,2024-12,54,1326,4482.29,5943517
2024,12,1,2024-12,55,1056,6462.31,6824199
2024,12,1,2024-12,56,842,7636.37,6429824
2024,12,1,2024-12,57,933,4310.91,4022079
2024,12,1,2024-12,58,1575,7620.57,12002398
2024,12,1,2024-12,59,2359,5562.03,13120829
2024,12,1,2024-12,60,1230,7238.06,8902814
2024,12,1,2024-12,61,1595,6904.89,11013300
2024,12,1,2024-12,62,2234,6160.37,13762267
2024,12,1,2024-12,63,893,6787,6060791
2024,12,1,2024-12,64,2286,7239.28,16548994
2024,12,1,2024-12,65,1963,5537.11,10869347
2024,12,1,2024-12,66,2275,5256.07,11957559
2024,12,1,2024-12,67,2200,6469.42,14232724
2024,12,1,2024-12,68,1100,6963.45,7659795
2024,12,1,2024-12,69,1589,6838.03,10865630
2024,12,1,2024-12,70,864,6953.26,6007617
2024,12,1,2024-12,71,1054,5668.28,5974367
2024,12,1,2024-12,72,1955,7057.69,13797784
2024,12,1,2024-12,73,2263,4554.18,10306109
2024,12,1,2024-12,74,1913,6118.65,11704977
2024,12,1,2024-12,75,1913,4132.92,7906276
2024,12,1,2024-12,76,2192,5261.97,11534238
2024,12,1,2024-12,77,1466,5426.24,7954868
2024,12,1,2024-12,78,2077,5558.25,11544485
2024,12,1,2024-12,79,2216,6692.61,14830824
2024,12,1,2024-12,80,1484,5516.92,8187109
2024,12,1,2024-12,81,1086,5725.49,6217882
2024,12,1,2024-12,82,1552,5008.3,7772882
2024,12,1,2024-12,83,877,5426.01,4758611
2024,12,1,2024-12,84,1023,4920.02,5033180
2024,12,1,2024-12,85,1721,4386.26,7548753
2024,12,1,2024-12,86,1122,6235.5,6996231
2024,12,1,2024-12,87,1944,6442.33,12523890
2024,12,1,2024-12,88,2218,6356.73,14099227
2024,12,1,2024-12,89,1428,5726.2,8177014
2024,12,1,2024-12,90,2364,5514.24,13035663
2024,12,1,2024-12,91,2036,7185.54,14629759
2024,12,1,2024-12,92,1837,5961.93,10952065
2024,12,1,2024-12,93,1168,5746.68,6712122
2024,12,1,2024-12,94,1556,4221.1,6568032
2024,12,1,2024-12,95,1106,5354.79,5922398
2024,12,1,2024-12,96,1820,5495.56,10001919
2024,12,1,2024-12,97,1934,5574.46,10781006
2024,12,1,2024-12,98,1444,6108.82,8821136
2024,12,1,2024-12,99,1088,5964.71,6489604
2024,12,1,2024-12,100,1634,6227.88,10176356
2024,12,1,2024-12,101,1120,6831.5,7651280
2024,12,1,2024-12,102,1239,6982.25,8651008
2024,12,1,2024-12,103,1242,6697.47,8318258
2024,12,1,2024-12,104,1970,7531.37,14836799
2024,12,1,2024-12,105,2043,4195.36,8571120
2024,12,1,2024-12,106,821,4834.21,3968886
2024,12,1,2024-12,107,979,4047.21,3962219
2024,12,1,2024-12,108,1297,6467.71,8388620
2024,12,1,2024-12,109,2226,7308.62,16268988
2024,12,1,2024-12,110,1743,5023.98,8756797
2024,12,1,2024-12,111,1683,7362.29,12390734
2024,12,1,2024-12,112,2398,4352.2,10436576
2024,12,1,2024-12,113,1883,7460.42,14047971
2024,12,1,2024-12,114,2153,5438.73,11709586
2024,12,1,2024-12,115,1578,4480.85,7070781
2024,12,1,2024-12,116,1023,5892.01,6027526
2024,12,1,2024-12,117,1166,4954.87,5777378
2024,12,1,2024-12,118,1128,5131.16,5787948
2024,12,1,2024-12,119,1059,5175.54,5480897
2024,12,1,2024-12,120,963,6970.27,6712370
2024,12,1,2024-12,121,1729,6037.17,10438267
2024,12,1,2024-12,122,832,5190.23,4318271
2024,12,1,2024-12,123,1801,6323.84,11389236
2024,12,1,2024-12,124,1224,6715.54,8219821
2024,12,1,2024-12,125,1206,5043.02,6081882
2024,12,1,2024-12,126,1494,5601.98,8369358
2024,12,1,2024-12,127,1575,4462.79,7028894
2024,12,1,2024-12,128,1748,4802.1,8394071
2024,12,1,2024-12,129,1883,6553,12339299
2024,12,1,2024-12,130,1347,4755.74,6405982
2024,12,1,2024-12,131,1062,6064.85,6440871
2024,12,1,2024-12,132,1618,6663.64,10781770
2024,12,1,2024-12,133,862,4617.12,3979957
2024,12,1,2024-12,134,1376,6092.92,8383858
2024,12,1,2024-12,135,1733,4984.8,8638658
2024,12,1,2024-12,136,1859,7596.06,14121076
2024,12,1,2024-12,137,1500,5830.41,8745615
2024,12,1,2024-12,138,2679,7047.96,18881485
2024,12,1,2024-12,139,1346,6035.81,8124200
2024,12,1,2024-12,140,2005,4319.86,8661319
2024,12,1,2024-12,141,2325,6374.9,14821642
2024,12,1,2024-12,142,1509,7518.85,11345945
2024,12,1,2024-12,143,1690,6208.77,10492821
2024,12,1,2024-12,144,1002,7096.57,7110763
2024,12,1,2024-12,145,1765,7297.62,12880299
2024,12,1,2024-12,146,1574,4953.7,7797124
2024,12,1,2024-12,147,1235,4807.47,5937225
2024,12,1,2024-12,148,1131,6288.77,7112599
2024,12,1,2024-12,149,1947,5580.21,10864669
2024,12,1,2024-12,150,1611,7059,11372049
2024,12,1,2024-12,151,2221,7365.28,16358287
2024,12,1,2024-12,152,1623,5417.99,8793398
2024,12,1,2024-12,153,1574,4893.44,7702275
2024,12,1,2024-12,154,2314,6904.18,15976273
2024,12,1,2024-12,155,1425,5133.87,7315765
2024,12,1,2024-12,156,1872,7134.15,13355129
2024,12,1,2024-12,157,863,5664.9,4888809
2024,12,1,2024-12,158,1285,6455.82,8295729
2024,12,1,2024-12,159,2431,4411.16,10723530
2024,12,1,2024-12,160,907,6356.99,5765790
2024,12,1,2024-12,161,1730,5760.26,9965250
2024,12,1,2024-12,162,2164,6211.04,13440691
2024,12,1,2024-12,163,1336,4691.29,6267563
2024,12,1,2024-12,164,2257,6785.43,15314716
2024,12,1,2024-12,165,1474,7247.94,10683464
2024,12,1,2024-12,166,2040,4872.56,9940022
2024,12,1,2024-12,167,2244,4453.19,9992958
2024,12,1,2024-12,168,1946,4224.9,8221655
2024,12,1,2024-12,169,1318,6392.16,8424867
2024,12,1,2024-12,170,1462,6325.27,9247545
2024,12,1,2024-12,171,1385,6047.99,8376466
2024,12,1,2024-12,172,1675,4985.86,8351315
2024,12,1,2024-12,173,1313,5479.6,7194715
2024,12,1,2024-12,174,1691,6344.76,10728989
2024,12,1,2024-12,175,1873,5886.96,11026276
2024,12,1,2024-12,176,2494,7676.83,19146014
2024,12,1,2024-12,177,2328,4657.27,10842125
2024,12,1,2024-12,178,2318,6596.53,15290757
2024,12,1,2024-12,179,2458,5573.96,13700794
2024,12,1,2024-12,180,2118,5649.58,11965810
2024,12,1,2024-12,181,1076,6777.32,7292396
2024,12,1,2024-12,182,2126,6667.29,14174659
2024,12,1,2024-12,183,2346,7630.52,17901200
2024,12,1,2024-12,184,2270,4525.29,10272408
2024,12,1,2024-12,185,2338,4509.21,10542533
2024,12,1,2024-12,186,1373,6711.8,9215301
2024,12,1,2024-12,187,1212,6255.83,7582066
2024,12,1,2024-12,188,1776,5112.38,9079587
2024,12,1,2024-12,189,2353,4397.08,10346329
2024,12,1,2024-12,190,2378,4376.29,10406818
2024,12,1,2024-12,191,1693,7292.42,12346067
2024,12,1,2024-12,192,2399,4767.71,11437736
2024,12,1,2024-12,193,2350,5253.21,12345044
2024,12,1,2024-12,194,1411,4906.87,6923594
2024,12,1,2024-12,195,1059,5365.8,5682382
2024,12,1,2024-12,196,2136,4361.17,9315459
2024,12,1,2024-12,197,2145,5995.9,12861206
2024,12,1,2024-12,198,1511,4397.83,6645121
2024,12,1,2024-12,199,1537,7012.73,10778566
2024,12,1,2024-12,200,2242,4884.05,10950040
2024,12,1,2024-12,201,2448,5989.72,14662835
2024,12,1,2024-12,202,2299,7246.86,16660531
2024,12,1,2024-12,203,2254,6391.7,14406892
2024,12,1,2024-12,204,1177,6039.11,7108032
2024,12,1,2024-12,205,1539,5271.11,8112238
2024,12,1,2024-12,206,2274,5308.9,12072439
2024,12,1,2024-12,207,2453,6566.36,16107281
2024,12,1,2024-12,208,2549,7655.59,19514099
2024,12,1,2024-12,209,2194,6430.6,14108736
2024,12,1,2024-12,210,1664,6099.4,10149402
2024,12,1,2024-12,211,1987,6631.94,13177665
2024,12,1,2024-12,212,1444,5769.78,8331562
2024,12,1,2024-12,213,937,4214.66,3949136
2024,12,1,2024-12,214,1035,6125.99,6340400
2024,12,1,2024-12,215,1563,7590.52,11863983
2024,12,1,2024-12,216,1035,4762.87,4929570
2024,12,1,2024-12,217,1618,6595.97,10672279
2024,12,1,2024-12,218,2096,4853.25,10172412
2024,12,1,2024-12,219,1336,5996.56,8011404
2024,12,1,2024-12,220,2229,4364.54,9728560
2024,12,1,2024-12,221,2214,5668.48,12550015
2024,12,1,2024-12,222,2046,6846.07,14007059
2024,12,1,2024-12,223,1434,5399.61,7743041
2024,12,1,2024-12,224,2516,6551.51,16483599
2024,12,1,2024-12,225,892,6901.01,6155701
2024,12,1,2024-12,226,1494,7485.29,11183023
2024,12,1,2024-12,227,2442,4893.47,11949854
2024,12,1,2024-12,228,1119,5559.64,6221237
2024,12,1,2024-12,229,2053,4682.4,9612967
2024,12,1,2024-12,230,826,7634.42,6306031
2024,12,1,2024-12,231,1194,7466.6,8915120
2024,12,1,2024-12,232,1650,5945.68,9810372
2024,12,1,2024-12,233,1116,7081.19,7902608
2024,12,1,2024-12,234,1002,5940.98,5952862
2024,12,1,2024-12,235,1590,6373.32,10133579
2024,12,1,2024-12,236,954,4457.86,4252798
2024,12,1,2024-12,237,1725,6825.08,11773263
2024,12,1,2024-12,238,1649,4577.16,7547737
2024,12,1,2024-12,239,1078,7126.2,7682044
2024,12,1,2024-12,240,1372,6894.49,9459240
2024,12,1,2024-12,241,2218,6628.59,14702213
2024,12,1,2024-12,242,2215,4233.01,9376117
2024,12,1,2024-12,243,901,5151.48,4641483
2024,12,1,2024-12,244,2284,5080.61,11604113
2024,12,1,2024-12,245,1287,5344.71,6878642
2024,12,1,2024-12,246,2131,4416.25,9411029
2024,12,1,2024-12,247,1497,7506.77,11237635
2024,12,1,2024-12,248,1556,6082.12,9463779
2024,12,1,2024-12,249,1750,5157.43,9025502
2024,12,1,2024-12,250,1190,5547.2,6601168
2024,12,1,2024-12,251,2201,5744.6,12643865
2024,12,1,2024-12,252,1101,6282.43,6916955
2024,12,1,2024-12,253,1800,5980.32,10764576
2024,12,1,2024-12,254,1606,7371.23,11838195
2024,12,1,2024-12,255,1302,5988.74,7797339
2024,12,1,2024-12,256,1686,7709.97,12999009
2024,12,1,2024-12,257,1461,7129.22,10415790
2024,12,1,2024-12,258,1183,4867.15,5757838
2024,12,1,2024-12,259,1709,7452.99,12737160
2024,12,1,2024-12,260,1487,4534.4,6742653
2024,12,1,2024-12,261,1288,7057.41,9089944
2024,12,1,2024-12,262,822,5473.48,4499201
2024,12,1,2024-12,263,2414,7281.33,17577131
2024,12,1,2024-12,264,2068,7258.43,15010433
2024,12,1,2024-12,265,1080,7014.65,7575822
2024,12,1,2024-12,266,967,6911.82,6683730
2024,12,1,2024-12,267,1104,5254.31,5800758
2024,12,1,2024-12,268,1392,4397.92,6121905
2024,12,1,2024-12,269,1817,5562.78,10107571
2024,12,1,2024-12,270,1537,4713.14,7244096
2024,12,1,2024-12,271,1003,6657.5,6677472
2024,12,1,2024-12,272,1837,5323.85,9779912
2024,12,1,2024-12,273,2240,7599.37,17022589
2024,12,1,2024-12,274,974,6518.97,6349477
2024,12,1,2024-12,275,1260,6974.9,8788374
2024,12,1,2024-12,276,1874,4546.5,8520141
2024,12,1,2024-12,277,2260,7246.34,16376728
2024,12,1,2024-12,278,1656,7420.25,12287934
2024,12,1,2024-12,279,622,5880.69,3657789
2024,12,1,2024-12,280,1948,6222.24,12120924
2024,12,1,2024-12,281,2089,6840.83,14290494
2024,12,1,2024-12,282,1580,4731.15,7475217
2024,12,1,2024-12,283,1069,5910.81,6318656
2024,12,1,2024-12,284,2027,5541.96,11233553
2024,12,1,2024-12,285,1339,4539.21,6078002
2024,12,1,2024-12,286,1057,5420.39,5729352
2024,12,1,2024-12,287,863,4421.84,3816048
2024,12,1,2024-12,288,2128,4190.49,8917363
2024,12,1,2024-12,289,1328,4552.9,6046251
2024,12,1,2024-12,290,1153,7532.72,8685226
2024,12,1,2024-12,291,2393,6132.01,14673900
2024,12,1,2024-12,292,2338,7455.64,17431286
2024,12,1,2024-12,293,801,5687.95,4556048
2024,12,1,2024-12,294,1030,5243.97,5401289
2024,12,1,2024-12,295,1919,5886.77,11296712
2024,12,1,2024-12,296,1927,5820.19,11215506
2024,12,1,2024-12,297,1501,4531.51,6801797
2024,12,1,2024-12,298,2499,6413.64,16027686
2024,12,1,2024-12,299,996,4936.82,4917073
2024,12,1,2024-12,300,908,6356.52,5771720
2024,12,1,2024-12,301,1845,6456.22,11911726
2024,12,1,2024-12,302,1910,4663.8,8907858
2024,12,1,2024-12,303,1269,4306.45,5464885
2024,12,1,2024-12,304,1762,6953.64,12252314
2024,12,1,2024-12,305,1777,5752.22,10221695
2024,12,1,2024-12,306,1894,4370.94,8278560
2024,12,1,2024-12,307,928,7724.42,7168262
2024,12,1,2024-12,308,1531,4360.66,6676170
2024,12,1,2024-12,309,1291,6580.69,8495671
2024,12,1,2024-12,310,2197,7594.93,16686061
2024,12,1,2024-12,311,1721,4965.29,8545264
2024,12,1,2024-12,312,2238,4620,10339560
2024,12,1,2024-12,313,1868,4527.79,8457912
2024,12,1,2024-12,314,2337,5242.5,12251722
2024,12,1,2024-12,315,1082,4513.64,4883758
2024,12,1,2024-12,316,1406,6623.48,9312613
2024,12,1,2024-12,317,2031,4398.13,8932602
2024,12,1,2024-12,318,1694,5945.44,10071575
2024,12,1,2024-12,319,1308,7631.44,9981924
2024,12,1,2024-12,320,1924,7088.26,13637812
2024,12,1,2024-12,321,1353,6335.35,8571729
2024,12,1,2024-12,322,2183,5257.66,11477472
2024,12,1,2024-12,323,1776,6365.57,11305252
2024,12,1,2024-12,324,1714,5971.8,10235665
2024,12,1,2024-12,325,901,5582.95,5030238
2024,12,1,2024-12,326,1364,4622.12,6304572
2024,12,1,2024-12,327,2185,7268,15880580
2024,12,1,2024-12,328,1395,5768.64,8047253
2024,12,1,2024-12,329,1270,4717.66,5991428
2024,12,1,2024-12,330,2028,5457.57,11067952
2024,12,1,2024-12,331,748,5619.8,4203610
2024,12,1,2024-12,332,1089,7146.76,7782822
2024,12,1,2024-12,333,2248,6719.74,15105976
2024,12,1,2024-12,334,1569,6864.31,10770102
2024,12,1,2024-12,335,1072,4221.63,4525587
2024,12,1,2024-12,336,1968,5663.56,11145886
2024,12,1,2024-12,337,1816,5810.18,10551287
2024,12,1,2024-12,338,1196,4133.5,4943666
2024,12,1,2024-12,339,2136,5046.84,10780050
2024,12,1,2024-12,340,1704,6879.45,11722583
2024,12,1,2024-12,341,1393,4633.01,6453783
2024,12,1,2024-12,342,1500,6022.73,9034095
2024,12,1,2024-12,343,1971,4980.13,9815836
2024,12,1,2024-12,344,1835,4141.02,7598772
2024,12,1,2024-12,345,740,4993.55,3695227
2024,12,1,2024-12,346,1970,7553.71,14880809
2024,12,1,2024-12,347,2034,6951.49,14139331
2024,12,1,2024-12,348,822,7548.49,6204859
2024,12,1,2024-12,349,1311,5882.43,7711866
2024,12,1,2024-12,350,1790,4406.63,7887868
2024,12,1,2024-12,351,2131,6038.08,12867148
2024,12,1,2024-12,352,1398,5640.14,7884916
2024,12,1,2024-12,353,864,7060.45,6100229
2024,12,1,2024-12,354,1930,4531.5,8745795
2024,12,1,2024-12,355,1055,5829.54,6150165
2024,12,1,2024-12,356,2533,4749.36,12030129
2024,12,1,2024-12,357,1323,5216.85,6901893
2024,12,1,2024-12,358,1088,6788.22,7385583
2024,12,1,2024-12,359,1024,5826.64,5966479
2024,12,1,2024-12,360,1478,5458.96,8068343
2024,12,1,2024-12,361,2112,5460.73,11533062
2024,12,1,2024-12,362,1560,5738.48,8952029
2024,12,1,2024-12,363,1907,6922.07,13200387
2024,12,1,2024-12,364,2107,7290.55,15361189
2024,12,1,2024-12,365,1120,7551.74,8457949
2024,12,1,2024-12,366,1003,6907.21,6927932
2024,12,1,2024-12,367,1666,5218.83,8694571
2024,12,1,2024-12,368,1587,6574.68,10434017
2024,12,1,2024-12,369,2125,5720.29,12155616
2024,12,1,2024-12,370,2192,5114.85,11211751
2024,12,1,2024-12,371,2080,7089.86,14746909
2024,12,1,2024-12,372,922,4147.41,3823912
2024,12,1,2024-12,373,751,7377.06,5540172
2024,12,1,2024-12,374,1301,5822.3,7574812
2024,12,1,2024-12,375,1179,6337.16,7471512
2024,12,1,2024-12,376,2192,6530.2,14314198
2024,12,1,2024-12,377,1568,7344.1,11515549
2024,12,1,2024-12,378,1675,6337.56,10615413
2024,12,1,2024-12,379,2038,6189.68,12614568
2024,12,1,2024-12,380,1653,4318.46,7138414
2024,12,1,2024-12,381,2017,6016.22,12134716
2024,12,1,2024-12,382,1069,4624.14,4943206
2024,12,1,2024-12,383,1410,6755.33,9525015
2024,12,1,2024-12,384,2307,5868.84,13539414
2024,12,1,2024-12,385,1730,6584.3,11390839
2024,12,1,2024-12,386,1905,4244,8084820
2024,12,1,2024-12,387,2199,4457.8,9802702
2024,12,1,2024-12,388,858,6624.69,5683984
2024,12,1,2024-12,389,2073,4290.58,8894372
2024,12,1,2024-12,390,2010,4405.88,8855819
2024,12,1,2024-12,391,2450,4188.58,10262021
2024,12,1,2024-12,392,1810,7507.69,13588919
2024,12,1,2024-12,393,1274,6861.16,8741118
2024,12,1,2024-12,394,1910,5385.78,10286840
2024,12,1,2024-12,395,1241,5167.79,6413227
2024,12,1,2024-12,396,1475,5383.37,7940471
2024,12,1,2024-12,397,1672,6906.84,11548236
2024,12,1,2024-12,398,1757,6529.32,11472015
2024,12,1,2024-12,399,854,4746.61,4053605
2024,12,1,2024-12,400,1527,4739.57,7237323
2024,12,1,2024-12,401,979,4457.17,4363569
2024,12,1,2024-12,402,872,6483.56,5653664
2024,12,1,2024-12,403,1258,6921.53,8707285
2024,12,1,2024-12,404,1141,5051.72,5764013
2024,12,1,2024-12,405,1604,4177.5,6700710
2024,12,1,2024-12,406,1775,4405.01,7818893
2024,12,1,2024-12,407,1287,7571.08,9743980
2024,12,1,2024-12,408,2000,5160.39,10320780
2024,12,1,2024-12,409,2072,6882.27,14260063
2024,12,1,2024-12,410,2257,6351.03,14334275
2024,12,1,2024-12,411,1788,5488.15,9812812
2024,12,1,2024-12,412,1687,4874.8,8223788
2024,12,1,2024-12,413,1941,4584.53,8898573
2024,12,1,2024-12,414,943,6357.86,5995462
2024,12,1,2024-12,415,1463,6928,10135664
2024,12,1,2024-12,416,2314,6442.37,14907644
2024,12,1,2024-12,417,2161,5957.65,12874482
2024,12,1,2024-12,418,957,4230.85,4048923
2024,12,1,2024-12,419,1087,7559.99,8217709
2024,12,1,2024-12,420,1545,6964.41,10760013
2024,12,1,2024-12,421,2213,5127.95,11348153
2024,12,1,2024-12,422,1164,7583.37,8827043
2024,12,1,2024-12,423,1333,6204.02,8269959
2024,12,1,2024-12,424,1667,6180.49,10302877
2024,12,1,2024-12,425,2121,6793.86,14409777
2024,12,1,2024-12,426,1742,7005.35,12203320
2024,12,1,2024-12,427,1355,6447.31,8736105
2024,12,1,2024-12,428,1185,4579.15,5426293
2024,12,1,2024-12,429,2008,5347.29,10737358
2024,12,1,2024-12,430,974,7444.11,7250563
2024,12,1,2024-12,431,1906,4931.06,9398600
2024,12,1,2024-12,432,2038,5475.97,11160027
2024,12,1,2024-12,433,744,5634.92,4192380
2024,12,1,2024-12,434,2113,5733.7,12115308
2024,12,1,2024-12,435,2186,6282.33,13733173
2024,12,1,2024-12,436,1767,7472.05,13203112
2024,12,1,2024-12,437,1849,4870.77,9006054
2024,12,1,2024-12,438,1842,4521.4,8328419
2024,12,1,2024-12,439,1880,4758.01,8945059
2024,12,1,2024-12,440,2298,7339.32,16865757
2024,12,1,2024-12,441,863,6461.78,5576516
2024,12,1,2024-12,442,1926,5106.87,9835832
2024,12,1,2024-12,443,1714,7012.23,12018962
2024,12,1,2024-12,444,1779,7128.93,12682366
2024,12,1,2024-12,445,1693,7104.12,12027275
2024,12,1,2024-12,446,1079,7424.67,8011219
2024,12,1,2024-12,447,1053,5068.86,5337510
2024,12,1,2024-12,448,1283,6809.15,8736139
2024,12,1,2024-12,449,1990,5762.81,11467992
2024,12,1,2024-12,450,1436,7130.19,10238953
2024,12,1,2024-12,451,1038,6695.26,6949680
2024,12,1,2024-12,452,1615,6902.56,11147634
2024,12,1,2024-12,453,1798,6446.67,11591113
2024,12,1,2024-12,454,2264,4773.6,10807430
2024,12,1,2024-12,455,1392,6059.35,8434615
2024,12,1,2024-12,456,2408,7570.06,18228704
2024,12,1,2024-12,457,914,7489.23,6845156
2024,12,1,2024-12,458,1596,4270.48,6815686
2024,12,1,2024-12,459,1874,4679.38,8769158
2024,12,1,2024-12,460,2232,4580.02,10222605
2024,12,1,2024-12,461,1856,6667.59,12375047
2024,12,1,2024-12,462,1800,6990.72,12583296
2024,12,1,2024-12,463,1513,4857.19,7348928
2024,12,1,2024-12,464,1401,5935.35,8315425
2024,12,1,2024-12,465,1660,7139.32,11851271
2024,12,1,2024-12,466,1901,6682.89,12704174
2024,12,1,2024-12,467,1987,6051.64,12024609
2024,12,1,2024-12,468,1567,6175.03,9676272
2024,12,1,2024-12,469,1381,5934.11,8195006
2024,12,1,2024-12,470,2126,5167.2,10985467
2024,12,1,2024-12,471,1836,6140.79,11274490
2024,12,1,2024-12,472,1920,6544.84,12566093
2024,12,1,2024-12,473,2396,7294.92,17478628
2024,12,1,2024-12,474,1398,6475.89,9053294
2024,12,1,2024-12,475,2405,6824.68,16413355
2024,12,1,2024-12,476,1302,4650.51,6054964
2024,12,1,2024-12,477,1506,5713.31,8604245
2024,12,1,2024-12,478,1838,4085.61,7509351
2024,12,1,2024-12,479,1036,5038.7,5220093
2024,12,1,2024-12,480,1992,6688.92,13324329
2024,12,1,2024-12,481,987,7601.21,7502394
2024,12,1,2024-12,482,2431,4412.86,10727663
2024,12,1,2024-12,483,1923,5491.61,10560366
2024,12,1,2024-12,484,2087,7032.67,14677182
2024,12,1,2024-12,485,1315,4904.97,6450036
2024,12,1,2024-12,486,2103,6087.79,12802622
2024,12,1,2024-12,487,2019,6719.38,13566428
2024,12,1,2024-12,488,2090,6221.15,13002204
2024,12,1,2024-12,489,2031,4718.74,9583761
2024,12,1,2024-12,490,1953,5341.97,10432867
2024,12,1,2024-12,491,774,6943.44,5374223
2024,12,1,2024-12,492,1675,6202,10388350
2024,12,1,2024-12,493,1677,4162.13,6979892
2024,12,1,2024-12,494,1314,6827.9,8971861
2024,12,1,2024-12,495,1926,4243.18,8172365
2024,12,1,2024-12,496,1858,6785.55,12607552
2024,12,1,2024-12,497,937,4819.93,4516274
2024,12,1,2024-12,498,1234,7533.56,9296413
2024,12,1,2024-12,499,1215,5349.72,6499910
2024,12,1,2024-12,500,1001,5247.27,5252517
2024,12,1,2024-12,501,1488,4624.54,6881316
2024,12,1,2024-12,502,2066,5154.07,10648309
2024,12,1,2024-12,503,2131,7258.36,15467565
2024,12,1,2024-12,504,1290,7701.93,9935490
2024,12,1,2024-12,505,577,5487.08,3166045
2024,12,1,2024-12,506,1185,5697.37,6751383
2024,12,1,2024-12,507,1935,6610.33,12790989
2024,12,1,2024-12,508,1643,7355.33,12084807
2024,12,1,2024-12,509,2151,6189.24,13313055
2024,12,1,2024-12,510,2144,5604.21,12015426
2024,12,1,2024-12,511,1661,5656.43,9395330
2024,12,1,2024-12,512,1304,6585.61,8587635
2024,12,1,2024-12,513,1679,4107.51,6896509
2024,12,1,2024-12,514,1717,6273.27,10771205
2024,12,1,2024-12,515,2178,5279.11,11497902
2024,12,1,2024-12,516,1323,6977.59,9231352
2024,12,1,2024-12,517,1928,4435.31,8551278
2024,12,1,2024-12,518,1603,6266.89,10045825
2024,12,1,2024-12,519,1116,5889.46,6572637
2024,12,1,2024-12,520,1002,6329.39,6342049
2024,12,1,2024-12,521,1317,4344.48,5721680
2024,12,1,2024-12,522,2024,6282.89,12716569
2024,12,1,2024-12,523,965,6075.07,5862443
2024,12,1,2024-12,524,2268,6169.56,13992562
2024,12,1,2024-12,525,1819,6286.79,11435671
2024,12,1,2024-12,526,1316,6545.5,8613878
2024,12,1,2024-12,527,1226,6989.46,8569078
2024,12,1,2024-12,528,1820,5018.89,9134380
2024,12,1,2024-12,529,1721,6991.58,12032509
2024,12,1,2024-12,530,2380,5864.87,13958391
2024,12,1,2024-12,531,2359,4334.63,10225392
2024,12,1,2024-12,532,2342,4342.16,10169339
2024,12,1,2024-12,533,2119,5400.74,11444168
2024,12,1,2024-12,534,1863,6988.41,13019408
2024,12,1,2024-12,535,1045,6621.42,6919384
2024,12,1,2024-12,536,1287,6986.27,8991329
2024,12,1,2024-12,537,942,6000.27,5652254
2024,12,1,2024-12,538,2005,5696.28,11421041
2024,12,1,2024-12,539,2412,4714.15,11370530
2024,12,1,2024-12,540,1377,5203.11,7164682
2024,12,1,2024-12,541,1557,5633.89,8771967
2024,12,1,2024-12,542,878,4463.04,3918549
2024,12,1,2024-12,543,1503,4914.28,7386163
2024,12,1,2024-12,544,1791,6222.55,11144587
2024,12,1,2024-12,545,964,6682.81,6442229
2024,12,1,2024-12,546,1637,7617.69,12470159
2024,12,1,2024-12,547,1328,7445.3,9887358
2024,12,1,2024-12,548,1834,6443.05,11816554
2024,12,1,2024-12,549,1911,5677.28,10849282
2024,12,1,2024-12,550,1343,6341.2,8516232
2024,12,1,2024-12,551,841,6911.04,5812185
2024,12,1,2024-12,552,1408,4491.38,6323863
2024,12,1,2024-12,553,2255,5597.81,12623062
2024,12,1,2024-12,554,1880,7144.05,13430814
2024,12,1,2024-12,555,1977,5445.04,10764844
2024,12,1,2024-12,556,1378,6097.76,8402713
2024,12,1,2024-12,557,2295,6294.3,14445418
2024,12,1,2024-12,558,2203,4772.77,10514412
2024,12,1,2024-12,559,1496,5411.89,8096187
2024,12,1,2024-12,560,2105,5254.59,11060912
2024,12,1,2024-12,561,1841,4196.62,7725977
2024,12,1,2024-12,562,1563,4165.37,6510473
2024,12,1,2024-12,563,1769,7062.11,12492873
2024,12,1,2024-12,564,2231,5045.03,11255462
2024,12,1,2024-12,565,1156,6017.03,6955687
2024,12,1,2024-12,566,1922,5148.18,9894802
2024,12,1,2024-12,567,800,7517.59,6014072
2024,12,1,2024-12,568,1615,4983.85,8048918
2024,12,1,2024-12,569,1994,5711.76,11389249
2024,12,1,2024-12,570,1797,7242.66,13015060
2024,12,1,2024-12,571,1773,7155.18,12686134
2024,12,1,2024-12,572,759,4700.69,3567824
2024,12,1,2024-12,573,1573,7013.16,11031701
2024,12,1,2024-12,574,2228,5849.46,13032597
2024,12,1,2024-12,575,745,5847.47,4356365
2024,12,1,2024-12,576,2267,4703.24,10662245
2024,12,1,2024-12,577,949,4317.76,4097554
2024,12,1,2024-12,578,1028,6673.53,6860389
2024,12,1,2024-12,579,1651,5907.18,9752754
2024,12,1,2024-12,580,1751,5631.17,9860179
2024,12,1,2024-12,581,2171,6819.88,14805959
2024,12,1,2024-12,582,700,6803.75,4762625
2024,12,1,2024-12,583,1440,4712.97,6786677
2024,12,1,2024-12,584,1564,6264.09,9797037
2024,12,1,2024-12,585,2186,4506.75,9851756
2024,12,1,2024-12,586,1314,6794.59,8928091
2024,12,1,2024-12,587,1526,6447.25,9838504
2024,12,1,2024-12,588,1958,7554.16,14791045
2024,12,1,2024-12,589,1187,4395.17,5217067
2024,12,1,2024-12,590,1438,4281.83,6157272
2024,12,1,2024-12,591,1115,5159.6,5752954
2024,12,1,2024-12,592,2229,5049.59,11255536
2024,12,1,2024-12,593,844,4956.66,4183421
2024,12,1,2024-12,594,1109,7324.68,8123070
2024,12,1,2024-12,595,1415,5005.1,7082217
2024,12,1,2024-12,596,1646,5104.42,8401875
2024,12,1,2024-12,597,1564,6824.51,10673534
2024,12,1,2024-12,598,2427,5710.36,13859044
2024,12,1,2024-12,599,1646,6856.92,11286490
2024,12,1,2024-12,600,2315,4347.23,10063837
2024,12,1,2024-12,601,1025,5866.64,6013306
2024,12,1,2024-12,602,1833,4317.77,7914472
2024,12,1,2024-12,603,1761,4291.27,7556926
2024,12,1,2024-12,604,1899,7414.15,14079471
2024,12,1,2024-12,605,1120,4641.91,5198939
2024,12,1,2024-12,606,1890,6010.95,11360696
2024,12,1,2024-12,607,1892,5667.26,10722456
2024,12,1,2024-12,608,1774,5349.19,9489463
2024,12,1,2024-12,609,2501,7344.22,18367894
2024,12,1,2024-12,610,2268,4171.53,9461030
2024,12,1,2024-12,611,2048,6517.32,13347471
2024,12,1,2024-12,612,1428,7560.31,10796123
2024,12,1,2024-12,613,2089,6075.68,12692096
2024,12,1,2024-12,614,783,7483.13,5859291
2024,12,1,2024-12,615,1992,4368.89,8702829
2024,12,1,2024-12,616,2093,5582.78,11684759
2024,12,1,2024-12,617,1617,5081.1,8216139
2024,12,1,2024-12,618,1331,6700.39,8918219
2024,12,1,2024-12,619,2285,7642.31,17462678
2024,12,1,2024-12,620,1581,5053.35,7989346
2024,12,1,2024-12,621,1944,6508.97,12653438
2024,12,1,2024-12,622,2329,4783.29,11140282
2024,12,1,2024-12,623,2243,6125.4,13739272
2024,12,1,2024-12,624,1660,5747.06,9540120
2024,12,1,2024-12,625,1150,7623.48,8767002
2024,12,1,2024-12,626,1565,6318.6,9888609
2024,12,1,2024-12,627,1564,5370.68,8399744
2024,12,1,2024-12,628,1475,4515.58,6660480
2024,12,1,2024-12,629,1979,4691.85,9285171
2024,12,1,2024-12,630,1981,4860.87,9629383
2024,12,1,2024-12,631,1727,5015.41,8661613
2024,12,1,2024-12,632,1340,7202.78,9651725
2024,12,1,2024-12,633,1887,6058.99,11433314
2024,12,1,2024-12,634,2163,5966.18,12904847
2024,12,1,2024-12,635,2272,4501.14,10226590
2024,12,1,2024-12,636,2044,7172.69,14660978
2024,12,1,2024-12,637,2068,6778.87,14018703
2024,12,1,2024-12,638,760,4257.66,3235822
2024,12,1,2024-12,639,2365,6624.94,15667983
2024,12,1,2024-12,640,1560,6081.31,9486844
2024,12,1,2024-12,641,1651,4439.38,7329416
2024,12,1,2024-12,642,1509,5799.4,8751295
2024,12,1,2024-12,643,2103,5781.83,12159188
2024,12,1,2024-12,644,659,4757.94,3135482
2024,12,1,2024-12,645,2168,7546.91,16361701
2024,12,1,2024-12,646,2536,7119.32,18054596
2024,12,1,2024-12,647,1396,6465.31,9025573
2024,12,1,2024-12,648,2287,5711.7,13062658
2024,12,1,2024-12,649,2232,5484.5,12241404
2024,12,1,2024-12,650,1177,6531.23,7687258
2024,12,1,2024-12,651,1394,6066.25,8456352
2024,12,1,2024-12,652,2426,4252.89,10317511
2024,12,1,2024-12,653,1004,5843.73,5867105
2024,12,1,2024-12,654,2321,6953.38,16138795
2024,12,1,2024-12,655,1712,5734.17,9816899
2024,12,1,2024-12,656,1849,4328.24,8002916
2024,12,1,2024-12,657,2230,6972.4,15548452
2024,12,1,2024-12,658,2156,4843.87,10443384
2024,12,1,2024-12,659,1169,5039.25,5890883
2024,12,1,2024-12,660,1646,4712.8,7757269
2024,12,1,2024-12,661,2152,5348.51,11509994
2024,12,1,2024-12,662,982,6823.73,6700903
2024,12,1,2024-12,663,817,5992.13,4895570
2024,12,1,2024-12,664,1494,4792.05,7159323
2024,12,1,2024-12,665,701,7262.52,5091027
2024,12,1,2024-12,666,2032,7237.34,14706275
2024,12,1,2024-12,667,2436,7244.99,17648796
2024,12,1,2024-12,668,1068,4949.29,5285842
2024,12,1,2024-12,669,1695,5742.84,9734114
2024,12,1,2024-12,670,1666,7602.26,12665365
2024,12,1,2024-12,671,2004,6829.28,13685877
2024,12,1,2024-12,672,2018,4170.31,8415686
2024,12,1,2024-12,673,1129,4309.01,4864872
2024,12,1,2024-12,674,1257,5785.14,7271921
2024,12,1,2024-12,675,1692,7400.63,12521866
2024,12,1,2024-12,676,1845,6045.59,11154114
2024,12,1,2024-12,677,2368,5898.28,13967127
2024,12,1,2024-12,678,1868,4493.24,8393372
2024,12,1,2024-12,679,1203,6511.16,7832925
2024,12,1,2024-12,680,1270,7006.81,8898649
2024,12,1,2024-12,681,854,5483.51,4682918
2024,12,1,2024-12,682,1468,6895.52,10122623
2024,12,1,2024-12,683,2154,7603.97,16378951
2024,12,1,2024-12,684,2065,4804.31,9920900
2024,12,1,2024-12,685,2369,6055.76,14346095
2024,12,1,2024-12,686,1806,5133.82,9271679
2024,12,1,2024-12,687,2030,6894.96,13996769
2024,12,1,2024-12,688,1732,6155.59,10661482
2024,12,1,2024-12,689,2082,6414.74,13355489
2024,12,1,2024-12,690,1000,6958.97,6958970
2024,12,1,2024-12,691,918,5496.29,5045594
2024,12,1,2024-12,692,1502,7449.22,11188728
2024,12,1,2024-12,693,1506,6044.47,9102972
2024,12,1,2024-12,694,931,4665.59,4343664
2024,12,1,2024-12,695,1697,6613.38,11222906
2024,12,1,2024-12,696,2119,6991.7,14815412
2024,12,1,2024-12,697,772,5297.84,4089932
2024,12,1,2024-12,698,1799,7154.26,12870514
2024,12,1,2024-12,699,2174,7389.24,16064208
2024,12,1,2024-12,700,1013,5187.56,5254998
2024,12,1,2024-12,701,1531,7604.79,11642933
2024,12,1,2024-12,702,2007,4632.43,9297287
2024,12,1,2024-12,703,1944,4855.16,9438431
2024,12,1,2024-12,704,2215,4763.19,10550466
2024,12,1,2024-12,705,2166,7272.31,15751823
2024,12,1,2024-12,706,910,6413.81,5836567
2024,12,1,2024-12,707,1837,4645.81,8534353
2024,12,1,2024-12,708,2236,5650.44,12634384
2024,12,1,2024-12,709,1892,6250.61,11826154
2024,12,1,2024-12,710,2423,4353.57,10548700
2024,12,1,2024-12,711,2490,7246.99,18045005
2024,12,1,2024-12,712,2213,6980.14,15447050
2024,12,1,2024-12,713,1598,5893.27,9417445
2024,12,1,2024-12,714,1354,7533.29,10200075
2024,12,1,2024-12,715,1666,5651.08,9414699
2024,12,1,2024-12,716,1995,7585.33,15132733
2024,12,1,2024-12,717,2305,6503.28,14990060
2024,12,1,2024-12,718,1636,6436.87,10530719
2024,12,1,2024-12,719,1644,4710.84,7744621
2024,12,1,2024-12,720,1763,7370.02,12993345
2024,12,1,2024-12,721,1203,5663.55,6813251
2024,12,1,2024-12,722,1966,4680.52,9201902
2024,12,1,2024-12,723,2238,4134.15,9252228
2024,12,1,2024-12,724,1489,6146.37,9151945
2024,12,1,2024-12,725,1148,6026.39,6918296
2024,12,1,2024-12,726,1919,6709.31,12875166
2024,12,1,2024-12,727,2113,7268.36,15358045
2024,12,1,2024-12,728,2287,4381.59,10020696
2024,12,1,2024-12,729,1688,6667.19,11254217
2024,12,1,2024-12,730,829,4777.15,3960257
2024,12,1,2024-12,731,1618,7199.6,11648953
2024,12,1,2024-12,732,2184,7013.4,15317266
2024,12,1,2024-12,733,1961,6029.91,11824654
2024,12,1,2024-12,734,1543,6640.16,10245767
2024,12,1,2024-12,735,1549,5251.33,8134310
2024,12,1,2024-12,736,1631,5745.14,9370323
2024,12,1,2024-12,737,774,7027.08,5438960
2024,12,1,2024-12,738,1691,5696.92,9633492
2024,12,1,2024-12,739,1474,5378.44,7927821
2024,12,1,2024-12,740,1993,5894.59,11747918
2024,12,1,2024-12,741,2000,7099.58,14199160
2024,12,1,2024-12,742,2089,5338.16,11151416
2024,12,1,2024-12,743,1813,4711.47,8541895
2024,12,1,2024-12,744,1145,6706.12,7678507
2024,12,1,2024-12,745,1605,7151.73,11478527
2024,12,1,2024-12,746,1576,4459.66,7028424
2024,12,1,2024-12,747,1983,4973.54,9862530
2024,12,1,2024-12,748,1715,4607.19,7901331
2024,12,1,2024-12,749,2160,5340.07,11534551
2024,12,1,2024-12,750,1413,5693.86,8045424
2024,12,1,2024-12,751,1655,6814.63,11278213
2024,12,1,2024-12,752,1083,6493.86,7032850
2024,12,1,2024-12,753,1633,6275.13,10247287
2024,12,1,2024-12,754,1211,5398.6,6537705
2024,12,1,2024-12,755,899,7086.13,6370431
2024,12,1,2024-12,756,1646,5815.32,9572017
2024,12,1,2024-12,757,1641,7632.12,12524309
2024,12,1,2024-12,758,1938,6403.15,12409305
2024,12,1,2024-12,759,2181,4575.69,9979580
2024,12,1,2024-12,760,1639,6518.17,10683281
2024,12,1,2024-12,761,1788,5267.02,9417432
2024,12,1,2024-12,762,2113,6629.41,14007943
2024,12,1,2024-12,763,1935,4364.82,8445927
2024,12,1,2024-12,764,1060,4764.07,5049914
2024,12,1,2024-12,765,1802,7162.31,12906483
2024,12,1,2024-12,766,712,4922.48,3504806
2024,12,1,2024-12,767,1173,7155.01,8392827
2024,12,1,2024-12,768,1776,5068.77,9002136
2024,12,1,2024-12,769,1015,6413.32,6509520
2024,12,1,2024-12,770,1547,6588.74,10192781
2024,12,1,2024-12,771,2315,6000.5,13891158
2024,12,1,2024-12,772,962,5278.33,5077753
2024,12,1,2024-12,773,2029,4904.46,9951149
2024,12,1,2024-12,774,1607,4293.75,6900056
2024,12,1,2024-12,775,1629,5153.88,8395671
2024,12,1,2024-12,776,1454,6327.4,9200040
2024,12,1,2024-12,777,2501,7489.6,18731490
2024,12,1,2024-12,778,900,7266.11,6539499
2024,12,1,2024-12,779,2111,6837.48,14433920
2024,12,1,2024-12,780,1312,6907.85,9063099
2024,12,1,2024-12,781,1374,6506.89,8940467
2024,12,1,2024-12,782,1037,5105.19,5294082
2024,12,1,2024-12,783,1621,7373.78,11952897
2024,12,1,2024-12,784,1424,6554.77,9333992
2024,12,1,2024-12,785,1201,6157.11,7394689
2024,12,1,2024-12,786,1411,4532.06,6394737
2024,12,1,2024-12,787,1409,5764.91,8122758
2024,12,1,2024-12,788,2399,5731.55,13749988
2024,12,1,2024-12,789,2026,7180.08,14546842
2024,12,1,2024-12,790,1819,6042.67,10991617
2024,12,1,2024-12,791,1586,5484.84,8698956
2024,12,1,2024-12,792,1786,7667.85,13694780
2024,12,1,2024-12,793,2496,4537.95,11326723
2024,12,1,2024-12,794,972,5509.62,5355351
2024,12,1,2024-12,795,1994,4397.04,8767698
2024,12,1,2024-12,796,1934,6781.99,13116369
2024,12,1,2024-12,797,2017,7455.64,15038026
2024,12,1,2024-12,798,1274,5135.82,6543035
2024,12,1,2024-12,799,841,7126.33,5993244
2024,12,1,2024-12,800,523,5184.11,2711290
2024,12,1,2024-12,801,1453,7321.74,10638488
2024,12,1,2024-12,802,1690,6829.11,11541196
2024,12,1,2024-12,803,2148,7018.06,15074793
2024,12,1,2024-12,804,1177,4222.99,4970459
2024,12,1,2024-12,805,1706,7543.97,12870013
2024,12,1,2024-12,806,1092,6607.55,7215445
2024,12,1,2024-12,807,891,5194.63,4628415
2024,12,1,2024-12,808,2312,7113.31,16445973
2024,12,1,2024-12,809,648,5123.82,3320235
2024,12,1,2024-12,810,1928,7237.32,13953553
2024,12,1,2024-12,811,919,4499.7,4135224
2024,12,1,2024-12,812,1131,6668.9,7542526
2024,12,1,2024-12,813,1600,6117.18,9787488
2024,12,1,2024-12,814,1354,4452.05,6028076
2024,12,1,2024-12,815,1038,5015.59,5206182
2024,12,1,2024-12,816,1642,4201.11,6898223
2024,12,1,2024-12,817,2401,5756.73,13821909
2024,12,1,2024-12,818,1143,5153.11,5890005
2024,12,1,2024-12,819,1943,6305.69,12251956
2024,12,1,2024-12,820,1247,5144.64,6415366
2024,12,1,2024-12,821,1114,5175.6,5765618
2024,12,1,2024-12,822,1866,6792.35,12674525
2024,12,1,2024-12,823,1633,4244.2,6930779
2024,12,1,2024-12,824,1279,7339.51,9387233
2024,12,1,2024-12,825,1402,7180.93,10067664
2024,12,1,2024-12,826,1537,6420.22,9867878
2024,12,1,2024-12,827,2354,6241.69,14692938
2024,12,1,2024-12,828,1639,7246.58,11877145
2024,12,1,2024-12,829,2260,4755.4,10747204
2024,12,1,2024-12,830,2127,4388.15,9333595
2024,12,1,2024-12,831,1735,4875.39,8458802
2024,12,1,2024-12,832,1348,6940.82,9356225
2024,12,1,2024-12,833,839,4170.95,3499427
2024,12,1,2024-12,834,1375,6133.68,8433810
2024,12,1,2024-12,835,841,7675.03,6454700
2024,12,1,2024-12,836,2134,7221.69,15411086
2024,12,1,2024-12,837,1615,6013.29,9711463
2024,12,1,2024-12,838,1492,4308.3,6427984
2024,12,1,2024-12,839,1543,7036.57,10857428
2024,12,1,2024-12,840,2141,6247.29,13375448
2024,12,1,2024-12,841,1148,4557.24,5231712
2024,12,1,2024-12,842,1624,4467.73,7255594
2024,12,1,2024-12,843,2193,7323.03,16059405
2024,12,1,2024-12,844,1813,6487.77,11762327
2024,12,1,2024-12,845,1319,7046.11,9293819
2024,12,1,2024-12,846,1406,7134.65,10031318
2024,12,1,2024-12,847,2397,6207.38,14879090
2024,12,1,2024-12,848,1348,5988.74,8072822
2024,12,1,2024-12,849,874,5720.04,4999315
2024,12,1,2024-12,850,1964,5307.33,10423596
2024,12,1,2024-12,851,2166,5674.79,12291595
2024,12,1,2024-12,852,1863,6928.05,12906957
2024,12,1,2024-12,853,1433,6254.76,8963071
2024,12,1,2024-12,854,1613,7321.48,11809547
2024,12,1,2024-12,855,2047,5674.6,11615906
2024,12,1,2024-12,856,850,6285.31,5342514
2024,12,1,2024-12,857,819,6398.09,5240036
2024,12,1,2024-12,858,1738,6258.77,10877742
2024,12,1,2024-12,859,1614,6523.34,10528671
2024,12,1,2024-12,860,1105,4999.4,5524337
2024,12,1,2024-12,861,977,5891.26,5755761
2024,12,1,2024-12,862,2445,4460.17,10905116
2024,12,1,2024-12,863,2479,5408.49,13407647
2024,12,1,2024-12,864,1656,5827.8,9650837
2024,12,1,2024-12,865,1721,6508.86,11201748
2024,12,1,2024-12,866,1001,7531.43,7538961
2024,12,1,2024-12,867,1345,6267.7,8430056
2024,12,1,2024-12,868,699,6860.54,4795517
2024,12,1,2024-12,869,2490,5891.65,14670208
2024,12,1,2024-12,870,1079,6392.04,6897011
2024,12,1,2024-12,871,941,4418.08,4157413
2024,12,1,2024-12,872,732,5062.62,3705838
2024,12,1,2024-12,873,1053,5435.7,5723792
2024,12,1,2024-12,874,1732,5853.29,10137898
2024,12,1,2024-12,875,2084,4314.47,8991355
2024,12,1,2024-12,876,1893,4641.01,8785432
2024,12,1,2024-12,877,1004,5047.48,5067670
2024,12,1,2024-12,878,2211,7592.85,16787791
2024,12,1,2024-12,879,1700,5345.37,9087129
2024,12,1,2024-12,880,1215,5805.95,7054229
2024,12,1,2024-12,881,1736,4781.87,8301326
2024,12,1,2024-12,882,1116,6300.72,7031604
2024,12,1,2024-12,883,1979,5163.96,10219477
2024,12,1,2024-12,884,2018,4814.99,9716650
2024,12,1,2024-12,885,1513,5928.01,8969079
2024,12,1,2024-12,886,915,4046.88,3702895
2024,12,1,2024-12,887,1535,4102.05,6296647
2024,12,1,2024-12,888,696,4930.33,3431510
2024,12,1,2024-12,889,1488,4205.82,6258260
2024,12,1,2024-12,890,2065,4449.92,9189085
2024,12,1,2024-12,891,2276,5307.83,12080621
2024,12,1,2024-12,892,1811,6967.6,12618324
2024,12,1,2024-12,893,2340,6195.21,14496791
2024,12,1,2024-12,894,1397,5891.09,8229853
2024,12,1,2024-12,895,1662,5090.08,8459713
2024,12,1,2024-12,896,1208,7497.62,9057125
2024,12,1,2024-12,897,2207,5554.31,12258362
2024,12,1,2024-12,898,1438,4368.13,6281371
2024,12,1,2024-12,899,1622,6371.78,10335027
2024,12,1,2024-12,900,1072,4428.81,4747684
2024,12,1,2024-12,901,1201,5388.11,6471120
2024,12,1,2024-12,902,1131,5978.09,6761220
2024,12,1,2024-12,903,1993,7309.5,14567834
2024,12,1,2024-12,904,1444,5824.16,8410087
2024,12,1,2024-12,905,2096,6623.87,13883632
2024,12,1,2024-12,906,1774,7599.18,13480945
2024,12,1,2024-12,907,1769,4645.13,8217235
2024,12,1,2024-12,908,849,5124.37,4350590
2024,12,1,2024-12,909,951,5527.27,5256434
2024,12,1,2024-12,910,2123,5585.94,11858951
2024,12,1,2024-12,911,1302,5572.53,7255434
2024,12,1,2024-12,912,994,7362.13,7317957
2024,12,1,2024-12,913,1861,6721.6,12508898
2024,12,1,2024-12,914,1197,6319.62,7564585
2024,12,1,2024-12,915,919,5203.28,4781814
2024,12,1,2024-12,916,1947,7025.12,13677909
2024,12,1,2024-12,917,667,7551.05,5036550
2024,12,1,2024-12,918,1062,7089.4,7528943
2024,12,1,2024-12,919,1791,4164.23,7458136
2024,12,1,2024-12,920,1705,6350.56,10827705
2024,12,1,2024-12,921,2112,4278.27,9035706
2024,12,1,2024-12,922,845,5063.88,4278979
2024,12,1,2024-12,923,1536,4295.95,6598579
2024,12,1,2024-12,924,2229,6285.21,14009733
2024,12,1,2024-12,925,1553,6574.82,10210695
2024,12,1,2024-12,926,1196,4491.62,5371978
2024,12,1,2024-12,927,1496,5547.16,8298551
2024,12,1,2024-12,928,790,5742.74,4536765
2024,12,1,2024-12,929,1508,5399.78,8142868
2024,12,1,2024-12,930,1320,4586.19,6053771
2024,12,1,2024-12,931,1474,5684.26,8378599
2024,12,1,2024-12,932,818,6804.03,5565697
2024,12,1,2024-12,933,881,4327.93,3812906
2024,12,1,2024-12,934,2113,4336.55,9163130
2024,12,1,2024-12,935,2185,5377.63,11750122
2024,12,1,2024-12,936,981,7593.5,7449224
2024,12,1,2024-12,937,1545,6528.14,10085976
2024,12,1,2024-12,938,1244,6509.73,8098104
2024,12,1,2024-12,939,1594,5397.59,8603758
2024,12,1,2024-12,940,2226,6199.33,13799709
2024,12,1,2024-12,941,1862,4159.96,7745846
2024,12,1,2024-12,942,1993,6318.09,12591953
2024,12,1,2024-12,943,1969,7397.74,14566150
2024,12,1,2024-12,944,1668,6304.53,10515956
2024,12,1,2024-12,945,1342,7310.43,9810597
2024,12,1,2024-12,946,1326,6726.41,8919220
2024,12,1,2024-12,947,2195,4586.55,10067477
2024,12,1,2024-12,948,1641,7375.57,12103310
2024,12,1,2024-12,949,1553,4357.89,6767803
2024,12,1,2024-12,950,1971,6049.01,11922599
2024,12,1,2024-12,951,2240,4629.48,10370035
2024,12,1,2024-12,952,1241,4099.72,5087753
2024,12,1,2024-12,953,619,5646.81,3495375
2024,12,1,2024-12,954,1769,5157.93,9124378
2024,12,1,2024-12,955,1979,5925.32,11726208
2024,12,1,2024-12,956,2238,6141.57,13744834
2024,12,1,2024-12,957,1826,4205.82,7679827
2024,12,1,2024-12,958,909,4587.5,4170038
2024,12,1,2024-12,959,2164,6003.7,12992007
2024,12,1,2024-12,960,884,5381.65,4757379
2024,12,1,2024-12,961,1744,6765.21,11798526
2024,12,1,2024-12,962,1402,6431.39,9016809
2024,12,1,2024-12,963,1025,7126.81,7304980
2024,12,1,2024-12,964,2054,6542.68,13438665
2024,12,1,2024-12,965,701,5616.55,3937202
2024,12,1,2024-12,966,2274,6530.3,14849902
2024,12,1,2024-12,967,853,5123.21,4370098
2024,12,1,2024-12,968,966,5191.33,5014825
2024,12,1,2024-12,969,889,6915.66,6148022
2024,12,1,2024-12,970,2049,5718.14,11716469
2024,12,1,2024-12,971,935,7003.65,6548413
2024,12,1,2024-12,972,1289,7059.61,9099837
2024,12,1,2024-12,973,787,7200.46,5666762
2024,12,1,2024-12,974,2482,7383.72,18326393
2024,12,1,2024-12,975,824,5570.1,4589762
2024,12,1,2024-12,976,1676,5291.14,8867951
2024,12,1,2024-12,977,2185,6090.95,13308726
2024,12,1,2024-12,978,1564,5395.15,8438015
2024,12,1,2024-12,979,1383,6270.61,8672254
2024,12,1,2024-12,980,996,6607.34,6580911
2024,12,1,2024-12,981,1446,6578.61,9512670
2024,12,1,2024-12,982,1546,5512.88,8522912
2024,12,1,2024-12,983,2118,4636.21,9819493
2024,12,1,2024-12,984,1985,5661.79,11238653
2024,12,1,2024-12,985,2475,4546.4,11252340
2024,12,1,2024-12,986,1330,7285.5,9689715
2024,12,1,2024-12,987,1881,5316.61,10000543
2024,12,1,2024-12,988,2301,4596.19,10575833
2024,12,1,2024-12,989,2185,4260.16,9308450
2024,12,1,2024-12,990,2510,6436.04,16154460
2024,12,1,2024-12,991,1645,6452.73,10614741
2024,12,1,2024-12,992,1106,5293.73,5854865
2024,12,1,2024-12,993,1467,4415.44,6477450
2024,12,1,2024-12,994,1419,5598.57,7944371
2024,12,1,2024-12,995,2291,5165.53,11834229
2024,12,1,2024-12,996,1855,6487.32,12033979
2024,12,1,2024-12,997,2440,6230.57,15202591
2024,12,1,2024-12,998,1247,5427.94,6768641
2024,12,1,2024-12,999,1753,4901.18,8591769
2024,12,1,2024-12,1000,2027,7716.18,15640697
2024,12,1,2024-12,1001,1820,5693.49,10362152
2024,12,1,2024-12,1002,1745,6596.68,11511207
2024,12,1,2024-12,1003,1025,4623.46,4739046
2024,12,1,2024-12,1004,1340,5814.49,7791417
2024,12,1,2024-12,1005,2148,4242.89,9113728
2024,12,1,2024-12,1006,830,5905.82,4901831
2024,12,1,2024-12,1007,1303,7569.14,9862589
2024,12,1,2024-12,1008,1864,5492.08,10237237
2024,12,1,2024-12,1009,2173,4222.17,9174775
2024,12,1,2024-12,1010,820,4239.04,3476013
2024,12,1,2024-12,1011,2291,5525.63,12659218
2024,12,1,2024-12,1012,1428,4733,6758724
2024,12,1,2024-12,1013,893,4178.9,3731758
2024,12,1,2024-12,1014,811,6809.3,5522342
2024,12,1,2024-12,1015,1642,5699.3,9358251
2024,12,1,2024-12,1016,940,5122.44,4815094
2024,12,1,2024-12,1017,1824,7298.92,13313230
2024,12,1,2024-12,1018,1018,4537.37,4619043
2024,12,1,2024-12,1019,1755,7566.91,13279927
2024,12,1,2024-12,1020,1321,5280.78,6975910
2024,12,1,2024-12,1021,2279,7344.22,16737477
2024,12,1,2024-12,1022,952,6296.92,5994668
2024,12,1,2024-12,1023,1654,7069.31,11692639
2024,12,1,2024-12,1024,1663,7566.14,12582491
2024,12,1,2024-12,1025,2223,5163.68,11478861
2024,12,1,2024-12,1026,2032,7510.56,15261458
2024,12,1,2024-12,1027,2452,5493.86,13470945
2024,12,1,2024-12,1028,844,5485.23,4629534
2024,12,1,2024-12,1029,2041,5288.41,10793645
2024,12,1,2024-12,1030,1101,6013.19,6620522
2024,12,1,2024-12,1031,2471,4664.79,11526696
2024,12,1,2024-12,1032,2054,6084.87,12498323
2024,12,1,2024-12,1033,1905,6039.97,11506143
2024,12,1,2024-12,1034,1396,6805.72,9500785
2024,12,1,2024-12,1035,875,7139.5,6247062
2024,12,1,2024-12,1036,1223,5617.22,6869860
2024,12,1,2024-12,1037,991,5284.43,5236870
2024,12,1,2024-12,1038,1017,5038.65,5124307
2024,12,1,2024-12,1039,1448,4777.07,6917197
2024,12,1,2024-12,1040,820,4246.7,3482294
2024,12,1,2024-12,1041,1059,5283.63,5595364
2024,12,1,2024-12,1042,1487,5086.53,7563670
2024,12,1,2024-12,1043,1267,7551.19,9567358
2024,12,1,2024-12,1044,1207,6046.82,7298512
2024,12,1,2024-12,1045,1618,5295.73,8568491
2024,12,1,2024-12,1046,1008,6159.24,6208514
2024,12,1,2024-12,1047,1529,4588.02,7015083
2024,12,1,2024-12,1048,1612,5733.81,9242902
2024,12,1,2024-12,1049,756,6327.8,4783817
2024,12,1,2024-12,1050,1057,5974.41,6314951
2024,12,1,2024-12,1051,1212,5558.38,6736757
2024,12,1,2024-12,1052,1829,7699.61,14082587
2024,12,1,2024-12,1053,697,7315.22,5098708
2024,12,1,2024-12,1054,2026,6279.67,12722611
2024,12,1,2024-12,1055,1045,6122.01,6397500
2024,12,1,2024-12,1056,2281,6320.95,14418087
2024,12,1,2024-12,1057,1162,4882.75,5673756
2024,12,1,2024-12,1058,1790,5523.34,9886779
2024,12,1,2024-12,1059,1666,4255.92,7090363
2024,12,1,2024-12,1060,1739,5852.9,10178193
2024,12,1,2024-12,1061,2378,6093.74,14490914
2024,12,1,2024-12,1062,1867,4995.71,9326991
2024,12,1,2024-12,1063,1077,7496.35,8073569
2024,12,1,2024-12,1064,1051,7340.79,7715170
2024,12,1,2024-12,1065,1332,6678.69,8896015
2024,12,1,2024-12,1066,1296,5983.61,7754759
2024,12,1,2024-12,1067,2417,7244.19,17509207
2024,12,1,2024-12,1068,2099,4608.56,9673367
2024,12,1,2024-12,1069,1560,6860.54,10702442
2024,12,1,2024-12,1070,1332,4586.24,6108872
2024,12,1,2024-12,1071,2323,6923.62,16083569
2024,12,1,2024-12,1072,2189,5099.03,11161777
2024,12,1,2024-12,1073,1815,7210.35,13086785
2024,12,1,2024-12,1074,2399,7526.73,18056625
2024,12,1,2024-12,1075,1849,4602.25,8509560
2024,12,1,2024-12,1076,1928,5765.22,11115344
2024,12,1,2024-12,1077,1106,7649.7,8460568
2024,12,1,2024-12,1078,1735,5855.52,10159327
2024,12,1,2024-12,1079,2150,7165.32,15405438
2024,12,1,2024-12,1080,1685,6214.77,10471887
2024,12,1,2024-12,1081,1946,5451,10607646
2024,12,1,2024-12,1082,686,5163.38,3542079
2024,12,1,2024-12,1083,1367,4828.66,6600778
2024,12,1,2024-12,1084,2256,6826.59,15400787
2024,12,1,2024-12,1085,611,5481.94,3349465
2024,12,1,2024-12,1086,2476,5877.59,14552913
2024,12,1,2024-12,1087,1638,5914.01,9687148
2024,12,1,2024-12,1088,815,6230.35,5077735
2024,12,1,2024-12,1089,1410,7279.85,10264588
2024,12,1,2024-12,1090,1948,7642.13,14886869
2024,12,1,2024-12,1091,778,5515.57,4291113
2024,12,1,2024-12,1092,1267,6986.19,8851503
2024,12,1,2024-12,1093,1083,6862.13,7431687
2024,12,1,2024-12,1094,2046,6132.78,12547668
2024,12,1,2024-12,1095,1498,7517.69,11261500
2024,12,1,2024-12,1096,1710,4819.32,8241037
2024,12,1,2024-12,1097,993,4514.4,4482799
2024,12,1,2024-12,1098,1913,7145.62,13669571
2024,12,1,2024-12,1099,1354,5715.93,7739369
2024,12,1,2024-12,1100,971,7110.56,6904354
2024,12,1,2024-12,1101,2016,7296.56,14709865
2024,12,1,2024-12,1102,1642,4365.07,7167445
2024,12,1,2024-12,1103,1064,7259.21,7723799
2024,12,1,2024-12,1104,2150,5777.93,12422550
2024,12,1,2024-12,1105,1840,5905.23,10865623
2024,12,1,2024-12,1106,1081,6400.98,6919459
2024,12,1,2024-12,1107,1767,7372.08,13026465
2024,12,1,2024-12,1108,1011,4157.72,4203455
2024,12,1,2024-12,1109,1731,5853.16,10131820
2024,12,1,2024-12,1110,1053,6651.08,7003587
2024,12,1,2024-12,1111,1532,6721.75,10297721
2024,12,1,2024-12,1112,1101,6624.82,7293927
2024,12,1,2024-12,1113,2178,4616.19,10054062
2024,12,1,2024-12,1114,1243,5174.24,6431580
2024,12,1,2024-12,1115,2318,5289.02,12259948
2024,12,1,2024-12,1116,1765,6955.05,12275663
2024,12,1,2024-12,1117,2299,5081.22,11681725
2024,12,1,2024-12,1118,1397,4822.13,6736516
2024,12,1,2024-12,1119,2075,7471.1,15502532
2024,12,1,2024-12,1120,1631,4216.2,6876622
2024,12,1,2024-12,1121,1554,7654.96,11895808
2024,12,1,2024-12,1122,962,6473.08,6227103
2024,12,1,2024-12,1123,1371,7207.39,9881332
2024,12,1,2024-12,1124,2271,5210.8,11833727
2024,12,1,2024-12,1125,1877,4119.43,7732170
2024,12,1,2024-12,1126,1951,6715.04,13101043
2024,12,1,2024-12,1127,1903,7038.32,13393923
2024,12,1,2024-12,1128,2271,6695.99,15206593
2024,12,1,2024-12,1129,1911,4586.92,8765604
2024,12,1,2024-12,1130,1070,6831.44,7309641
2024,12,1,2024-12,1131,2241,6925.94,15521032
2024,12,1,2024-12,1132,1043,6522.09,6802540
2024,12,1,2024-12,1133,1411,6910.23,9750335
2024,12,1,2024-12,1134,1432,7134.18,10216146
2024,12,1,2024-12,1135,1850,6335.19,11720102
2024,12,1,2024-12,1136,2139,4444.72,9507256
2024,12,1,2024-12,1137,1479,5858.43,8664618
2024,12,1,2024-12,1138,2193,4441.93,9741152
2024,12,1,2024-12,1139,1724,5601.27,9656589
2024,12,1,2024-12,1140,1104,5577.44,6157494
2024,12,1,2024-12,1141,764,4311.96,3294337
2024,12,1,2024-12,1142,1632,5418.64,8843220
2024,12,1,2024-12,1143,771,4450.64,3431443
2024,12,1,2024-12,1144,1843,6940.6,12791526
2024,12,1,2024-12,1145,2378,7402.08,17602146
2024,12,1,2024-12,1146,1957,4365.8,8543871
2024,12,1,2024-12,1147,693,7547.91,5230702
2024,12,1,2024-12,1148,1085,5925.64,6429319
2024,12,1,2024-12,1149,1669,5182.19,8649075
2024,12,1,2024-12,1150,955,4435.18,4235597
2024,12,1,2024-12,1151,2061,5931.08,12223956
2024,12,1,2024-12,1152,727,6930.71,5038626
2024,12,1,2024-12,1153,1392,6679.04,9297224
2024,12,1,2024-12,1154,1666,4336.8,7225109
2024,12,1,2024-12,1155,2175,4420.43,9614435
2024,12,1,2024-12,1156,1662,5583.47,9279727
2024,12,1,2024-12,1157,2329,5099.76,11877341
2024,12,1,2024-12,1158,849,5012.97,4256012
2024,12,1,2024-12,1159,853,5128.01,4374193
2024,12,1,2024-12,1160,2153,6966.99,14999929
2024,12,1,2024-12,1161,1884,7482.16,14096389
2024,12,1,2024-12,1162,1459,5550.12,8097625
2024,12,1,2024-12,1163,1702,7228.45,12302822
2024,12,1,2024-12,1164,1599,5312.12,8494080
2024,12,1,2024-12,1165,1041,5791.59,6029045
2024,12,1,2024-12,1166,1811,4912.06,8895741
2024,12,1,2024-12,1167,1100,6404.3,7044730
2024,12,1,2024-12,1168,1203,7602.62,9145952
2024,12,1,2024-12,1169,1070,6280.02,6719621
2024,12,1,2024-12,1170,1188,5430.93,6451945
2024,12,1,2024-12,1171,934,6453.4,6027476
2024,12,1,2024-12,1172,952,4504.16,4287960
2024,12,1,2024-12,1173,2068,7231.56,14954866
2024,12,1,2024-12,1174,1916,5894.54,11293939
2024,12,1,2024-12,1175,1934,5683.97,10992798
2024,12,1,2024-12,1176,1771,6172.33,10931196
2024,12,1,2024-12,1177,1573,6310.32,9926133
2024,12,1,2024-12,1178,1574,4426.88,6967909
2024,12,1,2024-12,1179,2390,6577.84,15721038
2024,12,1,2024-12,1180,1909,4962.32,9473069
2024,12,1,2024-12,1181,1162,6672.29,7753201
2024,12,1,2024-12,1182,1854,7074.73,13116549
2024,12,1,2024-12,1183,2251,6957.87,15662165
2024,12,1,2024-12,1184,2022,6092.48,12318995
2024,12,1,2024-12,1185,1715,5871.31,10069297
2024,12,1,2024-12,1186,928,4624.23,4291285
2024,12,1,2024-12,1187,1944,6915.52,13443771
2024,12,1,2024-12,1188,2051,5107.75,10475995
2024,12,1,2024-12,1189,1243,5892.98,7324974
2024,12,1,2024-12,1190,2126,5071.21,10781392
2024,12,1,2024-12,1191,2069,4605,9527745
2024,12,1,2024-12,1192,925,6409.33,5928630
2024,12,1,2024-12,1193,1771,4347.78,7699918
2024,12,1,2024-12,1194,2475,6789.39,16803740
2024,12,1,2024-12,1195,2122,5260.19,11162123
2024,12,1,2024-12,1196,2260,4100.03,9266068
2024,12,1,2024-12,1197,1622,5968.4,9680745
2024,12,1,2024-12,1198,2387,4257.8,10163369
2024,12,1,2024-12,1199,1682,5075.93,8537714
2024,12,1,2024-12,1200,2226,6638.22,14776678
2024,12,1,2024-12,1201,2202,4330.25,9535210
2024,12,1,2024-12,1202,1248,7050.54,8799074
2024,12,1,2024-12,1203,1917,4118.22,7894628
2024,12,1,2024-12,1204,1772,4940.2,8754034
2024,12,1,2024-12,1205,1648,6761.15,11142375
2024,12,1,2024-12,1206,1893,5349.87,10127304
2024,12,1,2024-12,1207,1321,4506.92,5953641
2024,12,1,2024-12,1208,1275,5352.82,6824846
2024,12,1,2024-12,1209,1610,5081.6,8181376
2024,12,1,2024-12,1210,1500,7152.1,10728150
2024,12,1,2024-12,1211,2427,5178.68,12568656
2024,12,1,2024-12,1212,2195,6952.87,15261550
2024,12,1,2024-12,1213,2063,7301.9,15063820
2024,12,1,2024-12,1214,1800,5659.64,10187352
2024,12,1,2024-12,1215,1119,7339.07,8212419
2024,12,1,2024-12,1216,2413,5461.18,13177827
2024,12,1,2024-12,1217,1164,7621.17,8871042
2024,12,1,2024-12,1218,674,4411.54,2973378
2024,12,1,2024-12,1219,1768,6614,11693552
2024,12,1,2024-12,1220,1435,5878.9,8436222
2024,12,1,2024-12,1221,883,5510.76,4866001
2024,12,1,2024-12,1222,1188,6440.18,7650934
2024,12,1,2024-12,1223,785,6626.98,5202179
2024,12,1,2024-12,1224,1100,4128.92,4541812
2024,12,1,2024-12,1225,2193,4737.06,10388373
2024,12,1,2024-12,1226,1235,6621.05,8176997
2024,12,1,2024-12,1227,1113,6540.35,7279410
2024,12,1,2024-12,1228,1413,7555.81,10676360
2024,12,1,2024-12,1229,1545,6816.99,10532250
2024,12,1,2024-12,1230,1848,7456.77,13780111
2024,12,1,2024-12,1231,1699,6579.78,11179046
2024,12,1,2024-12,1232,1601,5194.29,8316058
2024,12,1,2024-12,1233,1570,4536.77,7122729
2024,12,1,2024-12,1234,2241,6874.5,15405754
2024,12,1,2024-12,1235,1949,6443.67,12558713
2024,12,1,2024-12,1236,1269,4273.3,5422818
2024,12,1,2024-12,1237,613,5337.83,3272090
2024,12,1,2024-12,1238,1860,7516.26,13980244
2024,12,1,2024-12,1239,1464,5932.16,8684682
2024,12,1,2024-12,1240,2208,5614.04,12395800
2024,12,1,2024-12,1241,741,5690.88,4216942
2024,12,1,2024-12,1242,1081,4829.02,5220171
2024,12,1,2024-12,1243,770,5399.23,4157407
2024,12,1,2024-12,1244,1844,5512.62,10165271
2024,12,1,2024-12,1245,1424,4305.43,6130932
2024,12,1,2024-12,1246,1239,6912.54,8564637
2024,12,1,2024-12,1247,892,5598.46,4993826
2024,12,1,2024-12,1248,2509,7068,17733612
2024,12,1,2024-12,1249,1964,7195.71,14132374
2024,12,1,2024-12,1250,1794,4809.2,8627705
2024,12,1,2024-12,1251,1788,6419.16,11477458
2024,12,1,2024-12,1252,1954,5825.79,11383594
2024,12,1,2024-12,1253,2191,7266.36,15920595
2024,12,1,2024-12,1254,1429,4906.87,7011917
2024,12,1,2024-12,1255,913,6500.09,5934582
2024,12,1,2024-12,1256,1322,6280.85,8303284
2024,12,1,2024-12,1257,1171,5230.51,6124927
2024,12,1,2024-12,1258,1833,4573.15,8382584
2024,12,1,2024-12,1259,2388,6483.08,15481595
2024,12,1,2024-12,1260,1411,6772.71,9556294
2024,12,1,2024-12,1261,1315,5205.06,6844654
2024,12,1,2024-12,1262,2218,6472.38,14355739
2024,12,1,2024-12,1263,1953,5581.43,10900533
2024,12,1,2024-12,1264,1111,6604.3,7337377
2024,12,1,2024-12,1265,1263,4858.61,6136424
2024,12,1,2024-12,1266,1594,7280.46,11605053
2024,12,1,2024-12,1267,1460,5133.71,7495217
2024,12,1,2024-12,1268,2141,5334.89,11421999
2024,12,1,2024-12,1269,946,4301.82,4069522
2024,12,1,2024-12,1270,1719,4470.53,7684841
2024,12,1,2024-12,1271,1092,5952.69,6500337
2024,12,1,2024-12,1272,2248,5023.14,11292019
2024,12,1,2024-12,1273,1175,7060.81,8296452
2024,12,1,2024-12,1274,2374,4120.81,9782803
2024,12,1,2024-12,1275,1041,5519.41,5745706
2024,12,1,2024-12,1276,2254,5310.57,11970025
2024,12,1,2024-12,1277,2536,4199.78,10650642
2024,12,1,2024-12,1278,1750,4569.54,7996695
2024,12,1,2024-12,1279,818,5559.62,4547769
2024,12,1,2024-12,1280,1582,5891.69,9320654
2024,12,1,2024-12,1281,975,5561.04,5422014
2024,12,1,2024-12,1282,2448,5976.54,14630570
2024,12,1,2024-12,1283,2376,6234.65,14813528
2024,12,1,2024-12,1284,1994,4224.68,8424012
2024,12,1,2024-12,1285,949,5715.32,5423839
2024,12,1,2024-12,1286,1480,7538.67,11157232
2024,12,1,2024-12,1287,1908,5989.85,11428634
2024,12,1,2024-12,1288,2250,6470.59,14558828
2024,12,1,2024-12,1289,949,5214.34,4948409
2024,12,1,2024-12,1290,2129,6930.26,14754524
2024,12,1,2024-12,1291,1801,6856.31,12348214
2024,12,1,2024-12,1292,1648,6022.27,9924701
2024,12,1,2024-12,1293,2242,7561.44,16952748
2024,12,1,2024-12,1294,1963,4621.19,9071396
2024,12,1,2024-12,1295,713,4269.05,3043833
2024,12,1,2024-12,1296,1748,6786.99,11863659
2024,12,1,2024-12,1297,1991,7066.09,14068585
2024,12,1,2024-12,1298,2266,4532.39,10270396
2024,12,1,2024-12,1299,1071,5043.81,5401921
2024,12,1,2024-12,1300,2288,4128.11,9445116
2024,12,1,2024-12,1301,706,5110.2,3607801
2024,12,1,2024-12,1302,636,6911.43,4395669
2024,12,1,2024-12,1303,2490,5946.33,14806362
2024,12,1,2024-12,1304,1929,5268.32,10162589
2024,12,1,2024-12,1305,2414,5480.39,13229661
2024,12,1,2024-12,1306,2279,4123.87,9398300
2024,12,1,2024-12,1307,2127,5160.19,10975724
2024,12,1,2024-12,1308,1574,6477.07,10194908
2024,12,1,2024-12,1309,1000,7626.98,7626980
2024,12,1,2024-12,1310,1744,7166.28,12497992
2024,12,1,2024-12,1311,1228,4110.45,5047633
2024,12,1,2024-12,1312,1247,7337.56,9149937
2024,12,1,2024-12,1313,2105,6946.37,14622109
2024,12,1,2024-12,1314,1791,6874.93,12313000
2024,12,1,2024-12,1315,1996,5726.6,11430294
2024,12,1,2024-12,1316,2099,5440.78,11420197
2024,12,1,2024-12,1317,1201,5097.63,6122254
2024,12,1,2024-12,1318,2100,4382.78,9203838
2024,12,1,2024-12,1319,1855,4911.56,9110944
2024,12,1,2024-12,1320,1890,4954.82,9364610
2024,12,1,2024-12,1321,2481,5820.64,14441008
2024,12,1,2024-12,1322,996,6832.82,6805489
2024,12,1,2024-12,1323,1865,5883.29,10972336
2024,12,1,2024-12,1324,1951,4356.37,8499278
2024,12,1,2024-12,1325,2276,7536.36,17152755
2024,12,1,2024-12,1326,2150,7565.06,16264879
2024,12,1,2024-12,1327,1589,6885.12,10940456
2024,12,1,2024-12,1328,1435,7605.18,10913433
2024,12,1,2024-12,1329,1244,6092.98,7579667
2024,12,1,2024-12,1330,1011,7592.22,7675734
2024,12,1,2024-12,1331,1018,4393.67,4472756
2024,12,1,2024-12,1332,1072,5436.02,5827413
2024,12,1,2024-12,1333,1681,4862.09,8173173
2024,12,1,2024-12,1334,1432,4815.79,6896211
2024,12,1,2024-12,1335,1575,4552.93,7170865
2024,12,1,2024-12,1336,1841,6348.44,11687478
2024,12,1,2024-12,1337,698,6964.36,4861123
2024,12,1,2024-12,1338,1180,6198.55,7314289
2024,12,1,2024-12,1339,1488,4604.86,6852032
2024,12,1,2024-12,1340,907,7017.53,6364900
2024,12,1,2024-12,1341,2159,6376.95,13767835
2024,12,1,2024-12,1342,845,5483.07,4633194
2024,12,1,2024-12,1343,2394,6509.62,15584030
2024,12,1,2024-12,1344,1596,4986.92,7959124
2024,12,1,2024-12,1345,2298,5358.85,12314637
2024,12,1,2024-12,1346,1434,7389.52,10596572
2024,12,1,2024-12,1347,787,5207.57,4098358
2024,12,1,2024-12,1348,1464,5814.07,8511798
2024,12,1,2024-12,1349,1377,7370.89,10149716
2024,12,1,2024-12,1350,1527,6710.88,10247514
2024,12,1,2024-12,1351,1702,4271.78,7270570
2024,12,1,2024-12,1352,1669,4610.38,7694724
2024,12,1,2024-12,1353,2288,4079.09,9332958
2024,12,1,2024-12,1354,1400,6325.96,8856344
2024,12,1,2024-12,1355,1209,5681.81,6869308
2024,12,1,2024-12,1356,2030,4669.74,9479572
2024,12,1,2024-12,1357,1270,7609.25,9663748
2024,12,1,2024-12,1358,1122,6019.85,6754272
2024,12,1,2024-12,1359,1796,4953.07,8895714
2024,12,1,2024-12,1360,1764,5831.03,10285937
2024,12,1,2024-12,1361,2093,6514.03,13633865
2024,12,1,2024-12,1362,1810,4384.73,7936361
2024,12,1,2024-12,1363,2265,5057.05,11454218
2024,12,1,2024-12,1364,1862,7047.07,13121644
2024,12,1,2024-12,1365,1832,5837.53,10694355
2024,12,1,2024-12,1366,1759,6031.4,10609233
2024,12,1,2024-12,1367,2287,5653.65,12929898
2024,12,1,2024-12,1368,2235,4252.27,9503823
2024,12,1,2024-12,1369,1507,4686.96,7063249
2024,12,1,2024-12,1370,1584,5670.55,8982151
2024,12,1,2024-12,1371,2058,4829.15,9938391
2024,12,1,2024-12,1372,1451,4234.22,6143853
2024,12,1,2024-12,1373,970,7153.79,6939176
2024,12,1,2024-12,1374,966,7648.17,7388132
2024,12,1,2024-12,1375,1714,7010.6,12016168
2024,12,1,2024-12,1376,1576,7112.1,11208670
2024,12,1,2024-12,1377,2092,4914.75,10281657
2024,12,1,2024-12,1378,2182,7481.13,16323826
2024,12,1,2024-12,1379,1282,4769.57,6114589
2024,12,1,2024-12,1380,1055,7587.59,8004907
2024,12,1,2024-12,1381,1183,7628.06,9023995
2024,12,1,2024-12,1382,1140,6664.96,7598054
2024,12,1,2024-12,1383,2260,7699.09,17399943
2024,12,1,2024-12,1384,2278,6162.06,14037173
2024,12,1,2024-12,1385,2136,5021.86,10726693
2024,12,1,2024-12,1386,2110,5559.02,11729532
2024,12,1,2024-12,1387,2056,6224.93,12798456
2024,12,1,2024-12,1388,1283,4390.66,5633217
2024,12,1,2024-12,1389,885,6329.87,5601935
2024,12,1,2024-12,1390,1628,7615.55,12398115
2024,12,1,2024-12,1391,1300,4735.74,6156462
2024,12,1,2024-12,1392,827,7032.65,5816002
2024,12,1,2024-12,1393,2001,7343.46,14694263
2024,12,1,2024-12,1394,1396,7523.18,10502359
2024,12,1,2024-12,1395,1416,7547.44,10687175
2024,12,1,2024-12,1396,969,5960.12,5775356
2024,12,1,2024-12,1397,1772,7595.22,13458730
2024,12,1,2024-12,1398,2083,6872.27,14314938
2024,12,1,2024-12,1399,997,4663.82,4649829
2024,12,1,2024-12,1400,1041,5836,6075276
2024,12,1,2024-12,1401,2213,6695.88,14817982
2024,12,1,2024-12,1402,865,4960.03,4290426
2024,12,1,2024-12,1403,1644,6363.28,10461232
2024,12,1,2024-12,1404,1029,6516.52,6705499
2024,12,1,2024-12,1405,1918,4774.19,9156896
2024,12,1,2024-12,1406,1813,6071.24,11007158
2024,12,1,2024-12,1407,1817,6849.3,12445178
2024,12,1,2024-12,1408,2454,5897.59,14472686
2024,12,1,2024-12,1409,1506,4158.27,6262355
2024,12,1,2024-12,1410,1352,4136.11,5592021
2024,12,1,2024-12,1411,800,5498.61,4398888
2024,12,1,2024-12,1412,2299,7415.72,17048740
2024,12,1,2024-12,1413,1526,4860.19,7416650
2024,12,1,2024-12,1414,1615,6446.98,10411873
2024,12,1,2024-12,1415,848,4854.83,4116896
2024,12,1,2024-12,1416,1075,5257.91,5652253
2024,12,1,2024-12,1417,1067,7113.36,7589955
2024,12,1,2024-12,1418,1419,6684.44,9485220
2024,12,1,2024-12,1419,1347,4392.93,5917277
2024,12,1,2024-12,1420,1712,5675.87,9717089
2024,12,1,2024-12,1421,2222,4258.89,9463254
2024,12,1,2024-12,1422,1676,5856.24,9815058
2024,12,1,2024-12,1423,1853,6549.56,12136335
2024,12,1,2024-12,1424,2519,4499.48,11334190
2024,12,1,2024-12,1425,1506,5131.18,7727557
2024,12,1,2024-12,1426,1378,5503.47,7583782
2024,12,1,2024-12,1427,835,7424.44,6199407
2024,12,1,2024-12,1428,2080,7676.33,15966766
2024,12,1,2024-12,1429,2276,4201.59,9562819
2024,12,1,2024-12,1430,1340,6894.79,9239019
2024,12,1,2024-12,1431,1485,5400.07,8019104
2024,12,1,2024-12,1432,2033,5444.51,11068689
2024,12,1,2024-12,1433,2216,6752.28,14963052
2024,12,1,2024-12,1434,1500,7451.84,11177760
2024,12,1,2024-12,1435,1044,7587.99,7921862
2024,12,1,2024-12,1436,983,6168.82,6063950
2024,12,1,2024-12,1437,2337,5424.89,12677968
2024,12,1,2024-12,1438,1023,6887.67,7046086
2024,12,1,2024-12,1439,1549,5033.51,7796907
2024,12,1,2024-12,1440,2318,6147.87,14250763
2024,12,1,2024-12,1441,802,5337.24,4280466
2024,12,1,2024-12,1442,1825,6459.83,11789190
2024,12,1,2024-12,1443,1611,4971.74,8009473
2024,12,1,2024-12,1444,2239,4757.52,10652087
2024,12,1,2024-12,1445,2207,7431.72,16401806
2024,12,1,2024-12,1446,968,4421.59,4280099
2024,12,1,2024-12,1447,894,5958.31,5326729
2024,12,1,2024-12,1448,1445,4978.59,7194063
2024,12,1,2024-12,1449,1518,4272.77,6486065
2024,12,1,2024-12,1450,1813,4278.32,7756594
2024,12,1,2024-12,1451,1135,4776.04,5420805
2024,12,1,2024-12,1452,1043,7253.85,7565766
2024,12,1,2024-12,1453,2137,5105.1,10909599
2024,12,1,2024-12,1454,2282,7534.05,17192702
2024,12,1,2024-12,1455,1588,6211.17,9863338
2024,12,1,2024-12,1456,2125,5609.42,11920018
2024,12,1,2024-12,1457,2431,6166.17,14989959
2024,12,1,2024-12,1458,2216,5924.21,13128049
2024,12,1,2024-12,1459,1895,6802.89,12891477
2024,12,1,2024-12,1460,1201,5168.84,6207777
2024,12,1,2024-12,1461,1454,5352.75,7782898
2024,12,1,2024-12,1462,1064,7289.24,7755751
2024,12,1,2024-12,1463,1161,7501.9,8709706
2024,12,1,2024-12,1464,2349,7294.01,17133629
2024,12,1,2024-12,1465,775,5572.47,4318664
2024,12,1,2024-12,1466,1609,6911.17,11120073
2024,12,1,2024-12,1467,932,5815.64,5420176
2024,12,1,2024-12,1468,2039,5862.86,11954372
2024,12,1,2024-12,1469,2082,4852.7,10103321
2024,12,1,2024-12,1470,960,6208.34,5960006
2024,12,1,2024-12,1471,1842,4814.01,8867406
2024,12,1,2024-12,1472,824,5214.96,4297127
2024,12,1,2024-12,1473,850,7147.75,6075588
2024,12,1,2024-12,1474,1760,4857.51,8549218
2024,12,1,2024-12,1475,876,4349.83,3810451
2024,12,1,2024-12,1476,2233,4293.06,9586403
2024,12,1,2024-12,1477,741,7567,5607147
2024,12,1,2024-12,1478,1040,5926.38,6163435
2024,12,1,2024-12,1479,2463,5521.06,13598371
2024,12,1,2024-12,1480,817,7049.32,5759294
2024,12,1,2024-12,1481,1879,7086.72,13315947
2024,12,1,2024-12,1482,1447,5347.91,7738426
2024,12,1,2024-12,1483,1246,6576.35,8194132
2024,12,1,2024-12,1484,1981,6909.17,13687066
2024,12,1,2024-12,1485,1617,6455.88,10439158
2024,12,1,2024-12,1486,1958,4654.12,9112767
2024,12,1,2024-12,1487,1910,7217.52,13785463
2024,12,1,2024-12,1488,1253,6021.58,7545040
2024,12,1,2024-12,1489,743,5137.01,3816798
2024,12,1,2024-12,1490,2168,5620.79,12185873
2024,12,1,2024-12,1491,928,4201.76,3899233
2024,12,1,2024-12,1492,1320,4533.94,5984801
2024,12,1,2024-12,1493,1576,6875.29,10835457
2024,12,1,2024-12,1494,1799,4141.8,7451098
2024,12,1,2024-12,1495,1151,5645.87,6498396
2024,12,1,2024-12,1496,1865,5966.43,11127392
2024,12,1,2024-12,1497,1732,4385.32,7595374
2024,12,1,2024-12,1498,2072,7639.58,15829210
2024,12,1,2024-12,1499,1414,4918.32,6954504
2024,12,1,2024-12,1500,2189,5201.66,11386434
2024,12,1,2024-12,1501,2030,5228.21,10613266
2024,12,1,2024-12,1502,1320,4900.6,6468792
2024,12,1,2024-12,1503,757,4051.07,3066660
2024,12,1,2024-12,1504,2376,6729.43,15989126
2024,12,1,2024-12,1505,1693,7577.67,12828995
2024,12,1,2024-12,1506,1855,4877.51,9047781
2024,12,1,2024-12,1507,1435,6454.83,9262681
2024,12,1,2024-12,1508,1142,6809.34,7776266
2024,12,1,2024-12,1509,1730,7153.74,12375970
2024,12,1,2024-12,1510,1916,5551.22,10636138
2024,12,1,2024-12,1511,979,5079.82,4973144
2024,12,1,2024-12,1512,1271,5174.05,6576218
2024,12,1,2024-12,1513,1051,6732.37,7075721
2024,12,1,2024-12,1514,1524,7006.25,10677525
2024,12,1,2024-12,1515,851,4749.27,4041629
2024,12,1,2024-12,1516,1596,5547.19,8853315
2024,12,1,2024-12,1517,1497,7297.04,10923669
2024,12,1,2024-12,1518,1602,7039.48,11277247
2024,12,1,2024-12,1519,1431,7625.9,10912663
2024,12,1,2024-12,1520,2331,6850.28,15968003
2024,12,1,2024-12,1521,1615,5540.31,8947601
2024,12,1,2024-12,1522,2081,6136.63,12770327
2024,12,1,2024-12,1523,1888,6435.82,12150828
2024,12,1,2024-12,1524,1104,4349.86,4802245
2024,12,1,2024-12,1525,1888,6070.37,11460859
2024,12,1,2024-12,1526,1701,6622.72,11265247
2024,12,1,2024-12,1527,1356,4721.25,6402015
2024,12,1,2024-12,1528,2478,6931.95,17177372
2024,12,1,2024-12,1529,1434,6278.16,9002881
2024,12,1,2024-12,1530,2378,7545.16,17942390
2024,12,1,2024-12,1531,2158,4259.11,9191159
2024,12,1,2024-12,1532,2336,5069.68,11842772
2024,12,1,2024-12,1533,1951,6188.11,12073003
2024,12,1,2024-12,1534,1322,5147.6,6805127
2024,12,1,2024-12,1535,910,6624.4,6028204
2024,12,1,2024-12,1536,2106,6877.48,14483973
2024,12,1,2024-12,1537,747,4511.11,3369799
2024,12,1,2024-12,1538,1646,5867.54,9657971
2024,12,1,2024-12,1539,1715,5962.09,10224984
2024,12,1,2024-12,1540,1908,5472.73,10441969
2024,12,1,2024-12,1541,1835,7417.48,13611076
2024,12,1,2024-12,1542,930,7110.72,6612970
2024,12,1,2024-12,1543,1836,6614.98,12145103
2024,12,1,2024-12,1544,1092,6610.87,7219070
2024,12,1,2024-12,1545,694,5700.52,3956161
2024,12,1,2024-12,1546,1326,7523.25,9975830
2024,12,1,2024-12,1547,2217,6587.47,14604421
2024,12,1,2024-12,1548,1726,6737.18,11628373
2024,12,1,2024-12,1549,2007,7128.58,14307060
2024,12,1,2024-12,1550,2307,5168.91,11924675
2024,12,1,2024-12,1551,1512,7037.83,10641199
2024,12,1,2024-12,1552,2059,4816.54,9917256
2024,12,1,2024-12,1553,790,5423.58,4284628
2024,12,1,2024-12,1554,1291,5244.99,6771282
2024,12,1,2024-12,1555,2179,7583.94,16525405
2024,12,1,2024-12,1556,2165,7179.42,15543444
2024,12,1,2024-12,1557,1651,6594.41,10887371
2024,12,1,2024-12,1558,2566,6750.04,17320603
2024,12,1,2024-12,1559,979,6146.41,6017335
2024,12,1,2024-12,1560,1692,7556.3,12785260
2024,12,1,2024-12,1561,2198,5895.39,12958067
2024,12,1,2024-12,1562,1383,5428.04,7506979
2024,12,1,2024-12,1563,1017,4680.43,4759997
2024,12,1,2024-12,1564,1068,6952.04,7424779
2024,12,1,2024-12,1565,1761,6725.87,11844257
2024,12,1,2024-12,1566,1877,5491.94,10308371
2024,12,1,2024-12,1567,2140,4180.35,8945949
2024,12,1,2024-12,1568,2228,7138.03,15903531
2024,12,1,2024-12,1569,1996,4175.26,8333819
2024,12,1,2024-12,1570,1859,6738.15,12526221
2024,12,1,2024-12,1571,814,7511.73,6114548
2024,12,1,2024-12,1572,1731,5692.07,9852973
2024,12,1,2024-12,1573,1526,5045.46,7699372
2024,12,1,2024-12,1574,1155,6688.51,7725229
2024,12,1,2024-12,1575,1045,7122.23,7442730
2024,12,1,2024-12,1576,1567,6019.41,9432415
2024,12,1,2024-12,1577,1403,7576.08,10629240
2024,12,1,2024-12,1578,1160,4232.97,4910245
2024,12,1,2024-12,1579,2474,5879.62,14546180
2024,12,1,2024-12,1580,2116,6746.61,14275827
2024,12,1,2024-12,1581,1275,7147.16,9112629
2024,12,1,2024-12,1582,817,4738.44,3871305
2024,12,1,2024-12,1583,1752,6933.41,12147334
2024,12,1,2024-12,1584,1704,6102.72,10399035
2024,12,1,2024-12,1585,2300,5464.01,12567223
2024,12,1,2024-12,1586,1017,4582.27,4660169
2024,12,1,2024-12,1587,1001,7250.11,7257360
2024,12,1,2024-12,1588,1372,4657.73,6390406
2024,12,1,2024-12,1589,777,5280.37,4102847
2024,12,1,2024-12,1590,2497,5171.86,12914134
2024,12,1,2024-12,1591,2107,7215.65,15203375
2024,12,1,2024-12,1592,1275,6487.59,8271677
2024,12,1,2024-12,1593,903,7009.18,6329290
2024,12,1,2024-12,1594,1072,4993.21,5352721
2024,12,1,2024-12,1595,1217,6342.7,7719066
2024,12,1,2024-12,1596,1309,6252.61,8184666
2024,12,1,2024-12,1597,1226,7139.33,8752819
2024,12,1,2024-12,1598,1821,7319.64,13329064
2024,12,1,2024-12,1599,1344,4158.15,5588554
2024,12,1,2024-12,1600,1171,6568.83,7692100
2024,12,1,2024-12,1601,1574,4266.67,6715739
2024,12,1,2024-12,1602,2304,6140.15,14146906
2024,12,1,2024-12,1603,1681,5160.52,8674834
2024,12,1,2024-12,1604,2053,5312.05,10905639
2024,12,1,2024-12,1605,1141,5362.05,6118099
2024,12,1,2024-12,1606,786,6361.46,5000108
2024,12,1,2024-12,1607,1749,5274.34,9224821
2024,12,1,2024-12,1608,2149,6730.32,14463458
2024,12,1,2024-12,1609,1648,5532.55,9117642
2024,12,1,2024-12,1610,1543,4401.62,6791700
2024,12,1,2024-12,1611,2284,6843.52,15630600
2024,12,1,2024-12,1612,2324,5006.54,11635199
2024,12,1,2024-12,1613,2268,5673.15,12866704
2024,12,1,2024-12,1614,2062,6568.27,13543773
2024,12,1,2024-12,1615,861,5266.39,4534362
2024,12,1,2024-12,1616,1925,4317.78,8311726
2024,12,1,2024-12,1617,1015,5361.6,5442024
2024,12,1,2024-12,1618,2230,7563.38,16866337
2024,12,1,2024-12,1619,1495,6373.22,9527964
2024,12,1,2024-12,1620,1764,6561.97,11575315
2024,12,1,2024-12,1621,2109,6322.94,13335080
2024,12,1,2024-12,1622,1916,4762.35,9124663
2024,12,1,2024-12,1623,2057,5566.24,11449756
2024,12,1,2024-12,1624,2199,6801.53,14956564
2024,12,1,2024-12,1625,2235,4514.11,10089036
2024,12,1,2024-12,1626,2071,5176.31,10720138
2024,12,1,2024-12,1627,1178,5148.27,6064662
2024,12,1,2024-12,1628,1669,5594.06,9336486
2024,12,1,2024-12,1629,1229,7612.45,9355701
2024,12,1,2024-12,1630,2044,4329.79,8850091
2024,12,1,2024-12,1631,1456,5964.26,8683963
2024,12,1,2024-12,1632,1492,4769.86,7116631
2024,12,1,2024-12,1633,1079,7551.83,8148425
2024,12,1,2024-12,1634,964,4604.89,4439114
2024,12,1,2024-12,1635,1812,5536.56,10032247
2024,12,1,2024-12,1636,1717,6786.58,11652558
2024,12,1,2024-12,1637,1463,6567.84,9608750
2024,12,1,2024-12,1638,2130,5713.29,12169308
2024,12,1,2024-12,1639,1906,5381.58,10257291
2024,12,1,2024-12,1640,1221,5520.92,6741043
2024,12,1,2024-12,1641,1529,5072.77,7756265
2024,12,1,2024-12,1642,1792,4865.14,8718331
2024,12,1,2024-12,1643,851,5848.92,4977431
2024,12,1,2024-12,1644,2119,5059.73,10721568
2024,12,1,2024-12,1645,1018,5083.18,5174677
2024,12,1,2024-12,1646,641,6533.39,4187903
2024,12,1,2024-12,1647,995,7587.38,7549443
2024,12,1,2024-12,1648,1677,6237.72,10460656
2024,12,1,2024-12,1649,1849,4373.79,8087138
2024,12,1,2024-12,1650,1709,4433.66,7577125
2024,12,1,2024-12,1651,2071,7573.04,15683766
2024,12,1,2024-12,1652,1155,5162.21,5962353
2024,12,1,2024-12,1653,1460,4415.36,6446426
2024,12,1,2024-12,1654,2226,6233.83,13876506
2024,12,1,2024-12,1655,2098,6390.54,13407353
2024,12,1,2024-12,1656,1851,6491.24,12015285
2024,12,1,2024-12,1657,1874,5056.45,9475787
2024,12,1,2024-12,1658,1529,4193.22,6411433
2024,12,1,2024-12,1659,1975,7551.67,14914548
2024,12,1,2024-12,1660,2186,4947.62,10815497
2024,12,1,2024-12,1661,1779,6558.63,11667803
2024,12,1,2024-12,1662,1714,6633.74,11370230
2024,12,1,2024-12,1663,2379,6288.74,14960912
2024,12,1,2024-12,1664,788,5267.05,4150435
2024,12,1,2024-12,1665,1300,5021.1,6527430
2024,12,1,2024-12,1666,2402,6155.09,14784526
2024,12,1,2024-12,1667,848,7228.56,6129819
2024,12,1,2024-12,1668,2236,7576.98,16942127
2024,12,1,2024-12,1669,2378,4533.14,10779807
2024,12,1,2024-12,1670,1835,4630.54,8497041
2024,12,1,2024-12,1671,2211,7506.2,16596208
2024,12,1,2024-12,1672,1825,6771.3,12357622
2024,12,1,2024-12,1673,2190,7298.11,15982861
2024,12,1,2024-12,1674,2058,4809.32,9897581
2024,12,1,2024-12,1675,977,6187.5,6045188
2024,12,1,2024-12,1676,1225,6516.75,7983019
2024,12,1,2024-12,1677,2204,6556.04,14449512
2024,12,1,2024-12,1678,2075,5606.43,11633342
2024,12,1,2024-12,1679,1852,4209.26,7795550
2024,12,1,2024-12,1680,1305,6148.14,8023323
2024,12,1,2024-12,1681,955,5013.89,4788265
2024,12,1,2024-12,1682,2179,5718.7,12461047
2024,12,1,2024-12,1683,1969,7500.97,14769410
2024,12,1,2024-12,1684,1691,5586.07,9446044
2024,12,1,2024-12,1685,1905,7117.73,13559276
2024,12,1,2024-12,1686,1395,4762.77,6644064
2024,12,1,2024-12,1687,2007,6569.61,13185207
2024,12,1,2024-12,1688,2030,7637.14,15503394
2024,12,1,2024-12,1689,2385,4444.75,10600729
2024,12,1,2024-12,1690,800,4061.65,3249320
2024,12,1,2024-12,1691,1125,5628.24,6331770
2024,12,1,2024-12,1692,989,4446.74,4397826
2024,12,1,2024-12,1693,876,6767.42,5928260
2024,12,1,2024-12,1694,1633,7332.2,11973483
2024,12,1,2024-12,1695,2327,5653.35,13155345
2024,12,1,2024-12,1696,2102,4959.58,10425037
2024,12,1,2024-12,1697,854,5690.81,4859952
2024,12,1,2024-12,1698,1998,6795.16,13576730
2024,12,1,2024-12,1699,2194,4169.56,9148015
2024,12,1,2024-12,1700,1155,6279.39,7252695
2024,12,1,2024-12,1701,2170,6276.83,13620721
2024,12,1,2024-12,1702,1234,6377.71,7870094
2024,12,1,2024-12,1703,2038,4923.04,10033156
2024,12,1,2024-12,1704,1041,6693.77,6968215
2024,12,1,2024-12,1705,1181,4484.13,5295758
2024,12,1,2024-12,1706,1239,4795.48,5941600
2024,12,1,2024-12,1707,1600,7261.88,11619008
2024,12,1,2024-12,1708,1675,6688.54,11203304
2024,12,1,2024-12,1709,1045,4151.71,4338537
2024,12,1,2024-12,1710,1318,4961.5,6539257
2024,12,1,2024-12,1711,2152,4883.87,10510088
2024,12,1,2024-12,1712,2118,5106.71,10816012
2024,12,1,2024-12,1713,1089,4953.88,5394775
2024,12,1,2024-12,1714,1066,4273.35,4555391
2024,12,1,2024-12,1715,1244,5749.74,7152677
2024,12,1,2024-12,1716,1288,6731.38,8670017
2024,12,1,2024-12,1717,786,6277.56,4934162
2024,12,1,2024-12,1718,814,6462.92,5260817
2024,12,1,2024-12,1719,1452,4344.46,6308156
2024,12,1,2024-12,1720,1621,7528.54,12203763
2024,12,1,2024-12,1721,1720,7031.24,12093733
2024,12,1,2024-12,1722,2073,6938.15,14382785
2024,12,1,2024-12,1723,1276,7134.49,9103609
2024,12,1,2024-12,1724,1360,7425.11,10098150
2024,12,1,2024-12,1725,2213,5993.48,13263571
2024,12,1,2024-12,1726,1498,4768.87,7143767
2024,12,1,2024-12,1727,1152,6372.94,7341627
2024,12,1,2024-12,1728,2301,6738.07,15504299
2024,12,1,2024-12,1729,916,6743.69,6177220
2024,12,1,2024-12,1730,1312,5955.7,7813878
2024,12,1,2024-12,1731,2224,4287.9,9536290
2024,12,1,2024-12,1732,1411,5368.87,7575476
2024,12,1,2024-12,1733,940,7426.1,6980534
2024,12,1,2024-12,1734,1831,6148.11,11257189
2024,12,1,2024-12,1735,1902,6138,11674476
2024,12,1,2024-12,1736,1815,5004.67,9083476
2024,12,1,2024-12,1737,2006,5375.38,10783012
2024,12,1,2024-12,1738,830,7337.09,6089785
2024,12,1,2024-12,1739,1040,6502.69,6762798
2024,12,1,2024-12,1740,2049,6987.94,14318289
2024,12,1,2024-12,1741,1749,5757.81,10070410
2024,12,1,2024-12,1742,1571,6418.46,10083401
2024,12,1,2024-12,1743,1222,5071.9,6197862
2024,12,1,2024-12,1744,1525,6622.68,10099587
2024,12,1,2024-12,1745,1128,5555.79,6266931
2024,12,1,2024-12,1746,1530,5760.75,8813948
2024,12,1,2024-12,1747,1876,6477.77,12152297
2024,12,1,2024-12,1748,2365,7486.75,17706164
2024,12,1,2024-12,1749,1226,4405.48,5401118
2024,12,1,2024-12,1750,1066,7060.33,7526312
2024,12,1,2024-12,1751,2343,5130.51,12020785
2024,12,1,2024-12,1752,1372,5749.17,7887861
2024,12,1,2024-12,1753,2155,4200.72,9052552
2024,12,1,2024-12,1754,2292,5178.35,11868778
2024,12,1,2024-12,1755,1726,5978.9,10319581
2024,12,1,2024-12,1756,2375,4371.69,10382764
2024,12,1,2024-12,1757,1452,5843.77,8485154
2024,12,1,2024-12,1758,1119,7364.81,8241222
2024,12,1,2024-12,1759,2137,4444.13,9497106
2024,12,1,2024-12,1760,818,6821.49,5579979
2024,12,1,2024-12,1761,1856,5555.48,10310971
2024,12,1,2024-12,1762,1338,6468.93,8655428
2024,12,1,2024-12,1763,2163,5179.49,11203237
2024,12,1,2024-12,1764,1657,4727.14,7832871
2024,12,1,2024-12,1765,1316,4739.99,6237827
2024,12,1,2024-12,1766,2455,4361.5,10707482
2024,12,1,2024-12,1767,2219,4785.5,10619024
2024,12,1,2024-12,1768,1200,6512.18,7814616
2024,12,1,2024-12,1769,906,7322.23,6633940
2024,12,1,2024-12,1770,1883,7069.7,13312245
2024,12,1,2024-12,1771,1328,6595.72,8759116
2024,12,1,2024-12,1772,1958,4476.98,8765927
2024,12,1,2024-12,1773,1274,5069.38,6458390
2024,12,1,2024-12,1774,1677,5273.63,8843878
2024,12,1,2024-12,1775,1595,5038.47,8036360
2024,12,1,2024-12,1776,776,5926.33,4598832
2024,12,1,2024-12,1777,1266,6129.08,7759415
2024,12,1,2024-12,1778,2190,5350.47,11717529
2024,12,1,2024-12,1779,1210,5375.79,6504706
2024,12,1,2024-12,1780,1179,7066.61,8331533
2024,12,1,2024-12,1781,2108,6906.32,14558523
2024,12,1,2024-12,1782,1743,5189.55,9045386
2024,12,1,2024-12,1783,1581,7354.89,11628081
2024,12,1,2024-12,1784,1116,7490.05,8358896
2024,12,1,2024-12,1785,1475,5305.59,7825745
2024,12,1,2024-12,1786,1590,5418.19,8614922
2024,12,1,2024-12,1787,2410,5892.69,14201383
2024,12,1,2024-12,1788,1578,7458.19,11769024
2024,12,1,2024-12,1789,1534,7265.73,11145630
2024,12,1,2024-12,1790,1482,4488.57,6652061
2024,12,1,2024-12,1791,2074,5522.74,11454163
2024,12,1,2024-12,1792,865,6101.1,5277452
2024,12,1,2024-12,1793,1707,5939.59,10138880
2024,12,1,2024-12,1794,1865,4854.3,9053270
2024,12,1,2024-12,1795,1579,7161.24,11307598
2024,12,1,2024-12,1796,835,6549.84,5469116
2024,12,1,2024-12,1797,1782,7089.18,12632919
2024,12,1,2024-12,1798,1340,7096.44,9509230
2024,12,1,2024-12,1799,1245,6750.07,8403837
2024,12,1,2024-12,1800,2237,5763.79,12893598
2024,12,1,2024-12,1801,1429,6342.89,9063990
2024,12,1,2024-12,1802,2238,4594.25,10281932
2024,12,1,2024-12,1803,1421,6491.69,9224691
2024,12,1,2024-12,1804,2155,4744.63,10224678
2024,12,1,2024-12,1805,1114,6597.16,7349236
2024,12,1,2024-12,1806,798,4907.34,3916057
2024,12,1,2024-12,1807,2070,4566.79,9453255
2024,12,1,2024-12,1808,1639,4770.92,7819538
2024,12,1,2024-12,1809,1701,4168.44,7090516
2024,12,1,2024-12,1810,1274,6659.72,8484483
2024,12,1,2024-12,1811,1907,6671.52,12722589
2024,12,1,2024-12,1812,1537,5981.6,9193719
2024,12,1,2024-12,1813,2262,4621.32,10453426
2024,12,1,2024-12,1814,1635,4442.65,7263733
2024,12,1,2024-12,1815,1939,4243.09,8227352
2024,12,1,2024-12,1816,1918,4727.24,9066846
2024,12,1,2024-12,1817,2503,7252.12,18152056
2024,12,1,2024-12,1818,1867,4931.25,9206644
2024,12,1,2024-12,1819,2272,5382.05,12228018
2024,12,1,2024-12,1820,1822,4567.6,8322167
2024,12,1,2024-12,1821,2338,4913.07,11486758
2024,12,1,2024-12,1822,1692,5919.54,10015862
2024,12,1,2024-12,1823,799,6281.81,5019166
2024,12,1,2024-12,1824,1080,5084.08,5490806
2024,12,1,2024-12,1825,1667,4250.78,7086050
2024,12,1,2024-12,1826,991,5571.71,5521565
2024,12,1,2024-12,1827,2196,4934.12,10835328
2024,12,1,2024-12,1828,2378,4918.43,11696027
2024,12,1,2024-12,1829,2175,7589.79,16507793
2024,12,1,2024-12,1830,1266,6283.97,7955506
2024,12,1,2024-12,1831,1811,6157.51,11151251
2024,12,1,2024-12,1832,2248,5621.53,12637199
2024,12,1,2024-12,1833,2141,5708.57,12222048
2024,12,1,2024-12,1834,1805,6065.67,10948534
2024,12,1,2024-12,1835,1742,6690.83,11655426
2024,12,1,2024-12,1836,1484,6550.84,9721447
2024,12,1,2024-12,1837,2238,4756.84,10645808
2024,12,1,2024-12,1838,1513,5914.11,8948048
2024,12,1,2024-12,1839,857,5537.77,4745869
2024,12,1,2024-12,1840,2073,7286.61,15105143
2024,12,1,2024-12,1841,1122,6322.18,7093486
2024,12,1,2024-12,1842,1842,6049.66,11143474
2024,12,1,2024-12,1843,2039,4506.07,9187877
2024,12,1,2024-12,1844,1484,6382.23,9471229
2024,12,1,2024-12,1845,1287,4558.68,5867021
2024,12,1,2024-12,1846,1887,5347.69,10091091
2024,12,1,2024-12,1847,1149,4696.63,5396428
2024,12,1,2024-12,1848,1268,6590.21,8356386
2024,12,1,2024-12,1849,1271,4872.8,6193329
2024,12,1,2024-12,1850,1944,5455.26,10605025
2024,12,1,2024-12,1851,1581,7320.54,11573774
2024,12,1,2024-12,1852,1425,4846.44,6906177
2024,12,1,2024-12,1853,1822,5844.44,10648570
2024,12,1,2024-12,1854,1755,5633.06,9886020
2024,12,1,2024-12,1855,1317,4237.73,5581090
2024,12,1,2024-12,1856,2016,6989.17,14090167
2024,12,1,2024-12,1857,1569,4416.08,6928830
2024,12,1,2024-12,1858,1119,5840.3,6535296
2024,12,1,2024-12,1859,1115,6121.16,6825093
2024,12,1,2024-12,1860,1955,6279.61,12276638
2024,12,1,2024-12,1861,1928,6537.44,12604184
2024,12,1,2024-12,1862,1235,5022.04,6202219
2024,12,1,2024-12,1863,1886,4121.56,7773262
2024,12,1,2024-12,1864,1982,6660.11,13200338
2024,12,1,2024-12,1865,1569,6150.78,9650574
2024,12,1,2024-12,1866,1911,7169.49,13700895
2024,12,1,2024-12,1867,1393,7150.38,9960479
2024,12,1,2024-12,1868,999,7106.96,7099853
2024,12,1,2024-12,1869,1360,5843.82,7947595
2024,12,1,2024-12,1870,2207,5287.55,11669623
2024,12,1,2024-12,1871,1366,6859.29,9369790
2024,12,1,2024-12,1872,1155,5745.81,6636411
2024,12,1,2024-12,1873,2137,4746.5,10143270
2024,12,1,2024-12,1874,1662,7149.31,11882153
2024,12,1,2024-12,1875,879,7236.24,6360655
2024,12,1,2024-12,1876,1347,5777.62,7782454
2024,12,1,2024-12,1877,2194,4416.48,9689757
2024,12,1,2024-12,1878,1033,5456.94,5637019
2024,12,1,2024-12,1879,2121,6972.56,14788800
2024,12,1,2024-12,1880,1502,7328.31,11007122
2024,12,1,2024-12,1881,810,4833.03,3914754
2024,12,1,2024-12,1882,875,4312.74,3773648
2024,12,1,2024-12,1883,2180,7276.7,15863206
2024,12,1,2024-12,1884,1492,5505.5,8214206
2024,12,1,2024-12,1885,1748,6038.27,10554896
2024,12,1,2024-12,1886,821,7595.52,6235922
2024,12,1,2024-12,1887,2260,4343.21,9815655
2024,12,1,2024-12,1888,2310,6394.95,14772334
2024,12,1,2024-12,1889,1555,4388.34,6823869
2024,12,1,2024-12,1890,1111,5460.78,6066927
2024,12,1,2024-12,1891,2155,6901.68,14873120
2024,12,1,2024-12,1892,1494,5707.47,8526960
2024,12,1,2024-12,1893,1366,7625.44,10416351
2024,12,1,2024-12,1894,1666,6112.6,10183592
2024,12,1,2024-12,1895,1770,5242.75,9279668
2024,12,1,2024-12,1896,2436,4906.39,11951966
2024,12,1,2024-12,1897,1574,5342.66,8409347
2024,12,1,2024-12,1898,2072,5457.5,11307940
2024,12,1,2024-12,1899,1807,4415.29,7978429
2024,12,1,2024-12,1900,1230,5411.43,6656059
2024,12,1,2024-12,1901,1354,5755.35,7792744
2024,12,1,2024-12,1902,1471,6667.14,9807363
2024,12,1,2024-12,1903,1523,6476.51,9863725
2024,12,1,2024-12,1904,717,6636.89,4758650
2024,12,1,2024-12,1905,761,4145.69,3154870
2024,12,1,2024-12,1906,1182,4837.26,5717641
2024,12,1,2024-12,1907,1647,6482.61,10676859
2024,12,1,2024-12,1908,1166,5763.22,6719915
2024,12,1,2024-12,1909,901,4152.31,3741231
2024,12,1,2024-12,1910,1573,6961.87,10951022
2024,12,1,2024-12,1911,1875,6859.96,12862425
2024,12,1,2024-12,1912,1003,6080.03,6098270
2024,12,1,2024-12,1913,2050,4300.79,8816620
2024,12,1,2024-12,1914,1753,6809.17,11936475
2024,12,1,2024-12,1915,1007,6308.57,6352730
2024,12,1,2024-12,1916,910,6910,6288100
2024,12,1,2024-12,1917,845,6844.33,5783459
2024,12,1,2024-12,1918,1925,6956.53,13391320
2024,12,1,2024-12,1919,696,5957.48,4146406
2024,12,1,2024-12,1920,1748,4579.93,8005718
2024,12,1,2024-12,1921,1401,6576.17,9213214
2024,12,1,2024-12,1922,2136,6344.02,13550827
2024,12,1,2024-12,1923,1053,6752.2,7110067
2024,12,1,2024-12,1924,1692,4742.53,8024361
2024,12,1,2024-12,1925,821,4778.56,3923198
2024,12,1,2024-12,1926,1632,7240.01,11815696
2024,12,1,2024-12,1927,2001,6847.59,13702028
2024,12,1,2024-12,1928,2165,7352.25,15917621
2024,12,1,2024-12,1929,1163,6844.3,7959921
2024,12,1,2024-12,1930,2526,6236.61,15753677
2024,12,1,2024-12,1931,1347,6470.97,8716397
2024,12,1,2024-12,1932,2338,7206.98,16849919
2024,12,1,2024-12,1933,1673,6147.42,10284634
2024,12,1,2024-12,1934,2296,6293.23,14449256
2024,12,1,2024-12,1935,2371,4745.7,11252055
2024,12,1,2024-12,1936,1803,5814.32,10483219
2024,12,1,2024-12,1937,2314,6661.12,15413832
2024,12,1,2024-12,1938,1088,5042.65,5486403
2024,12,1,2024-12,1939,1125,4885.48,5496165
2024,12,1,2024-12,1940,1383,5314.12,7349428
2024,12,1,2024-12,1941,791,4990.05,3947130
2024,12,1,2024-12,1942,1325,4890.72,6480204
2024,12,1,2024-12,1943,1976,5644.16,11152860
2024,12,1,2024-12,1944,1073,7338.19,7873878
2024,12,1,2024-12,1945,1851,5919.2,10956439
2024,12,1,2024-12,1946,2169,4701.4,10197337
2024,12,1,2024-12,1947,2238,4340.08,9713099
2024,12,1,2024-12,1948,811,6620.27,5369039
2024,12,1,2024-12,1949,1161,5470.16,6350856
2024,12,1,2024-12,1950,1789,7107.46,12715246
2024,12,1,2024-12,1951,1235,6418.33,7926638
2024,12,1,2024-12,1952,1921,7010.37,13466921
2024,12,1,2024-12,1953,1580,5057.76,7991261
2024,12,1,2024-12,1954,1579,6562.05,10361477
2024,12,1,2024-12,1955,713,5028.24,3585135
2024,12,1,2024-12,1956,2051,7439.93,15259296
2024,12,1,2024-12,1957,1707,6417.52,10954707
2024,12,1,2024-12,1958,1771,5247.51,9293340
2024,12,1,2024-12,1959,1918,4991.97,9574598
2024,12,1,2024-12,1960,752,4807.81,3615473
2024,12,1,2024-12,1961,1657,6613.74,10958967
2024,12,1,2024-12,1962,2069,4888.33,10113955
2024,12,1,2024-12,1963,2154,6244.45,13450545
2024,12,1,2024-12,1964,888,5056.32,4490012
2024,12,1,2024-12,1965,2102,6512.24,13688728
2024,12,1,2024-12,1966,1619,7093.99,11485170
2024,12,1,2024-12,1967,2413,6843.98,16514524
2024,12,1,2024-12,1968,1460,6919.96,10103142
2024,12,1,2024-12,1969,977,4845.17,4733731
2024,12,1,2024-12,1970,1432,4414,6320848
2024,12,1,2024-12,1971,1312,6626.93,8694532
2024,12,1,2024-12,1972,876,5488.34,4807786
2024,12,1,2024-12,1973,1904,5688.97,10831799
2024,12,1,2024-12,1974,1631,4248.15,6928733
2024,12,1,2024-12,1975,1409,5089.84,7171585
2024,12,1,2024-12,1976,2161,4163.13,8996524
2024,12,1,2024-12,1977,1184,7218.61,8546834
2024,12,1,2024-12,1978,1628,4975.6,8100277
2024,12,1,2024-12,1979,1895,6153.48,11660845
2024,12,1,2024-12,1980,1809,4330.01,7832988
2024,12,1,2024-12,1981,1539,6529.17,10048393
2024,12,1,2024-12,1982,690,5244.18,3618484
2024,12,1,2024-12,1983,1241,7323.05,9087905
2024,12,1,2024-12,1984,944,7258.33,6851864
2024,12,1,2024-12,1985,2251,5250.11,11817998
2024,12,1,2024-12,1986,1245,7304.07,9093567
2024,12,1,2024-12,1987,1945,7702.76,14981868
2024,12,1,2024-12,1988,2278,7085.56,16140906
2024,12,1,2024-12,1989,1693,7183.82,12162207
2024,12,1,2024-12,1990,1169,5012.7,5859846
2024,12,1,2024-12,1991,1772,6158.21,10912348
2024,12,1,2024-12,1992,915,4373.62,4001862
2024,12,1,2024-12,1993,1371,4504.77,6176040
2024,12,1,2024-12,1994,1371,7716,10578636
2024,12,1,2024-12,1995,1347,5340.79,7194044
2024,12,1,2024-12,1996,1443,6801.89,9815127
2024,12,1,2024-12,1997,2144,6935.1,14868854
2024,12,1,2024-12,1998,2202,7221.46,15901655
2024,12,1,2024-12,1999,1141,7719.46,8807904
2024,12,1,2024-12,2000,1914,5051.94,9669413
2024,12,1,2024-12,2001,915,4219.85,3861163
2024,12,1,2024-12,2002,1936,5593.76,10829519
2024,12,1,2024-12,2003,1474,4584.88,6758113
2024,12,1,2024-12,2004,1231,4180.4,5146072
2024,12,1,2024-12,2005,2056,5337.17,10973222
2024,12,1,2024-12,2006,1972,6901.66,13610074
2024,12,1,2024-12,2007,1768,6126.98,10832501
2024,12,1,2024-12,2008,1373,5211.6,7155527
2024,12,1,2024-12,2009,1073,6472.04,6944499
2024,12,1,2024-12,2010,2340,5012.49,11729227
2024,12,1,2024-12,2011,1931,4195.57,8101646
2024,12,1,2024-12,2012,1122,6810.6,7641493
2024,12,1,2024-12,2013,1728,6390.14,11042162
2024,12,1,2024-12,2014,2030,6891.42,13989583
2024,12,1,2024-12,2015,999,4276.59,4272313
2024,12,1,2024-12,2016,2140,7182,15369480
2024,12,1,2024-12,2017,1361,6321.82,8603997
2024,12,1,2024-12,2018,2200,6226.47,13698234
2024,12,1,2024-12,2019,2243,6359.97,14265413
2024,12,1,2024-12,2020,1367,7102.35,9708912
2024,12,1,2024-12,2021,657,6312.56,4147352
2024,12,1,2024-12,2022,1823,6138.96,11191324
2024,12,1,2024-12,2023,1859,7653.8,14228414
2024,12,1,2024-12,2024,1660,6801.02,11289693
2024,12,1,2024-12,2025,885,5681.94,5028517
2024,12,1,2024-12,2026,1515,6643.55,10064978
2024,12,1,2024-12,2027,1346,5547.88,7467446
2024,12,1,2024-12,2028,2168,4950.72,10733161
2024,12,1,2024-12,2029,2245,6247.51,14025660
2024,12,1,2024-12,2030,1488,7414.13,11032225
2024,12,1,2024-12,2031,1176,7429.98,8737656
2024,12,1,2024-12,2032,843,5385.36,4539858
2024,12,1,2024-12,2033,1172,6012.03,7046099
2024,12,1,2024-12,2034,1156,4835.67,5590035
2024,12,1,2024-12,2035,1759,7701.9,13547642
2024,12,1,2024-12,2036,1774,7702.07,13663472
2024,12,1,2024-12,2037,1351,6399.5,8645724
2024,12,1,2024-12,2038,1166,6909.1,8056011
2024,12,1,2024-12,2039,1245,6673.36,8308333
2024,12,1,2024-12,2040,768,6261.8,4809062
2024,12,1,2024-12,2041,1280,4372.08,5596262
2024,12,1,2024-12,2042,1103,5704.06,6291578
2024,12,1,2024-12,2043,2047,6517.51,13341343
2024,12,1,2024-12,2044,871,6517.73,5676943
2024,12,1,2024-12,2045,1439,5478.81,7884008
2024,12,1,2024-12,2046,2117,7433.88,15737524
2024,12,1,2024-12,2047,1851,4773.45,8835656
2024,12,1,2024-12,2048,887,5927.79,5257950
2024,12,1,2024-12,2049,1066,6528.84,6959743
2024,12,1,2024-12,2050,2163,6594.45,14263795
2024,12,1,2024-12,2051,2168,6440.53,13963069
2024,12,1,2024-12,2052,956,5063.56,4840763
2024,12,1,2024-12,2053,2366,4637.42,10972136
2024,12,1,2024-12,2054,2323,6357.42,14768287
2024,12,1,2024-12,2055,1309,6225.14,8148708
2024,12,1,2024-12,2056,959,4656.71,4465785
2024,12,1,2024-12,2057,1843,6676.35,12304513
2024,12,1,2024-12,2058,2145,5797.99,12436689
2024,12,1,2024-12,2059,1134,6423.69,7284464
2024,12,1,2024-12,2060,2258,7115,16065670
2024,12,1,2024-12,2061,1885,4703.33,8865777
2024,12,1,2024-12,2062,1355,4163.15,5641068
2024,12,1,2024-12,2063,974,6860.11,6681747
2024,12,1,2024-12,2064,1483,6276.69,9308331
2024,12,1,2024-12,2065,1807,6717.06,12137727
2024,12,1,2024-12,2066,1708,7145.84,12205095
2024,12,1,2024-12,2067,2429,6981.62,16958355
2024,12,1,2024-12,2068,2289,7488.42,17140993
2024,12,1,2024-12,2069,956,6007.76,5743419
2024,12,1,2024-12,2070,2069,5858.52,12121278
2024,12,1,2024-12,2071,1863,5511.18,10267328
2024,12,1,2024-12,2072,1380,4670.31,6445028
2024,12,1,2024-12,2073,1186,6154.71,7299486
2024,12,1,2024-12,2074,1363,5138.74,7004103
2024,12,1,2024-12,2075,1655,7374.53,12204847
2024,12,1,2024-12,2076,1999,6220.67,12435119
2024,12,1,2024-12,2077,2034,6259.41,12731640
2024,12,1,2024-12,2078,1994,5393.88,10755397
2024,12,1,2024-12,2079,1671,4285.63,7161288
2024,12,1,2024-12,2080,1992,4253.77,8473510
2024,12,1,2024-12,2081,958,5599.45,5364273
2024,12,1,2024-12,2082,982,4329.02,4251098
2024,12,1,2024-12,2083,1148,6266.2,7193598
2024,12,1,2024-12,2084,2243,7266.58,16298939
2025,1,1,2025-01,1,1481,7164.98,10611335
2025,1,1,2025-01,2,2092,4757.05,9951749
2025,1,1,2025-01,3,1520,4442.21,6752159
2025,1,1,2025-01,4,1858,5030.82,9347264
2025,1,1,2025-01,5,1858,4240.22,7878329
2025,1,1,2025-01,6,1562,5981.25,9342712
2025,1,1,2025-01,7,1718,7420.2,12747904
2025,1,1,2025-01,8,794,4145.03,3291154
2025,1,1,2025-01,9,1022,4528.83,4628464
2025,1,1,2025-01,10,1789,5711.6,10218052
2025,1,1,2025-01,11,936,7378.45,6906229
2025,1,1,2025-01,12,2072,5147.52,10665661
2025,1,1,2025-01,13,730,5890.78,4300269
2025,1,1,2025-01,14,1793,4193.35,7518677
2025,1,1,2025-01,15,1797,4516.32,8115827
2025,1,1,2025-01,16,1568,7573.48,11875217
2025,1,1,2025-01,17,772,7532.12,5814797
2025,1,1,2025-01,18,2015,4050.75,8162261
2025,1,1,2025-01,19,1259,7391.05,9305332
2025,1,1,2025-01,20,1155,6330.16,7311335
2025,1,1,2025-01,21,1894,7165.55,13571552
2025,1,1,2025-01,22,1517,5718.99,8675708
2025,1,1,2025-01,23,1021,5965.91,6091194
2025,1,1,2025-01,24,1832,5770.9,10572289
2025,1,1,2025-01,25,1691,6432.71,10877713
2025,1,1,2025-01,26,969,4566.56,4424997
2025,1,1,2025-01,27,1665,4163.34,6931961
2025,1,1,2025-01,28,1133,5088.77,5765576
2025,1,1,2025-01,29,2157,6570.42,14172396
2025,1,1,2025-01,30,878,4861.09,4268037
2025,1,1,2025-01,31,994,6432.74,6394144
2025,1,1,2025-01,32,1398,7509.2,10497862
2025,1,1,2025-01,33,1351,4534.17,6125664
2025,1,1,2025-01,34,1134,6498.49,7369288
2025,1,1,2025-01,35,1651,5617.81,9275004
2025,1,1,2025-01,36,1052,7110.24,7479972
2025,1,1,2025-01,37,2034,4672.14,9503133
2025,1,1,2025-01,38,1207,6458.93,7795929
2025,1,1,2025-01,39,1839,7028.13,12924731
2025,1,1,2025-01,40,766,7483.1,5732055
2025,1,1,2025-01,41,1638,6537.01,10707622
2025,1,1,2025-01,42,1285,5818.06,7476207
2025,1,1,2025-01,43,1388,6294.89,8737307
2025,1,1,2025-01,44,1156,7190.89,8312669
2025,1,1,2025-01,45,1845,6124.68,11300035
2025,1,1,2025-01,46,1604,4191.41,6723022
2025,1,1,2025-01,47,1716,7349.01,12610901
2025,1,1,2025-01,48,1123,6549.75,7355369
2025,1,1,2025-01,49,515,6457.02,3325365
2025,1,1,2025-01,50,1555,4830.72,7511770
2025,1,1,2025-01,51,713,6448.36,4597681
2025,1,1,2025-01,52,1876,5530.01,10374299
2025,1,1,2025-01,53,795,6366.32,5061224
2025,1,1,2025-01,54,1404,4461.32,6263693
2025,1,1,2025-01,55,817,6391.76,5222068
2025,1,1,2025-01,56,754,7540.5,5685537
2025,1,1,2025-01,57,993,4297.86,4267775
2025,1,1,2025-01,58,1625,7570.06,12301348
2025,1,1,2025-01,59,1810,5477.42,9914130
2025,1,1,2025-01,60,1176,7187.65,8452676
2025,1,1,2025-01,61,1839,6902.12,12692999
2025,1,1,2025-01,62,1856,6055.95,11239843
2025,1,1,2025-01,63,710,6700.66,4757469
2025,1,1,2025-01,64,2046,7208.41,14748407
2025,1,1,2025-01,65,1654,5455.81,9023910
2025,1,1,2025-01,66,2268,5206.96,11809385
2025,1,1,2025-01,67,1948,6456.61,12577476
2025,1,1,2025-01,68,1054,6953.66,7329158
2025,1,1,2025-01,69,1388,6786.6,9419801
2025,1,1,2025-01,70,869,6965.69,6053185
2025,1,1,2025-01,71,755,5673.38,4283402
2025,1,1,2025-01,72,1644,6996.88,11502871
2025,1,1,2025-01,73,1907,4453.83,8493454
2025,1,1,2025-01,74,1582,6035.89,9548778
2025,1,1,2025-01,75,1542,4039.26,6228539
2025,1,1,2025-01,76,2022,5185.31,10484697
2025,1,1,2025-01,77,1140,5350.57,6099650
2025,1,1,2025-01,78,1829,5448.92,9966075
2025,1,1,2025-01,79,2058,6562.73,13506098
2025,1,1,2025-01,80,1082,5474.99,5923939
2025,1,1,2025-01,81,1202,5613.78,6747764
2025,1,1,2025-01,82,1423,4940.09,7029748
2025,1,1,2025-01,83,928,5398.57,5009873
2025,1,1,2025-01,84,790,4807.41,3797854
2025,1,1,2025-01,85,1825,4429.18,8083254
2025,1,1,2025-01,86,979,6210.78,6080354
2025,1,1,2025-01,87,1498,6426.3,9626597
2025,1,1,2025-01,88,1602,6243.29,10001751
2025,1,1,2025-01,89,1044,5684.91,5935046
2025,1,1,2025-01,90,2120,5433.23,11518448
2025,1,1,2025-01,91,1881,7102.24,13359313
2025,1,1,2025-01,92,1530,5911.81,9045069
2025,1,1,2025-01,93,583,5725.66,3338060
2025,1,1,2025-01,94,1338,4214.62,5639162
2025,1,1,2025-01,95,991,5291.99,5244362
2025,1,1,2025-01,96,1642,5391.25,8852432
2025,1,1,2025-01,97,1732,5390.64,9336588
2025,1,1,2025-01,98,1407,6086.95,8564339
2025,1,1,2025-01,99,852,5928.63,5051193
2025,1,1,2025-01,100,1378,6206.68,8552805
2025,1,1,2025-01,101,756,6862.68,5188186
2025,1,1,2025-01,102,941,6978.11,6566402
2025,1,1,2025-01,103,1124,6620.25,7441161
2025,1,1,2025-01,104,1796,7490.08,13452184
2025,1,1,2025-01,105,1849,4177.5,7724198
2025,1,1,2025-01,106,707,4797.28,3391677
2025,1,1,2025-01,107,519,4133.12,2145089
2025,1,1,2025-01,108,1242,6374.09,7916620
2025,1,1,2025-01,109,1979,7301.62,14449906
2025,1,1,2025-01,110,2026,4811.11,9747309
2025,1,1,2025-01,111,1258,7411.6,9323793
2025,1,1,2025-01,112,2141,4274.02,9150677
2025,1,1,2025-01,113,1725,7368.65,12710921
2025,1,1,2025-01,114,1734,5338.77,9257427
2025,1,1,2025-01,115,1198,4456.92,5339390
2025,1,1,2025-01,116,949,5911.91,5610403
2025,1,1,2025-01,117,1105,4993.24,5517530
2025,1,1,2025-01,118,757,5063.83,3833319
2025,1,1,2025-01,119,1332,5161.76,6875464
2025,1,1,2025-01,120,841,6954.61,5848827
2025,1,1,2025-01,121,1541,5882.39,9064763
2025,1,1,2025-01,122,652,5191.16,3384636
2025,1,1,2025-01,123,1751,6283.83,11002986
2025,1,1,2025-01,124,850,6610.15,5618628
2025,1,1,2025-01,125,824,5031.32,4145808
2025,1,1,2025-01,126,1328,5478.58,7275554
2025,1,1,2025-01,127,1394,4466.81,6226733
2025,1,1,2025-01,128,1635,4681.68,7654547
2025,1,1,2025-01,129,1699,6515.71,11070191
2025,1,1,2025-01,130,855,4748.56,4060019
2025,1,1,2025-01,131,1139,6003.37,6837838
2025,1,1,2025-01,132,1465,6611.45,9685774
2025,1,1,2025-01,133,694,4372.18,3034293
2025,1,1,2025-01,134,1290,6149.56,7932932
2025,1,1,2025-01,135,1223,4931.28,6030955
2025,1,1,2025-01,136,1564,7499.26,11728843
2025,1,1,2025-01,137,973,5755.16,5599771
2025,1,1,2025-01,138,2168,6932.39,15029422
2025,1,1,2025-01,139,1223,6058.79,7409900
2025,1,1,2025-01,140,1389,4235.14,5882609
2025,1,1,2025-01,141,1945,6288.38,12230899
2025,1,1,2025-01,142,1061,7489.04,7945871
2025,1,1,2025-01,143,1301,6295.92,8190992
2025,1,1,2025-01,144,965,6990.63,6745958
2025,1,1,2025-01,145,1399,7191.55,10060978
2025,1,1,2025-01,146,1464,4921.11,7204505
2025,1,1,2025-01,147,993,4781.28,4747811
2025,1,1,2025-01,148,782,6243.49,4882409
2025,1,1,2025-01,149,1585,5511.94,8736425
2025,1,1,2025-01,150,1632,7136.52,11646801
2025,1,1,2025-01,151,1967,7277.54,14314921
2025,1,1,2025-01,152,1447,5302.13,7672182
2025,1,1,2025-01,153,1222,4891.89,5977890
2025,1,1,2025-01,154,1988,6737.29,13393733
2025,1,1,2025-01,155,1093,5033.6,5501725
2025,1,1,2025-01,156,1790,7013.22,12553664
2025,1,1,2025-01,157,1020,5563.48,5674750
2025,1,1,2025-01,158,1181,6401.48,7560148
2025,1,1,2025-01,159,1915,4441.46,8505396
2025,1,1,2025-01,160,740,6291.61,4655791
2025,1,1,2025-01,161,1490,5767.26,8593217
2025,1,1,2025-01,162,1805,6128.73,11062358
2025,1,1,2025-01,163,1148,4667.11,5357842
2025,1,1,2025-01,164,1705,6684.6,11397243
2025,1,1,2025-01,165,1022,7120.42,7277069
2025,1,1,2025-01,166,1734,4877.68,8457897
2025,1,1,2025-01,167,1725,4409.9,7607077
2025,1,1,2025-01,168,1734,4160.48,7214272
2025,1,1,2025-01,169,1265,6359.07,8044224
2025,1,1,2025-01,170,1418,6270.92,8892165
2025,1,1,2025-01,171,1089,6087.52,6629309
2025,1,1,2025-01,172,1722,4861.13,8370866
2025,1,1,2025-01,173,1042,5456.52,5685694
2025,1,1,2025-01,174,1261,6206.98,7827002
2025,1,1,2025-01,175,1712,5856.25,10025900
2025,1,1,2025-01,176,1997,7627.87,15232856
2025,1,1,2025-01,177,1972,4530.4,8933949
2025,1,1,2025-01,178,1749,6539.1,11436886
2025,1,1,2025-01,179,2185,5550.4,12127624
2025,1,1,2025-01,180,1866,5571.56,10396531
2025,1,1,2025-01,181,839,6632.86,5564970
2025,1,1,2025-01,182,1911,6497.05,12415863
2025,1,1,2025-01,183,1923,7696.19,14799773
2025,1,1,2025-01,184,2113,4533.52,9579328
2025,1,1,2025-01,185,1911,4497.89,8595468
2025,1,1,2025-01,186,1284,6651.75,8540847
2025,1,1,2025-01,187,1328,6157.5,8177160
2025,1,1,2025-01,188,1359,5060,6876540
2025,1,1,2025-01,189,1802,4394.16,7918276
2025,1,1,2025-01,190,1905,4411.62,8404136
2025,1,1,2025-01,191,1230,7241.5,8907045
2025,1,1,2025-01,192,2075,4739.37,9834193
2025,1,1,2025-01,193,1954,5258.53,10275168
2025,1,1,2025-01,194,1354,4960.67,6716747
2025,1,1,2025-01,195,969,5316.15,5151349
2025,1,1,2025-01,196,1737,4289.28,7450479
2025,1,1,2025-01,197,1858,5865.42,10897950
2025,1,1,2025-01,198,1161,4335.65,5033690
2025,1,1,2025-01,199,1121,6925.97,7764012
2025,1,1,2025-01,200,1931,4903.56,9468774
2025,1,1,2025-01,201,2121,6007.61,12742141
2025,1,1,2025-01,202,1900,7222.37,13722503
2025,1,1,2025-01,203,1790,6394.21,11445636
2025,1,1,2025-01,204,988,5992.21,5920303
2025,1,1,2025-01,205,1100,5257.7,5783470
2025,1,1,2025-01,206,1568,5287.98,8291553
2025,1,1,2025-01,207,1801,6456.58,11628301
2025,1,1,2025-01,208,2178,7618.04,16592091
2025,1,1,2025-01,209,1723,6389.34,11008833
2025,1,1,2025-01,210,1484,6028.22,8945878
2025,1,1,2025-01,211,1785,6719.83,11994897
2025,1,1,2025-01,212,1353,5691.56,7700681
2025,1,1,2025-01,213,780,4231.12,3300274
2025,1,1,2025-01,214,586,6101.67,3575579
2025,1,1,2025-01,215,1233,7507.35,9256563
2025,1,1,2025-01,216,919,4701.33,4320522
2025,1,1,2025-01,217,1568,6562.81,10290486
2025,1,1,2025-01,218,1805,4707.83,8497633
2025,1,1,2025-01,219,1076,5996.9,6452664
2025,1,1,2025-01,220,1788,4400.15,7867468
2025,1,1,2025-01,221,1636,5658.64,9257535
2025,1,1,2025-01,222,1615,6804.53,10989316
2025,1,1,2025-01,223,1196,5355.18,6404795
2025,1,1,2025-01,224,1944,6407.21,12455616
2025,1,1,2025-01,225,1183,6941.03,8211238
2025,1,1,2025-01,226,1649,7431.38,12254346
2025,1,1,2025-01,227,1870,4904.13,9170723
2025,1,1,2025-01,228,795,5496.15,4369439
2025,1,1,2025-01,229,1738,4629.35,8045810
2025,1,1,2025-01,230,671,7566.95,5077423
2025,1,1,2025-01,231,852,7324.44,6240423
2025,1,1,2025-01,232,1345,6108.15,8215462
2025,1,1,2025-01,233,814,7062.03,5748492
2025,1,1,2025-01,234,741,5847.91,4333301
2025,1,1,2025-01,235,1391,6308.9,8775680
2025,1,1,2025-01,236,959,4416.08,4235021
2025,1,1,2025-01,237,1502,6674.94,10025760
2025,1,1,2025-01,238,1281,4503.71,5769253
2025,1,1,2025-01,239,770,7049.37,5428015
2025,1,1,2025-01,240,1339,6883.97,9217636
2025,1,1,2025-01,241,1625,6583.18,10697668
2025,1,1,2025-01,242,1794,4154.6,7453352
2025,1,1,2025-01,243,832,5200.32,4326666
2025,1,1,2025-01,244,2019,4953.83,10001783
2025,1,1,2025-01,245,1145,5443.54,6232853
2025,1,1,2025-01,246,2163,4408.73,9536083
2025,1,1,2025-01,247,1189,7369.54,8762383
2025,1,1,2025-01,248,1251,6029.77,7543242
2025,1,1,2025-01,249,1459,5135.63,7492884
2025,1,1,2025-01,250,1047,5489.41,5747412
2025,1,1,2025-01,251,2071,5659.22,11720245
2025,1,1,2025-01,252,942,6245.09,5882875
2025,1,1,2025-01,253,1673,5905.98,9880705
2025,1,1,2025-01,254,1664,7339.23,12212479
2025,1,1,2025-01,255,1125,5827.08,6555465
2025,1,1,2025-01,256,1506,7642.6,11509756
2025,1,1,2025-01,257,1147,7155.97,8207898
2025,1,1,2025-01,258,1114,4761.25,5304032
2025,1,1,2025-01,259,1351,7427.67,10034782
2025,1,1,2025-01,260,1284,4545.11,5835921
2025,1,1,2025-01,261,1101,6955.97,7658523
2025,1,1,2025-01,262,615,5417.2,3331578
2025,1,1,2025-01,263,1685,7187.1,12110264
2025,1,1,2025-01,264,1900,7185.56,13652564
2025,1,1,2025-01,265,733,6914.64,5068431
2025,1,1,2025-01,266,735,6935.66,5097710
2025,1,1,2025-01,267,954,5049.21,4816946
2025,1,1,2025-01,268,1021,4353,4444413
2025,1,1,2025-01,269,1575,5494.12,8653239
2025,1,1,2025-01,270,1403,4660.89,6539229
2025,1,1,2025-01,271,566,6566.75,3716780
2025,1,1,2025-01,272,1424,5304.8,7554035
2025,1,1,2025-01,273,1845,7555.94,13940709
2025,1,1,2025-01,274,745,6371.55,4746805
2025,1,1,2025-01,275,1531,7082.53,10843353
2025,1,1,2025-01,276,1434,4643.87,6659310
2025,1,1,2025-01,277,1805,7099.48,12814561
2025,1,1,2025-01,278,1557,7305.54,11374726
2025,1,1,2025-01,279,544,5790.08,3149804
2025,1,1,2025-01,280,1895,6190.79,11731547
2025,1,1,2025-01,281,1825,6812.99,12433707
2025,1,1,2025-01,282,1425,4686.69,6678533
2025,1,1,2025-01,283,846,5892,4984632
2025,1,1,2025-01,284,1754,5485.21,9621058
2025,1,1,2025-01,285,987,4617.82,4557788
2025,1,1,2025-01,286,861,5414.22,4661643
2025,1,1,2025-01,287,540,4276.42,2309267
2025,1,1,2025-01,288,1566,4078.52,6386962
2025,1,1,2025-01,289,1360,4545.02,6181227
2025,1,1,2025-01,290,976,7479.66,7300148
2025,1,1,2025-01,291,1971,6041.68,11908151
2025,1,1,2025-01,292,1851,7529.56,13937216
2025,1,1,2025-01,293,707,5584.11,3947966
2025,1,1,2025-01,294,802,5208.83,4177482
2025,1,1,2025-01,295,1931,5900.64,11394136
2025,1,1,2025-01,296,1919,5585.03,10717673
2025,1,1,2025-01,297,981,4395.53,4312015
2025,1,1,2025-01,298,1951,6377.18,12441878
2025,1,1,2025-01,299,664,4802.24,3188687
2025,1,1,2025-01,300,752,6341.53,4768831
2025,1,1,2025-01,301,1604,6372.47,10221442
2025,1,1,2025-01,302,1343,4648.61,6243083
2025,1,1,2025-01,303,920,4257.08,3916514
2025,1,1,2025-01,304,1383,6823.77,9437274
2025,1,1,2025-01,305,1704,5639.35,9609452
2025,1,1,2025-01,306,1611,4256.87,6857818
2025,1,1,2025-01,307,755,7577.9,5721314
2025,1,1,2025-01,308,1195,4207.75,5028261
2025,1,1,2025-01,309,847,6541.33,5540507
2025,1,1,2025-01,310,1852,7635.02,14140057
2025,1,1,2025-01,311,1625,4888.04,7943065
2025,1,1,2025-01,312,2039,4564.91,9307851
2025,1,1,2025-01,313,1848,4574.41,8453510
2025,1,1,2025-01,314,1785,5167.03,9223149
2025,1,1,2025-01,315,1014,4408.77,4470493
2025,1,1,2025-01,316,1269,6479.48,8222460
2025,1,1,2025-01,317,1642,4268.12,7008253
2025,1,1,2025-01,318,1308,5844.66,7644815
2025,1,1,2025-01,319,1199,7587.04,9096861
2025,1,1,2025-01,320,1548,6951.65,10761154
2025,1,1,2025-01,321,1067,6234.94,6652681
2025,1,1,2025-01,322,2154,5083.61,10950096
2025,1,1,2025-01,323,1685,6286.63,10592972
2025,1,1,2025-01,324,1130,5921.84,6691679
2025,1,1,2025-01,325,568,5560.91,3158597
2025,1,1,2025-01,326,692,4534.6,3137943
2025,1,1,2025-01,327,2015,7202.48,14512997
2025,1,1,2025-01,328,1324,5682.25,7523299
2025,1,1,2025-01,329,1142,4758.33,5434013
2025,1,1,2025-01,330,1856,5371.33,9969188
2025,1,1,2025-01,331,867,5529.93,4794449
2025,1,1,2025-01,332,882,6975.96,6152797
2025,1,1,2025-01,333,1976,6704.96,13249001
2025,1,1,2025-01,334,1437,6849.26,9842387
2025,1,1,2025-01,335,769,4079.78,3137351
2025,1,1,2025-01,336,1419,5568.2,7901276
2025,1,1,2025-01,337,1603,5752.05,9220536
2025,1,1,2025-01,338,1103,4078.27,4498332
2025,1,1,2025-01,339,1581,4953.14,7830914
2025,1,1,2025-01,340,1356,6724.74,9118747
2025,1,1,2025-01,341,1328,4618.15,6132903
2025,1,1,2025-01,342,1270,5955.56,7563561
2025,1,1,2025-01,343,1819,4831.03,8787644
2025,1,1,2025-01,344,1842,4146.63,7638092
2025,1,1,2025-01,345,790,4881.7,3856543
2025,1,1,2025-01,346,1713,7510,12864630
2025,1,1,2025-01,347,1907,6890.27,13139745
2025,1,1,2025-01,348,1123,7443.08,8358579
2025,1,1,2025-01,349,988,5819.19,5749360
2025,1,1,2025-01,350,1721,4527.59,7791982
2025,1,1,2025-01,351,1756,6064.99,10650122
2025,1,1,2025-01,352,1212,5612.26,6802059
2025,1,1,2025-01,353,836,7099.81,5935441
2025,1,1,2025-01,354,1632,4476.95,7306382
2025,1,1,2025-01,355,863,5768.78,4978457
2025,1,1,2025-01,356,1935,4541.36,8787532
2025,1,1,2025-01,357,960,5268.84,5058086
2025,1,1,2025-01,358,878,6693.07,5876515
2025,1,1,2025-01,359,791,5778.86,4571078
2025,1,1,2025-01,360,1304,5408.86,7053153
2025,1,1,2025-01,361,1424,5504.2,7837981
2025,1,1,2025-01,362,1318,5721.44,7540858
2025,1,1,2025-01,363,1473,6864.85,10111924
2025,1,1,2025-01,364,1719,7268.28,12494173
2025,1,1,2025-01,365,1055,7504.93,7917701
2025,1,1,2025-01,366,810,6883.1,5575311
2025,1,1,2025-01,367,1401,5165.14,7236361
2025,1,1,2025-01,368,1320,6525.57,8613752
2025,1,1,2025-01,369,1773,5645.57,10009596
2025,1,1,2025-01,370,1996,4984.29,9948643
2025,1,1,2025-01,371,1712,7094.85,12146383
2025,1,1,2025-01,372,838,4234.71,3548687
2025,1,1,2025-01,373,567,7290.25,4133572
2025,1,1,2025-01,374,1166,5698.78,6644777
2025,1,1,2025-01,375,1334,6356.65,8479771
2025,1,1,2025-01,376,1874,6334.15,11870197
2025,1,1,2025-01,377,1340,7325.72,9816465
2025,1,1,2025-01,378,1152,6431.03,7408547
2025,1,1,2025-01,379,1843,6265.61,11547519
2025,1,1,2025-01,380,1433,4304.92,6168950
2025,1,1,2025-01,381,1516,5927.69,8986378
2025,1,1,2025-01,382,528,4644.52,2452307
2025,1,1,2025-01,383,1109,6756.42,7492870
2025,1,1,2025-01,384,2042,5935.41,12120107
2025,1,1,2025-01,385,1394,6563.28,9149212
2025,1,1,2025-01,386,1808,4252.81,7689080
2025,1,1,2025-01,387,2014,4467.02,8996578
2025,1,1,2025-01,388,698,6655.05,4645225
2025,1,1,2025-01,389,1722,4317.8,7435252
2025,1,1,2025-01,390,1524,4245.3,6469837
2025,1,1,2025-01,391,1744,4107.96,7164282
2025,1,1,2025-01,392,1476,7484.74,11047476
2025,1,1,2025-01,393,1487,6724.23,9998930
2025,1,1,2025-01,394,1425,5315.44,7574502
2025,1,1,2025-01,395,1042,5124.94,5340187
2025,1,1,2025-01,396,1020,5228.02,5332580
2025,1,1,2025-01,397,1444,6890.07,9949261
2025,1,1,2025-01,398,1636,6484.94,10609362
2025,1,1,2025-01,399,726,4765.29,3459601
2025,1,1,2025-01,400,1403,4710.87,6609351
2025,1,1,2025-01,401,828,4435.69,3672751
2025,1,1,2025-01,402,1144,6424.71,7349868
2025,1,1,2025-01,403,1156,6861.03,7931351
2025,1,1,2025-01,404,909,4990.86,4536692
2025,1,1,2025-01,405,1175,4069.44,4781592
2025,1,1,2025-01,406,1537,4378.25,6729370
2025,1,1,2025-01,407,1046,7563.41,7911327
2025,1,1,2025-01,408,1571,5125.18,8051658
2025,1,1,2025-01,409,1689,6865.96,11596606
2025,1,1,2025-01,410,1956,6372.56,12464727
2025,1,1,2025-01,411,1315,5444.88,7160017
2025,1,1,2025-01,412,1315,4893,6434295
2025,1,1,2025-01,413,1302,4406.75,5737588
2025,1,1,2025-01,414,709,6220.94,4410646
2025,1,1,2025-01,415,1078,6874.22,7410409
2025,1,1,2025-01,416,1823,6396.05,11659999
2025,1,1,2025-01,417,1795,5933.82,10651207
2025,1,1,2025-01,418,870,4214.39,3666519
2025,1,1,2025-01,419,1142,7623.05,8705523
2025,1,1,2025-01,420,1229,6975.4,8572767
2025,1,1,2025-01,421,1924,5012.44,9643935
2025,1,1,2025-01,422,1032,7545.72,7787183
2025,1,1,2025-01,423,1089,6211.51,6764334
2025,1,1,2025-01,424,1376,6187.57,8514096
2025,1,1,2025-01,425,1597,6758.81,10793820
2025,1,1,2025-01,426,1490,7014.26,10451247
2025,1,1,2025-01,427,1027,6424.54,6598003
2025,1,1,2025-01,428,1464,4537.97,6643588
2025,1,1,2025-01,429,1547,5304.54,8206123
2025,1,1,2025-01,430,943,7352.24,6933162
2025,1,1,2025-01,431,1555,4890.53,7604774
2025,1,1,2025-01,432,1494,5471.68,8174690
2025,1,1,2025-01,433,525,5523.35,2899759
2025,1,1,2025-01,434,1613,5654.99,9121499
2025,1,1,2025-01,435,1970,6152.3,12120031
2025,1,1,2025-01,436,1319,7464.63,9845847
2025,1,1,2025-01,437,1373,4935.57,6776538
2025,1,1,2025-01,438,1629,4544.19,7402486
2025,1,1,2025-01,439,1483,4737.43,7025609
2025,1,1,2025-01,440,2141,7209.28,15435068
2025,1,1,2025-01,441,719,6417.97,4614520
2025,1,1,2025-01,442,1625,5144.14,8359228
2025,1,1,2025-01,443,1273,6929.78,8821610
2025,1,1,2025-01,444,1508,7118.87,10735256
2025,1,1,2025-01,445,1342,7040.72,9448646
2025,1,1,2025-01,446,805,7385.09,5944997
2025,1,1,2025-01,447,994,4986.77,4956849
2025,1,1,2025-01,448,1093,6789.64,7421077
2025,1,1,2025-01,449,1698,5712.44,9699723
2025,1,1,2025-01,450,1080,6972.82,7530646
2025,1,1,2025-01,451,652,6631.46,4323712
2025,1,1,2025-01,452,1268,6827.99,8657891
2025,1,1,2025-01,453,1632,6350.67,10364293
2025,1,1,2025-01,454,1995,4606.05,9189070
2025,1,1,2025-01,455,1170,6055.99,7085508
2025,1,1,2025-01,456,2111,7541.35,15919790
2025,1,1,2025-01,457,669,7433.62,4973092
2025,1,1,2025-01,458,1127,4285.57,4829837
2025,1,1,2025-01,459,1815,4632.35,8407715
2025,1,1,2025-01,460,2023,4535.99,9176308
2025,1,1,2025-01,461,1547,6686.55,10344093
2025,1,1,2025-01,462,1762,6969.65,12280523
2025,1,1,2025-01,463,1484,4838.96,7181017
2025,1,1,2025-01,464,1131,5908.6,6682627
2025,1,1,2025-01,465,1534,6985.24,10715358
2025,1,1,2025-01,466,1499,6759.59,10132625
2025,1,1,2025-01,467,1764,6018.67,10616934
2025,1,1,2025-01,468,1219,6185.15,7539698
2025,1,1,2025-01,469,1149,5889.15,6766633
2025,1,1,2025-01,470,1660,5208.3,8645778
2025,1,1,2025-01,471,1417,6026.33,8539310
2025,1,1,2025-01,472,1900,6550.43,12445817
2025,1,1,2025-01,473,1775,7239.27,12849704
2025,1,1,2025-01,474,1258,6393.4,8042897
2025,1,1,2025-01,475,2107,6822.03,14374017
2025,1,1,2025-01,476,1100,4623.11,5085421
2025,1,1,2025-01,477,1334,5745.58,7664604
2025,1,1,2025-01,478,1518,4143.44,6289742
2025,1,1,2025-01,479,1002,4959.53,4969449
2025,1,1,2025-01,480,1712,6632.93,11355576
2025,1,1,2025-01,481,970,7600.27,7372262
2025,1,1,2025-01,482,2206,4423.92,9759168
2025,1,1,2025-01,483,1791,5466.43,9790376
2025,1,1,2025-01,484,1564,6954.48,10876807
2025,1,1,2025-01,485,1282,4806.25,6161612
2025,1,1,2025-01,486,1891,6125.69,11583680
2025,1,1,2025-01,487,1692,6643.66,11241073
2025,1,1,2025-01,488,1646,6271.88,10323514
2025,1,1,2025-01,489,1566,4799.89,7516628
2025,1,1,2025-01,490,1332,5308.51,7070935
2025,1,1,2025-01,491,593,6802.75,4034031
2025,1,1,2025-01,492,1544,6069.04,9370598
2025,1,1,2025-01,493,1797,4007.47,7201424
2025,1,1,2025-01,494,904,6809.63,6155906
2025,1,1,2025-01,495,1946,4105.91,7990101
2025,1,1,2025-01,496,1497,6739.45,10088957
2025,1,1,2025-01,497,822,4845.94,3983363
2025,1,1,2025-01,498,981,7482.09,7339930
2025,1,1,2025-01,499,988,5390.84,5326150
2025,1,1,2025-01,500,924,5223.04,4826089
2025,1,1,2025-01,501,1242,4669.3,5799271
2025,1,1,2025-01,502,1860,5133.23,9547808
2025,1,1,2025-01,503,2060,7268.09,14972265
2025,1,1,2025-01,504,831,7642.65,6351042
2025,1,1,2025-01,505,829,5407.97,4483207
2025,1,1,2025-01,506,1041,5721.05,5955613
2025,1,1,2025-01,507,1625,6612.3,10744988
2025,1,1,2025-01,508,1442,7249.25,10453418
2025,1,1,2025-01,509,1634,6142.7,10037172
2025,1,1,2025-01,510,2005,5547.48,11122697
2025,1,1,2025-01,511,1341,5548.56,7440619
2025,1,1,2025-01,512,1066,6581.08,7015431
2025,1,1,2025-01,513,1365,4185.02,5712552
2025,1,1,2025-01,514,1711,6332.3,10834565
2025,1,1,2025-01,515,1815,5339.48,9691156
2025,1,1,2025-01,516,977,7019.47,6858022
2025,1,1,2025-01,517,1642,4358.76,7157084
2025,1,1,2025-01,518,1368,6150.3,8413610
2025,1,1,2025-01,519,902,5799.07,5230761
2025,1,1,2025-01,520,990,6332.4,6269076
2025,1,1,2025-01,521,1061,4315.45,4578692
2025,1,1,2025-01,522,1315,6103.97,8026721
2025,1,1,2025-01,523,1141,6073.17,6929487
2025,1,1,2025-01,524,1966,6031.09,11857123
2025,1,1,2025-01,525,1513,6177.6,9346709
2025,1,1,2025-01,526,1272,6529.2,8305142
2025,1,1,2025-01,527,691,6973.13,4818433
2025,1,1,2025-01,528,1446,4998.99,7228540
2025,1,1,2025-01,529,1263,7004.93,8847227
2025,1,1,2025-01,530,1704,5916.9,10082398
2025,1,1,2025-01,531,1726,4355.15,7516989
2025,1,1,2025-01,532,1925,4250.04,8181327
2025,1,1,2025-01,533,1725,5252.5,9060562
2025,1,1,2025-01,534,1798,6867.05,12346956
2025,1,1,2025-01,535,872,6549.63,5711277
2025,1,1,2025-01,536,938,6894.76,6467285
2025,1,1,2025-01,537,750,5935.41,4451558
2025,1,1,2025-01,538,1788,5681.25,10158075
2025,1,1,2025-01,539,2060,4596.53,9468852
2025,1,1,2025-01,540,1016,5209.11,5292456
2025,1,1,2025-01,541,1300,5637.01,7328113
2025,1,1,2025-01,542,636,4404.68,2801376
2025,1,1,2025-01,543,1395,4822.81,6727820
2025,1,1,2025-01,544,1542,6233.78,9612489
2025,1,1,2025-01,545,755,6766.26,5108526
2025,1,1,2025-01,546,1304,7691.86,10030185
2025,1,1,2025-01,547,1064,7327.91,7796896
2025,1,1,2025-01,548,1595,6411.26,10225960
2025,1,1,2025-01,549,1667,5572.05,9288607
2025,1,1,2025-01,550,1135,6310.43,7162338
2025,1,1,2025-01,551,581,6744.55,3918584
2025,1,1,2025-01,552,1221,4518.5,5517088
2025,1,1,2025-01,553,1642,5563.75,9135678
2025,1,1,2025-01,554,1433,7039.32,10087346
2025,1,1,2025-01,555,1607,5395.44,8670472
2025,1,1,2025-01,556,940,6092.3,5726762
2025,1,1,2025-01,557,2118,6194.12,13119146
2025,1,1,2025-01,558,2138,4784.75,10229796
2025,1,1,2025-01,559,1349,5321.93,7179284
2025,1,1,2025-01,560,1796,5240.27,9411525
2025,1,1,2025-01,561,1688,4130.05,6971524
2025,1,1,2025-01,562,1462,4150.77,6068426
2025,1,1,2025-01,563,1271,7011.47,8911578
2025,1,1,2025-01,564,2075,5009.5,10394712
2025,1,1,2025-01,565,1067,5981.4,6382154
2025,1,1,2025-01,566,1441,5054.4,7283390
2025,1,1,2025-01,567,849,7370.71,6257733
2025,1,1,2025-01,568,1199,4987.79,5980360
2025,1,1,2025-01,569,1583,5629.4,8911340
2025,1,1,2025-01,570,1366,7224.44,9868585
2025,1,1,2025-01,571,1773,7061.22,12519543
2025,1,1,2025-01,572,658,4755.13,3128876
2025,1,1,2025-01,573,1419,6843.05,9710288
2025,1,1,2025-01,574,1552,5661.82,8787145
2025,1,1,2025-01,575,965,5754.16,5552764
2025,1,1,2025-01,576,1928,4588.06,8845780
2025,1,1,2025-01,577,931,4374.83,4072967
2025,1,1,2025-01,578,691,6662.22,4603594
2025,1,1,2025-01,579,1435,5838.58,8378362
2025,1,1,2025-01,580,1382,5608.68,7751196
2025,1,1,2025-01,581,1753,6672.57,11697015
2025,1,1,2025-01,582,653,6796.75,4438278
2025,1,1,2025-01,583,994,4609.03,4581376
2025,1,1,2025-01,584,1557,6215.66,9677783
2025,1,1,2025-01,585,1896,4553.98,8634346
2025,1,1,2025-01,586,1150,6706.47,7712440
2025,1,1,2025-01,587,1644,6437.49,10583234
2025,1,1,2025-01,588,1538,7448.48,11455762
2025,1,1,2025-01,589,842,4236.8,3567386
2025,1,1,2025-01,590,1064,4261.77,4534523
2025,1,1,2025-01,591,903,5110.36,4614655
2025,1,1,2025-01,592,1927,5032.56,9697743
2025,1,1,2025-01,593,867,4904.5,4252202
2025,1,1,2025-01,594,832,7265.24,6044680
2025,1,1,2025-01,595,1117,4991.42,5575416
2025,1,1,2025-01,596,1328,5052.75,6710052
2025,1,1,2025-01,597,1305,6750.55,8809468
2025,1,1,2025-01,598,2092,5621.85,11760910
2025,1,1,2025-01,599,1357,6857.92,9306197
2025,1,1,2025-01,600,1907,4227.08,8061042
2025,1,1,2025-01,601,599,5704.74,3417139
2025,1,1,2025-01,602,1415,4244.42,6005854
2025,1,1,2025-01,603,1785,4276.9,7634266
2025,1,1,2025-01,604,1684,7294.4,12283770
2025,1,1,2025-01,605,933,4574.96,4268438
2025,1,1,2025-01,606,1402,5999.1,8410738
2025,1,1,2025-01,607,1347,5508.21,7419559
2025,1,1,2025-01,608,1314,5311.64,6979495
2025,1,1,2025-01,609,2055,7280.45,14961325
2025,1,1,2025-01,610,1963,4139.55,8125937
2025,1,1,2025-01,611,1815,6371.73,11564690
2025,1,1,2025-01,612,1156,7511.91,8683768
2025,1,1,2025-01,613,1734,6086.92,10554719
2025,1,1,2025-01,614,672,7409.31,4979056
2025,1,1,2025-01,615,1306,4232.09,5527110
2025,1,1,2025-01,616,1868,5579.16,10421871
2025,1,1,2025-01,617,1628,5022.33,8176353
2025,1,1,2025-01,618,870,6706.92,5835020
2025,1,1,2025-01,619,1828,7630.76,13949029
2025,1,1,2025-01,620,1361,5000.69,6805939
2025,1,1,2025-01,621,1564,6419.42,10039973
2025,1,1,2025-01,622,1905,4743.29,9035967
2025,1,1,2025-01,623,1913,6021.97,11520029
2025,1,1,2025-01,624,1480,5762.24,8528115
2025,1,1,2025-01,625,1101,7581.99,8347771
2025,1,1,2025-01,626,1155,6290.11,7265077
2025,1,1,2025-01,627,1444,5288.15,7636089
2025,1,1,2025-01,628,1040,4456.18,4634427
2025,1,1,2025-01,629,1539,4552.85,7006836
2025,1,1,2025-01,630,1904,4796.6,9132726
2025,1,1,2025-01,631,1628,4952.06,8061954
2025,1,1,2025-01,632,1023,7156.66,7321263
2025,1,1,2025-01,633,1390,6056.69,8418799
2025,1,1,2025-01,634,1843,6010.18,11076762
2025,1,1,2025-01,635,1731,4486.75,7766564
2025,1,1,2025-01,636,1556,7108.94,11061511
2025,1,1,2025-01,637,1748,6646.48,11618047
2025,1,1,2025-01,638,636,4353.64,2768915
2025,1,1,2025-01,639,1913,6635.6,12693903
2025,1,1,2025-01,640,1740,6037.95,10506033
2025,1,1,2025-01,641,1330,4286.46,5700992
2025,1,1,2025-01,642,1059,5692.38,6028230
2025,1,1,2025-01,643,1867,5805.69,10839223
2025,1,1,2025-01,644,675,4670.29,3152446
2025,1,1,2025-01,645,1882,7449.09,14019187
2025,1,1,2025-01,646,2005,7109.12,14253786
2025,1,1,2025-01,647,958,6441.96,6171398
2025,1,1,2025-01,648,1987,5669.58,11265455
2025,1,1,2025-01,649,2078,5517.5,11465365
2025,1,1,2025-01,650,973,6371.77,6199732
2025,1,1,2025-01,651,1244,6007.95,7473890
2025,1,1,2025-01,652,1937,4358.89,8443170
2025,1,1,2025-01,653,933,5886.71,5492300
2025,1,1,2025-01,654,1742,6905.65,12029642
2025,1,1,2025-01,655,1634,5774.12,9434912
2025,1,1,2025-01,656,1471,4179.36,6147839
2025,1,1,2025-01,657,1762,6813.46,12005317
2025,1,1,2025-01,658,1975,4815.01,9509645
2025,1,1,2025-01,659,898,4898.09,4398485
2025,1,1,2025-01,660,1380,4620.43,6376193
2025,1,1,2025-01,661,1813,5228.96,9480104
2025,1,1,2025-01,662,910,6736.16,6129906
2025,1,1,2025-01,663,706,5881.22,4152141
2025,1,1,2025-01,664,1324,4804.08,6360602
2025,1,1,2025-01,665,641,7199.34,4614777
2025,1,1,2025-01,666,1645,7175.05,11802957
2025,1,1,2025-01,667,1992,7111.84,14166785
2025,1,1,2025-01,668,760,4907.41,3729632
2025,1,1,2025-01,669,1334,5654.92,7543663
2025,1,1,2025-01,670,1459,7589.91,11073679
2025,1,1,2025-01,671,1815,6797.26,12337027
2025,1,1,2025-01,672,1576,4152.92,6545002
2025,1,1,2025-01,673,825,4337.69,3578594
2025,1,1,2025-01,674,948,5784.29,5483507
2025,1,1,2025-01,675,1454,7319.64,10642757
2025,1,1,2025-01,676,1435,5928.67,8507641
2025,1,1,2025-01,677,1916,5786.03,11086033
2025,1,1,2025-01,678,1415,4494.02,6359038
2025,1,1,2025-01,679,956,6419.21,6136765
2025,1,1,2025-01,680,1051,6986.84,7343169
2025,1,1,2025-01,681,596,5468.21,3259053
2025,1,1,2025-01,682,662,6932.24,4589143
2025,1,1,2025-01,683,1629,7482.6,12189155
2025,1,1,2025-01,684,1979,4827.9,9554414
2025,1,1,2025-01,685,1878,5968.09,11208073
2025,1,1,2025-01,686,1506,5030.96,7576626
2025,1,1,2025-01,687,1627,6894.77,11217791
2025,1,1,2025-01,688,1346,6136.7,8259998
2025,1,1,2025-01,689,1816,6360.61,11550868
2025,1,1,2025-01,690,868,6914.17,6001500
2025,1,1,2025-01,691,705,5458.19,3848024
2025,1,1,2025-01,692,1250,7296.24,9120300
2025,1,1,2025-01,693,1396,5942.63,8295911
2025,1,1,2025-01,694,992,4615.88,4578953
2025,1,1,2025-01,695,1395,6551.51,9139356
2025,1,1,2025-01,696,1775,6960.33,12354586
2025,1,1,2025-01,697,793,5275.47,4183448
2025,1,1,2025-01,698,1688,7188.66,12134458
2025,1,1,2025-01,699,1961,7257.55,14232056
2025,1,1,2025-01,700,764,5154.8,3938267
2025,1,1,2025-01,701,1508,7594.79,11452943
2025,1,1,2025-01,702,1571,4517.57,7097102
2025,1,1,2025-01,703,1883,4776.04,8993283
2025,1,1,2025-01,704,2364,4762.11,11257628
2025,1,1,2025-01,705,1835,7257.44,13317402
2025,1,1,2025-01,706,656,6364.47,4175092
2025,1,1,2025-01,707,1766,4609.63,8140607
2025,1,1,2025-01,708,1853,5644.06,10458443
2025,1,1,2025-01,709,1853,6261.41,11602393
2025,1,1,2025-01,710,2102,4348.3,9140127
2025,1,1,2025-01,711,2040,7184.51,14656400
2025,1,1,2025-01,712,1877,6924.64,12997549
2025,1,1,2025-01,713,1347,5882.45,7923660
2025,1,1,2025-01,714,1011,7557.01,7640137
2025,1,1,2025-01,715,1626,5636.6,9165112
2025,1,1,2025-01,716,1678,7607.31,12765066
2025,1,1,2025-01,717,1833,6464.05,11848604
2025,1,1,2025-01,718,1325,6333.05,8391291
2025,1,1,2025-01,719,1387,4660,6463420
2025,1,1,2025-01,720,1535,7195.98,11045829
2025,1,1,2025-01,721,910,5610.34,5105409
2025,1,1,2025-01,722,1462,4560.45,6667378
2025,1,1,2025-01,723,1874,4150.57,7778168
2025,1,1,2025-01,724,1236,6047.85,7475143
2025,1,1,2025-01,725,1003,5907.83,5925553
2025,1,1,2025-01,726,1797,6614.56,11886364
2025,1,1,2025-01,727,1516,7207.74,10926934
2025,1,1,2025-01,728,2034,4462.88,9077498
2025,1,1,2025-01,729,1510,6657.12,10052251
2025,1,1,2025-01,730,477,4745.72,2263708
2025,1,1,2025-01,731,1515,7089.68,10740865
2025,1,1,2025-01,732,2100,7029.62,14762202
2025,1,1,2025-01,733,1787,5941.35,10617192
2025,1,1,2025-01,734,1118,6644.43,7428473
2025,1,1,2025-01,735,1249,5204.31,6500183
2025,1,1,2025-01,736,1415,5763.04,8154702
2025,1,1,2025-01,737,641,7022.12,4501179
2025,1,1,2025-01,738,1290,5693.35,7344422
2025,1,1,2025-01,739,1049,5374.69,5638050
2025,1,1,2025-01,740,1813,5816.03,10544462
2025,1,1,2025-01,741,1734,6992.43,12124874
2025,1,1,2025-01,742,1749,5223.35,9135639
2025,1,1,2025-01,743,1556,4735.26,7368065
2025,1,1,2025-01,744,1237,6658.17,8236156
2025,1,1,2025-01,745,1257,7107.49,8934115
2025,1,1,2025-01,746,1465,4415.89,6469279
2025,1,1,2025-01,747,1548,4903.69,7590912
2025,1,1,2025-01,748,1449,4549.72,6592544
2025,1,1,2025-01,749,1918,5239.59,10049534
2025,1,1,2025-01,750,1190,5689.09,6770017
2025,1,1,2025-01,751,1504,6745.97,10145939
2025,1,1,2025-01,752,976,6371.29,6218379
2025,1,1,2025-01,753,1341,6337.95,8499191
2025,1,1,2025-01,754,1470,5284.79,7768641
2025,1,1,2025-01,755,681,7020.56,4781001
2025,1,1,2025-01,756,1699,5785.17,9829004
2025,1,1,2025-01,757,1565,7602.11,11897302
2025,1,1,2025-01,758,1852,6304.57,11676064
2025,1,1,2025-01,759,1787,4377.68,7822914
2025,1,1,2025-01,760,1469,6467.41,9500625
2025,1,1,2025-01,761,1700,5196.21,8833557
2025,1,1,2025-01,762,1784,6611,11794024
2025,1,1,2025-01,763,1492,4378.82,6533199
2025,1,1,2025-01,764,1036,4678.56,4846988
2025,1,1,2025-01,765,1573,7121.9,11202749
2025,1,1,2025-01,766,959,4912.1,4710704
2025,1,1,2025-01,767,709,7058.18,5004250
2025,1,1,2025-01,768,1676,5060.98,8482202
2025,1,1,2025-01,769,834,6404.62,5341453
2025,1,1,2025-01,770,1385,6601.16,9142607
2025,1,1,2025-01,771,1923,5961.6,11464157
2025,1,1,2025-01,772,861,5186.16,4465284
2025,1,1,2025-01,773,2028,4857.44,9850888
2025,1,1,2025-01,774,1249,4216.4,5266284
2025,1,1,2025-01,775,1353,5149.06,6966678
2025,1,1,2025-01,776,1378,6412.24,8836067
2025,1,1,2025-01,777,2176,7386.04,16072023
2025,1,1,2025-01,778,549,7109.47,3903099
2025,1,1,2025-01,779,1645,6809.22,11201167
2025,1,1,2025-01,780,1348,6948.18,9366147
2025,1,1,2025-01,781,951,6421.32,6106675
2025,1,1,2025-01,782,1127,5020.11,5657664
2025,1,1,2025-01,783,1580,7261.57,11473281
2025,1,1,2025-01,784,1263,6496.57,8205168
2025,1,1,2025-01,785,1075,6053.15,6507136
2025,1,1,2025-01,786,1461,4526.41,6613085
2025,1,1,2025-01,787,1335,5631.55,7518119
2025,1,1,2025-01,788,1794,5785.33,10378882
2025,1,1,2025-01,789,1349,7196.7,9708348
2025,1,1,2025-01,790,1544,5988.51,9246259
2025,1,1,2025-01,791,1330,5395.49,7176002
2025,1,1,2025-01,792,1214,7524.73,9135022
2025,1,1,2025-01,793,2111,4521.93,9545794
2025,1,1,2025-01,794,589,5509.34,3245001
2025,1,1,2025-01,795,1838,4236.41,7786522
2025,1,1,2025-01,796,1847,6632.44,12250117
2025,1,1,2025-01,797,1735,7275.09,12622281
2025,1,1,2025-01,798,920,4994.28,4594738
2025,1,1,2025-01,799,535,7099.29,3798120
2025,1,1,2025-01,800,661,5063.42,3346921
2025,1,1,2025-01,801,1337,7272.54,9723386
2025,1,1,2025-01,802,1315,6718.77,8835183
2025,1,1,2025-01,803,1867,6931.22,12940588
2025,1,1,2025-01,804,1199,4097.28,4912639
2025,1,1,2025-01,805,1663,7460.65,12407061
2025,1,1,2025-01,806,1147,6762.4,7756473
2025,1,1,2025-01,807,676,5132.7,3469705
2025,1,1,2025-01,808,1789,6932.53,12402296
2025,1,1,2025-01,809,438,5113.03,2239507
2025,1,1,2025-01,810,1688,7160.53,12086975
2025,1,1,2025-01,811,827,4431.17,3664578
2025,1,1,2025-01,812,1059,6533,6918447
2025,1,1,2025-01,813,1366,6020.8,8224413
2025,1,1,2025-01,814,1243,4426.21,5501779
2025,1,1,2025-01,815,814,4904.9,3992589
2025,1,1,2025-01,816,1513,4124.57,6240474
2025,1,1,2025-01,817,1763,5749.11,10135681
2025,1,1,2025-01,818,971,5157.02,5007466
2025,1,1,2025-01,819,1629,6158.31,10031887
2025,1,1,2025-01,820,881,5163.13,4548718
2025,1,1,2025-01,821,1093,5097.94,5572048
2025,1,1,2025-01,822,1534,6719.38,10307529
2025,1,1,2025-01,823,1195,4224.21,5047931
2025,1,1,2025-01,824,999,7288.42,7281132
2025,1,1,2025-01,825,1116,7162.26,7993082
2025,1,1,2025-01,826,1478,6454.23,9539352
2025,1,1,2025-01,827,2018,6225.94,12563947
2025,1,1,2025-01,828,1582,7257.42,11481238
2025,1,1,2025-01,829,1970,4814.21,9483994
2025,1,1,2025-01,830,1863,4372.56,8146079
2025,1,1,2025-01,831,1451,4858.64,7049887
2025,1,1,2025-01,832,1267,6858.16,8689289
2025,1,1,2025-01,833,759,4160.25,3157630
2025,1,1,2025-01,834,950,6132.24,5825628
2025,1,1,2025-01,835,830,7586.33,6296654
2025,1,1,2025-01,836,1713,7053.8,12083159
2025,1,1,2025-01,837,1529,5924.3,9058255
2025,1,1,2025-01,838,1432,4199.4,6013541
2025,1,1,2025-01,839,1245,7109.21,8850966
2025,1,1,2025-01,840,1974,6199.35,12237517
2025,1,1,2025-01,841,815,4551.7,3709636
2025,1,1,2025-01,842,1462,4360.47,6375007
2025,1,1,2025-01,843,1965,7305.11,14354541
2025,1,1,2025-01,844,1298,6497.29,8433482
2025,1,1,2025-01,845,1193,7109.73,8481908
2025,1,1,2025-01,846,902,7226.78,6518556
2025,1,1,2025-01,847,1837,6049.75,11113391
2025,1,1,2025-01,848,676,5911.75,3996343
2025,1,1,2025-01,849,813,5551.14,4513077
2025,1,1,2025-01,850,1524,5241.29,7987726
2025,1,1,2025-01,851,1763,5640,9943320
2025,1,1,2025-01,852,1855,6873.03,12749471
2025,1,1,2025-01,853,979,6238.72,6107707
2025,1,1,2025-01,854,1347,7264.57,9785376
2025,1,1,2025-01,855,1691,5590.38,9453333
2025,1,1,2025-01,856,609,6218.19,3786878
2025,1,1,2025-01,857,761,6350.37,4832632
2025,1,1,2025-01,858,1395,6139.91,8565174
2025,1,1,2025-01,859,1460,6520.42,9519813
2025,1,1,2025-01,860,575,4952.35,2847601
2025,1,1,2025-01,861,737,5896.4,4345647
2025,1,1,2025-01,862,2052,4490.21,9213911
2025,1,1,2025-01,863,1852,5427,10050804
2025,1,1,2025-01,864,1316,5815.23,7652843
2025,1,1,2025-01,865,1522,6383.34,9715443
2025,1,1,2025-01,866,706,7467.43,5272006
2025,1,1,2025-01,867,1295,6298.1,8156040
2025,1,1,2025-01,868,721,6773.8,4883910
2025,1,1,2025-01,869,2110,5921.47,12494302
2025,1,1,2025-01,870,960,6283.53,6032189
2025,1,1,2025-01,871,824,4306.75,3548762
2025,1,1,2025-01,872,607,4979.72,3022690
2025,1,1,2025-01,873,709,5339.52,3785720
2025,1,1,2025-01,874,1350,5787.47,7813084
2025,1,1,2025-01,875,1958,4261.69,8344389
2025,1,1,2025-01,876,1267,4505.65,5708659
2025,1,1,2025-01,877,710,5048.23,3584243
2025,1,1,2025-01,878,1954,7466.93,14590381
2025,1,1,2025-01,879,1369,5207.39,7128917
2025,1,1,2025-01,880,932,5814.44,5419058
2025,1,1,2025-01,881,1413,4811.78,6799045
2025,1,1,2025-01,882,1029,6150.14,6328494
2025,1,1,2025-01,883,1774,5075.32,9003618
2025,1,1,2025-01,884,1668,4854.59,8097456
2025,1,1,2025-01,885,1058,5832.67,6170965
2025,1,1,2025-01,886,675,4085.9,2757982
2025,1,1,2025-01,887,1404,4005.73,5624045
2025,1,1,2025-01,888,602,4849.42,2919351
2025,1,1,2025-01,889,1088,4259.72,4634575
2025,1,1,2025-01,890,1723,4466.46,7695711
2025,1,1,2025-01,891,1972,5255.76,10364359
2025,1,1,2025-01,892,1642,6976.49,11455397
2025,1,1,2025-01,893,2342,6067.36,14209757
2025,1,1,2025-01,894,1344,5965.46,8017578
2025,1,1,2025-01,895,1196,5122.33,6126307
2025,1,1,2025-01,896,1025,7370.12,7554373
2025,1,1,2025-01,897,1786,5500.02,9823036
2025,1,1,2025-01,898,1411,4398.9,6206848
2025,1,1,2025-01,899,1352,6324.1,8550183
2025,1,1,2025-01,900,667,4499.59,3001227
2025,1,1,2025-01,901,1228,5339.28,6556636
2025,1,1,2025-01,902,1036,5872.69,6084107
2025,1,1,2025-01,903,1690,7163,12105470
2025,1,1,2025-01,904,1081,5825.8,6297690
2025,1,1,2025-01,905,1693,6609.92,11190595
2025,1,1,2025-01,906,1755,7630.17,13390948
2025,1,1,2025-01,907,1446,4505.59,6515083
2025,1,1,2025-01,908,882,4999.59,4409638
2025,1,1,2025-01,909,696,5504.76,3831313
2025,1,1,2025-01,910,1847,5650.77,10436972
2025,1,1,2025-01,911,755,5530.99,4175897
2025,1,1,2025-01,912,924,7347.54,6789127
2025,1,1,2025-01,913,1852,6559.52,12148231
2025,1,1,2025-01,914,885,6275.56,5553871
2025,1,1,2025-01,915,686,5162.78,3541667
2025,1,1,2025-01,916,1206,7032.57,8481279
2025,1,1,2025-01,917,670,7572.88,5073830
2025,1,1,2025-01,918,1067,7029.26,7500220
2025,1,1,2025-01,919,1699,4037.02,6858897
2025,1,1,2025-01,920,1274,6286.11,8008504
2025,1,1,2025-01,921,1768,4171.78,7375707
2025,1,1,2025-01,922,554,4987.77,2763225
2025,1,1,2025-01,923,1339,4243.35,5681846
2025,1,1,2025-01,924,1592,6141.51,9777284
2025,1,1,2025-01,925,1194,6569.57,7844067
2025,1,1,2025-01,926,932,4484.46,4179517
2025,1,1,2025-01,927,1236,5452.19,6738907
2025,1,1,2025-01,928,484,5650.38,2734784
2025,1,1,2025-01,929,1478,5423.79,8016362
2025,1,1,2025-01,930,1017,4484.26,4560492
2025,1,1,2025-01,931,961,5520.88,5305566
2025,1,1,2025-01,932,576,6764.11,3896127
2025,1,1,2025-01,933,674,4301.33,2899096
2025,1,1,2025-01,934,1918,4419.13,8475891
2025,1,1,2025-01,935,2089,5342.54,11160566
2025,1,1,2025-01,936,1121,7330.51,8217502
2025,1,1,2025-01,937,1079,6475.47,6987032
2025,1,1,2025-01,938,1122,6607.67,7413806
2025,1,1,2025-01,939,1236,5318.33,6573456
2025,1,1,2025-01,940,1940,6113.63,11860442
2025,1,1,2025-01,941,1578,4190.49,6612593
2025,1,1,2025-01,942,1542,6299.99,9714585
2025,1,1,2025-01,943,1623,7329.45,11895697
2025,1,1,2025-01,944,1456,6192.07,9015654
2025,1,1,2025-01,945,1185,7147.55,8469847
2025,1,1,2025-01,946,814,6632.7,5399018
2025,1,1,2025-01,947,2021,4512.14,9119035
2025,1,1,2025-01,948,1637,7241.91,11855007
2025,1,1,2025-01,949,1222,4312.13,5269423
2025,1,1,2025-01,950,1682,5926.25,9967952
2025,1,1,2025-01,951,1770,4589.63,8123645
2025,1,1,2025-01,952,913,4098.85,3742250
2025,1,1,2025-01,953,757,5566.79,4214060
2025,1,1,2025-01,954,1306,5096.43,6655938
2025,1,1,2025-01,955,1416,5836.1,8263918
2025,1,1,2025-01,956,1922,6162.8,11844902
2025,1,1,2025-01,957,2013,4209.66,8474046
2025,1,1,2025-01,958,549,4489.47,2464719
2025,1,1,2025-01,959,1911,6145.38,11743821
2025,1,1,2025-01,960,787,5313.37,4181622
2025,1,1,2025-01,961,1535,6696.7,10279434
2025,1,1,2025-01,962,1072,6455.1,6919867
2025,1,1,2025-01,963,814,7068.14,5753466
2025,1,1,2025-01,964,1858,6601.52,12265624
2025,1,1,2025-01,965,832,5513.7,4587398
2025,1,1,2025-01,966,1848,6546.02,12097045
2025,1,1,2025-01,967,747,5020.34,3750194
2025,1,1,2025-01,968,1030,5184.48,5340014
2025,1,1,2025-01,969,803,6910.91,5549461
2025,1,1,2025-01,970,1971,5637.11,11110744
2025,1,1,2025-01,971,733,6958.41,5100515
2025,1,1,2025-01,972,841,7040.12,5920741
2025,1,1,2025-01,973,614,7122.93,4373479
2025,1,1,2025-01,974,2146,7292.84,15650435
2025,1,1,2025-01,975,881,5669.98,4995252
2025,1,1,2025-01,976,943,5220.21,4922658
2025,1,1,2025-01,977,1812,6198.5,11231682
2025,1,1,2025-01,978,1442,5286.39,7622974
2025,1,1,2025-01,979,1391,6239.65,8679353
2025,1,1,2025-01,980,1227,6560.27,8049451
2025,1,1,2025-01,981,1235,6518.52,8050372
2025,1,1,2025-01,982,1431,5442.2,7787788
2025,1,1,2025-01,983,1897,4578.81,8686003
2025,1,1,2025-01,984,1683,5572.07,9377794
2025,1,1,2025-01,985,2053,4594.38,9432262
2025,1,1,2025-01,986,825,7165.16,5911257
2025,1,1,2025-01,987,1471,5315.82,7819571
2025,1,1,2025-01,988,2064,4566.08,9424389
2025,1,1,2025-01,989,1790,4241.11,7591587
2025,1,1,2025-01,990,1826,6395.85,11678822
2025,1,1,2025-01,991,1294,6371.42,8244617
2025,1,1,2025-01,992,1057,5237.74,5536291
2025,1,1,2025-01,993,1104,4325.73,4775606
2025,1,1,2025-01,994,1087,5512.55,5992142
2025,1,1,2025-01,995,2036,5199.71,10586610
2025,1,1,2025-01,996,1339,6514.54,8722969
2025,1,1,2025-01,997,2149,6222.31,13371744
2025,1,1,2025-01,998,747,5373.27,4013833
2025,1,1,2025-01,999,1453,4834.05,7023875
2025,1,1,2025-01,1000,1920,7669.95,14726304
2025,1,1,2025-01,1001,1274,5636.3,7180646
2025,1,1,2025-01,1002,1483,6459.63,9579631
2025,1,1,2025-01,1003,505,4583.61,2314723
2025,1,1,2025-01,1004,1049,5771.46,6054262
2025,1,1,2025-01,1005,1625,4121.35,6697194
2025,1,1,2025-01,1006,971,5887.42,5716685
2025,1,1,2025-01,1007,1305,7455.48,9729401
2025,1,1,2025-01,1008,1578,5443.78,8590285
2025,1,1,2025-01,1009,1613,4197.85,6771132
2025,1,1,2025-01,1010,609,4175.21,2542703
2025,1,1,2025-01,1011,1875,5411.59,10146731
2025,1,1,2025-01,1012,1136,4598.34,5223714
2025,1,1,2025-01,1013,768,4137.8,3177830
2025,1,1,2025-01,1014,606,6836.27,4142780
2025,1,1,2025-01,1015,1287,5633.21,7249941
2025,1,1,2025-01,1016,642,5119.96,3287014
2025,1,1,2025-01,1017,1592,7223.67,11500083
2025,1,1,2025-01,1018,994,4489.99,4463050
2025,1,1,2025-01,1019,1492,7475.39,11153282
2025,1,1,2025-01,1020,1317,5198.68,6846662
2025,1,1,2025-01,1021,2079,7311.99,15201627
2025,1,1,2025-01,1022,731,6258.34,4574847
2025,1,1,2025-01,1023,1455,7011.39,10201572
2025,1,1,2025-01,1024,1333,7641.61,10186266
2025,1,1,2025-01,1025,2191,5053.61,11072460
2025,1,1,2025-01,1026,1735,7441.58,12911141
2025,1,1,2025-01,1027,2102,5534.16,11632804
2025,1,1,2025-01,1028,690,5449.09,3759872
2025,1,1,2025-01,1029,1789,5315.43,9509304
2025,1,1,2025-01,1030,860,5951.38,5118187
2025,1,1,2025-01,1031,2197,4591.24,10086954
2025,1,1,2025-01,1032,1663,6112.39,10164905
2025,1,1,2025-01,1033,1384,5910.88,8180658
2025,1,1,2025-01,1034,1151,6795.62,7821759
2025,1,1,2025-01,1035,689,7096.23,4889302
2025,1,1,2025-01,1036,1145,5558.74,6364757
2025,1,1,2025-01,1037,872,5147.09,4488262
2025,1,1,2025-01,1038,756,4891,3697596
2025,1,1,2025-01,1039,1165,4754.36,5538829
2025,1,1,2025-01,1040,834,4287.45,3575733
2025,1,1,2025-01,1041,718,5299.8,3805256
2025,1,1,2025-01,1042,1249,5079.49,6344283
2025,1,1,2025-01,1043,1058,7520.12,7956287
2025,1,1,2025-01,1044,866,6065.34,5252584
2025,1,1,2025-01,1045,1366,5325.38,7274469
2025,1,1,2025-01,1046,845,6121.82,5172938
2025,1,1,2025-01,1047,1538,4567.2,7024354
2025,1,1,2025-01,1048,1312,5594.18,7339564
2025,1,1,2025-01,1049,827,6461.99,5344066
2025,1,1,2025-01,1050,845,5831.24,4927398
2025,1,1,2025-01,1051,878,5468.62,4801448
2025,1,1,2025-01,1052,1538,7678.83,11810041
2025,1,1,2025-01,1053,692,7297.11,5049600
2025,1,1,2025-01,1054,1689,6265.33,10582142
2025,1,1,2025-01,1055,926,6069.29,5620163
2025,1,1,2025-01,1056,1905,6363.61,12122677
2025,1,1,2025-01,1057,1109,4737.52,5253910
2025,1,1,2025-01,1058,1341,5500.17,7375728
2025,1,1,2025-01,1059,1366,4197.64,5733976
2025,1,1,2025-01,1060,1497,5807.41,8693693
2025,1,1,2025-01,1061,2224,6036.2,13424509
2025,1,1,2025-01,1062,1785,4890.66,8729828
2025,1,1,2025-01,1063,1005,7519.99,7557590
2025,1,1,2025-01,1064,869,7266.76,6314814
2025,1,1,2025-01,1065,896,6644.19,5953194
2025,1,1,2025-01,1066,1117,5968.53,6666848
2025,1,1,2025-01,1067,1995,7141.73,14247751
2025,1,1,2025-01,1068,1960,4507.04,8833798
2025,1,1,2025-01,1069,1212,6849.93,8302115
2025,1,1,2025-01,1070,1198,4555.52,5457513
2025,1,1,2025-01,1071,1888,6902.72,13032335
2025,1,1,2025-01,1072,2230,5005.76,11162845
2025,1,1,2025-01,1073,1380,7233.01,9981554
2025,1,1,2025-01,1074,1893,7483.65,14166549
2025,1,1,2025-01,1075,1352,4585.41,6199474
2025,1,1,2025-01,1076,1675,5686.85,9525474
2025,1,1,2025-01,1077,930,7625.39,7091613
2025,1,1,2025-01,1078,1342,5872.52,7880922
2025,1,1,2025-01,1079,1842,7199.67,13261792
2025,1,1,2025-01,1080,1287,6163.7,7932682
2025,1,1,2025-01,1081,1767,5373.29,9494603
2025,1,1,2025-01,1082,466,4997.21,2328700
2025,1,1,2025-01,1083,1302,4847.57,6311536
2025,1,1,2025-01,1084,1813,6716,12176108
2025,1,1,2025-01,1085,717,5407.31,3877041
2025,1,1,2025-01,1086,2003,5870.5,11758612
2025,1,1,2025-01,1087,1178,5849.25,6890416
2025,1,1,2025-01,1088,816,6001.61,4897314
2025,1,1,2025-01,1089,1243,7156.98,8896126
2025,1,1,2025-01,1090,1454,7640.95,11109941
2025,1,1,2025-01,1091,701,5492.26,3850074
2025,1,1,2025-01,1092,1035,7049.61,7296346
2025,1,1,2025-01,1093,790,6771.69,5349635
2025,1,1,2025-01,1094,1714,6125.23,10498644
2025,1,1,2025-01,1095,1304,7468.88,9739420
2025,1,1,2025-01,1096,1286,4737.96,6093017
2025,1,1,2025-01,1097,1135,4480.69,5085583
2025,1,1,2025-01,1098,1631,7122.53,11616846
2025,1,1,2025-01,1099,1142,5636.26,6436609
2025,1,1,2025-01,1100,843,7154.59,6031319
2025,1,1,2025-01,1101,1591,7247.42,11530645
2025,1,1,2025-01,1102,1251,4308.04,5389358
2025,1,1,2025-01,1103,668,7184.69,4799373
2025,1,1,2025-01,1104,1994,5697.72,11361254
2025,1,1,2025-01,1105,1468,5833.99,8564297
2025,1,1,2025-01,1106,1241,6306.72,7826640
2025,1,1,2025-01,1107,1236,7349.14,9083537
2025,1,1,2025-01,1108,783,4156.38,3254446
2025,1,1,2025-01,1109,1735,5732.55,9945974
2025,1,1,2025-01,1110,833,6540.38,5448137
2025,1,1,2025-01,1111,1263,6644.63,8392168
2025,1,1,2025-01,1112,1145,6596.97,7553531
2025,1,1,2025-01,1113,1847,4469.04,8254317
2025,1,1,2025-01,1114,1360,5093.42,6927051
2025,1,1,2025-01,1115,2285,5321.36,12159308
2025,1,1,2025-01,1116,1803,6947.05,12525531
2025,1,1,2025-01,1117,1961,5081.03,9963900
2025,1,1,2025-01,1118,1041,4845.36,5044020
2025,1,1,2025-01,1119,1862,7489.82,13946045
2025,1,1,2025-01,1120,1579,4098.16,6470995
2025,1,1,2025-01,1121,892,7600.63,6779762
2025,1,1,2025-01,1122,768,6514.89,5003436
2025,1,1,2025-01,1123,1036,6986.26,7237765
2025,1,1,2025-01,1124,1963,5136.62,10083185
2025,1,1,2025-01,1125,1738,4128.02,7174499
2025,1,1,2025-01,1126,1583,6627.68,10491617
2025,1,1,2025-01,1127,1509,7059.35,10652559
2025,1,1,2025-01,1128,2043,6825.82,13945150
2025,1,1,2025-01,1129,1524,4668.99,7115541
2025,1,1,2025-01,1130,909,6804.02,6184854
2025,1,1,2025-01,1131,1848,6836.42,12633704
2025,1,1,2025-01,1132,859,6364.85,5467406
2025,1,1,2025-01,1133,1005,6817.37,6851457
2025,1,1,2025-01,1134,1126,7178.18,8082631
2025,1,1,2025-01,1135,1645,6231.14,10250225
2025,1,1,2025-01,1136,1406,4314.95,6066820
2025,1,1,2025-01,1137,1352,5847.1,7905279
2025,1,1,2025-01,1138,1770,4311.48,7631320
2025,1,1,2025-01,1139,1269,5474.06,6946582
2025,1,1,2025-01,1140,658,5535.61,3642431
2025,1,1,2025-01,1141,784,4344.08,3405759
2025,1,1,2025-01,1142,1461,5318.6,7770475
2025,1,1,2025-01,1143,728,4504.2,3279058
2025,1,1,2025-01,1144,1683,7009.13,11796366
2025,1,1,2025-01,1145,1913,7467.59,14285500
2025,1,1,2025-01,1146,1780,4354.05,7750209
2025,1,1,2025-01,1147,761,7459.17,5676428
2025,1,1,2025-01,1148,896,6016.41,5390703
2025,1,1,2025-01,1149,1414,5160.66,7297173
2025,1,1,2025-01,1150,886,4365.54,3867868
2025,1,1,2025-01,1151,2148,5839.84,12543976
2025,1,1,2025-01,1152,924,6869.13,6347076
2025,1,1,2025-01,1153,1096,6554.14,7183337
2025,1,1,2025-01,1154,1243,4231.29,5259493
2025,1,1,2025-01,1155,1922,4331.71,8325547
2025,1,1,2025-01,1156,1346,5520.96,7431212
2025,1,1,2025-01,1157,1625,5042.27,8193689
2025,1,1,2025-01,1158,748,4957.36,3708105
2025,1,1,2025-01,1159,541,5063.91,2739575
2025,1,1,2025-01,1160,1848,7002.29,12940232
2025,1,1,2025-01,1161,1491,7404.77,11040512
2025,1,1,2025-01,1162,1105,5528.39,6108871
2025,1,1,2025-01,1163,1696,7350.81,12466974
2025,1,1,2025-01,1164,1386,5282.44,7321462
2025,1,1,2025-01,1165,442,5767.32,2549155
2025,1,1,2025-01,1166,1254,4941.48,6196616
2025,1,1,2025-01,1167,653,6357.18,4151239
2025,1,1,2025-01,1168,843,7553.48,6367584
2025,1,1,2025-01,1169,1165,6211.19,7236036
2025,1,1,2025-01,1170,873,5286.98,4615534
2025,1,1,2025-01,1171,852,6260.47,5333920
2025,1,1,2025-01,1172,758,4479.75,3395650
2025,1,1,2025-01,1173,1419,7252.85,10291794
2025,1,1,2025-01,1174,1721,5887.24,10131940
2025,1,1,2025-01,1175,1326,5590.35,7412804
2025,1,1,2025-01,1176,1626,6182.86,10053330
2025,1,1,2025-01,1177,1595,6247.36,9964539
2025,1,1,2025-01,1178,1126,4368.21,4918604
2025,1,1,2025-01,1179,2060,6525.79,13443127
2025,1,1,2025-01,1180,1717,4878.31,8376058
2025,1,1,2025-01,1181,1082,6589.56,7129904
2025,1,1,2025-01,1182,1673,6938.5,11608110
2025,1,1,2025-01,1183,2093,6967.78,14583564
2025,1,1,2025-01,1184,1564,6037.05,9441946
2025,1,1,2025-01,1185,1389,5906.78,8204517
2025,1,1,2025-01,1186,738,4557.19,3363206
2025,1,1,2025-01,1187,1788,6899.27,12335895
2025,1,1,2025-01,1188,1700,5040.62,8569054
2025,1,1,2025-01,1189,1207,5872.7,7088349
2025,1,1,2025-01,1190,2023,5083.66,10284244
2025,1,1,2025-01,1191,1640,4533.86,7435530
2025,1,1,2025-01,1192,464,6413.48,2975855
2025,1,1,2025-01,1193,1549,4207.63,6517619
2025,1,1,2025-01,1194,1786,6695.69,11958502
2025,1,1,2025-01,1195,1840,5208.86,9584302
2025,1,1,2025-01,1196,1877,4003.4,7514382
2025,1,1,2025-01,1197,1379,5816.9,8021505
2025,1,1,2025-01,1198,1931,4226.79,8161931
2025,1,1,2025-01,1199,1444,5009.72,7234036
2025,1,1,2025-01,1200,1989,6635.5,13198010
2025,1,1,2025-01,1201,1841,4321.36,7955624
2025,1,1,2025-01,1202,866,7081.53,6132605
2025,1,1,2025-01,1203,1684,4093.46,6893387
2025,1,1,2025-01,1204,1598,4861.98,7769444
2025,1,1,2025-01,1205,1404,6694.69,9399345
2025,1,1,2025-01,1206,1628,5245.65,8539918
2025,1,1,2025-01,1207,1193,4406.29,5256704
2025,1,1,2025-01,1208,1124,5443.44,6118427
2025,1,1,2025-01,1209,1438,5069.11,7289380
2025,1,1,2025-01,1210,1351,7112.49,9608974
2025,1,1,2025-01,1211,2229,5195.83,11581505
2025,1,1,2025-01,1212,1372,6922.57,9497766
2025,1,1,2025-01,1213,1935,7226,13982310
2025,1,1,2025-01,1214,1670,5680.14,9485834
2025,1,1,2025-01,1215,723,7251.68,5242965
2025,1,1,2025-01,1216,2276,5357.6,12193898
2025,1,1,2025-01,1217,994,7494.31,7449344
2025,1,1,2025-01,1218,698,4333.61,3024860
2025,1,1,2025-01,1219,1644,6461.52,10622739
2025,1,1,2025-01,1220,1284,5841.22,7500126
2025,1,1,2025-01,1221,870,5422.44,4717523
2025,1,1,2025-01,1222,1157,6342.32,7338064
2025,1,1,2025-01,1223,686,6666.89,4573487
2025,1,1,2025-01,1224,977,4049.67,3956528
2025,1,1,2025-01,1225,1703,4722.53,8042469
2025,1,1,2025-01,1226,1016,6602.92,6708567
2025,1,1,2025-01,1227,1024,6455.99,6610934
2025,1,1,2025-01,1228,917,7572.6,6944074
2025,1,1,2025-01,1229,1151,6876.98,7915404
2025,1,1,2025-01,1230,1733,7473.78,12952061
2025,1,1,2025-01,1231,1591,6609.07,10515030
2025,1,1,2025-01,1232,1427,5156.55,7358397
2025,1,1,2025-01,1233,1488,4514.71,6717888
2025,1,1,2025-01,1234,1730,6875.96,11895411
2025,1,1,2025-01,1235,1714,6390.5,10953317
2025,1,1,2025-01,1236,1141,4207.15,4800358
2025,1,1,2025-01,1237,633,5359.57,3392608
2025,1,1,2025-01,1238,1863,7456.87,13892149
2025,1,1,2025-01,1239,1382,5808.9,8027900
2025,1,1,2025-01,1240,1802,5602.15,10095074
2025,1,1,2025-01,1241,825,5660.36,4669797
2025,1,1,2025-01,1242,856,4732.49,4051011
2025,1,1,2025-01,1243,887,5353.13,4748226
2025,1,1,2025-01,1244,1884,5412.23,10196641
2025,1,1,2025-01,1245,1249,4233.54,5287691
2025,1,1,2025-01,1246,1266,6777.9,8580821
2025,1,1,2025-01,1247,558,5539.77,3091192
2025,1,1,2025-01,1248,2053,6946.56,14261288
2025,1,1,2025-01,1249,1562,7054.28,11018785
2025,1,1,2025-01,1250,1698,4812.83,8172185
2025,1,1,2025-01,1251,1601,6424.1,10284984
2025,1,1,2025-01,1252,1532,5662.95,8675639
2025,1,1,2025-01,1253,1891,7176.23,13570251
2025,1,1,2025-01,1254,1306,4772.59,6233003
2025,1,1,2025-01,1255,950,6478.87,6154926
2025,1,1,2025-01,1256,1098,6299.63,6916994
2025,1,1,2025-01,1257,1236,5090.86,6292303
2025,1,1,2025-01,1258,1644,4530.49,7448126
2025,1,1,2025-01,1259,2104,6418.63,13504798
2025,1,1,2025-01,1260,959,6749.69,6472953
2025,1,1,2025-01,1261,1008,5181,5222448
2025,1,1,2025-01,1262,1744,6419.31,11195277
2025,1,1,2025-01,1263,1768,5400.82,9548650
2025,1,1,2025-01,1264,767,6687.25,5129121
2025,1,1,2025-01,1265,1137,4805.51,5463865
2025,1,1,2025-01,1266,1784,7184.21,12816631
2025,1,1,2025-01,1267,1307,5029.39,6573413
2025,1,1,2025-01,1268,1958,5351.18,10477610
2025,1,1,2025-01,1269,657,4288.08,2817269
2025,1,1,2025-01,1270,1192,4533.6,5404051
2025,1,1,2025-01,1271,844,5894.91,4975304
2025,1,1,2025-01,1272,1956,5030.32,9839306
2025,1,1,2025-01,1273,976,7103.13,6932655
2025,1,1,2025-01,1274,2079,4100.24,8524399
2025,1,1,2025-01,1275,811,5443.86,4414970
2025,1,1,2025-01,1276,1866,5297.29,9884743
2025,1,1,2025-01,1277,2094,4106.45,8598906
2025,1,1,2025-01,1278,1489,4574.55,6811505
2025,1,1,2025-01,1279,596,5516.37,3287757
2025,1,1,2025-01,1280,1286,5839.83,7510021
2025,1,1,2025-01,1281,1164,5516.13,6420775
2025,1,1,2025-01,1282,2049,5905.25,12099857
2025,1,1,2025-01,1283,1689,6123.97,10343385
2025,1,1,2025-01,1284,1520,4219.68,6413914
2025,1,1,2025-01,1285,779,5742.65,4473524
2025,1,1,2025-01,1286,1159,7575.69,8780225
2025,1,1,2025-01,1287,1325,5955.19,7890627
2025,1,1,2025-01,1288,1756,6495.07,11405343
2025,1,1,2025-01,1289,479,5197.42,2489564
2025,1,1,2025-01,1290,1813,6895.15,12500907
2025,1,1,2025-01,1291,1459,6825.28,9958084
2025,1,1,2025-01,1292,1215,5911.35,7182290
2025,1,1,2025-01,1293,1968,7587.19,14931590
2025,1,1,2025-01,1294,1454,4457.17,6480725
2025,1,1,2025-01,1295,535,4151.1,2220838
2025,1,1,2025-01,1296,1428,6862.15,9799150
2025,1,1,2025-01,1297,1495,6890.81,10301761
2025,1,1,2025-01,1298,1892,4551.03,8610549
2025,1,1,2025-01,1299,903,4940.57,4461335
2025,1,1,2025-01,1300,1776,4079.89,7245885
2025,1,1,2025-01,1301,468,5128.16,2399979
2025,1,1,2025-01,1302,643,6932.58,4457649
2025,1,1,2025-01,1303,2046,5850.05,11969202
2025,1,1,2025-01,1304,1896,5312.87,10073202
2025,1,1,2025-01,1305,1916,5358.72,10267308
2025,1,1,2025-01,1306,1930,4098.09,7909314
2025,1,1,2025-01,1307,1537,5166.16,7940388
2025,1,1,2025-01,1308,1679,6324.22,10618365
2025,1,1,2025-01,1309,877,7557.08,6627559
2025,1,1,2025-01,1310,1281,7124.87,9126958
2025,1,1,2025-01,1311,1015,4239.33,4302920
2025,1,1,2025-01,1312,913,7259.58,6627997
2025,1,1,2025-01,1313,1418,6951.67,9857468
2025,1,1,2025-01,1314,1242,6822.68,8473769
2025,1,1,2025-01,1315,1674,5732.81,9596724
2025,1,1,2025-01,1316,1733,5443.03,9432771
2025,1,1,2025-01,1317,1376,5173.3,7118461
2025,1,1,2025-01,1318,1391,4192.11,5831225
2025,1,1,2025-01,1319,1429,4894.95,6994884
2025,1,1,2025-01,1320,1918,5036.1,9659240
2025,1,1,2025-01,1321,1900,5776.28,10974932
2025,1,1,2025-01,1322,839,6781.19,5689418
2025,1,1,2025-01,1323,1825,5726.51,10450881
2025,1,1,2025-01,1324,1456,4354.21,6339730
2025,1,1,2025-01,1325,1718,7436.34,12775632
2025,1,1,2025-01,1326,1941,7431.44,14424425
2025,1,1,2025-01,1327,1459,6843.9,9985250
2025,1,1,2025-01,1328,928,7643.16,7092852
2025,1,1,2025-01,1329,952,5984.7,5697434
2025,1,1,2025-01,1330,873,7487.64,6536710
2025,1,1,2025-01,1331,793,4217.95,3344834
2025,1,1,2025-01,1332,1104,5381.38,5941044
2025,1,1,2025-01,1333,1423,4883.28,6948907
2025,1,1,2025-01,1334,1274,4749.01,6050239
2025,1,1,2025-01,1335,1544,4474.93,6909292
2025,1,1,2025-01,1336,1624,6260.26,10166662
2025,1,1,2025-01,1337,457,6874.44,3141619
2025,1,1,2025-01,1338,889,6054,5382006
2025,1,1,2025-01,1339,1476,4474.72,6604687
2025,1,1,2025-01,1340,433,7001.51,3031654
2025,1,1,2025-01,1341,1419,6334.52,8988684
2025,1,1,2025-01,1342,974,5521.44,5377883
2025,1,1,2025-01,1343,1965,6457.05,12688103
2025,1,1,2025-01,1344,1482,4970.83,7366770
2025,1,1,2025-01,1345,1963,5208.53,10224344
2025,1,1,2025-01,1346,1058,7442.4,7874059
2025,1,1,2025-01,1347,730,5105.88,3727292
2025,1,1,2025-01,1348,1243,5715.7,7104615
2025,1,1,2025-01,1349,1354,7204.44,9754812
2025,1,1,2025-01,1350,1501,6694.8,10048895
2025,1,1,2025-01,1351,1550,4298.23,6662256
2025,1,1,2025-01,1352,1764,4642.62,8189582
2025,1,1,2025-01,1353,2012,4115.71,8280809
2025,1,1,2025-01,1354,1289,6378.74,8222196
2025,1,1,2025-01,1355,1022,5662.1,5786666
2025,1,1,2025-01,1356,1709,4550.41,7776651
2025,1,1,2025-01,1357,1129,7473.39,8437457
2025,1,1,2025-01,1358,719,6012.37,4322894
2025,1,1,2025-01,1359,1422,4957.66,7049793
2025,1,1,2025-01,1360,1611,5932.58,9557386
2025,1,1,2025-01,1361,1747,6483.62,11326884
2025,1,1,2025-01,1362,1484,4297.87,6378039
2025,1,1,2025-01,1363,1918,5078.7,9740947
2025,1,1,2025-01,1364,1718,6957.76,11953432
2025,1,1,2025-01,1365,1465,5679.03,8319779
2025,1,1,2025-01,1366,1330,5962.43,7930032
2025,1,1,2025-01,1367,1811,5628.61,10193413
2025,1,1,2025-01,1368,1862,4125.88,7682389
2025,1,1,2025-01,1369,1249,4646.46,5803429
2025,1,1,2025-01,1370,1300,5702.34,7413042
2025,1,1,2025-01,1371,1659,4815.39,7988732
2025,1,1,2025-01,1372,1294,4194.11,5427178
2025,1,1,2025-01,1373,672,7070.49,4751369
2025,1,1,2025-01,1374,643,7551.65,4855711
2025,1,1,2025-01,1375,1192,7018.33,8365849
2025,1,1,2025-01,1376,1280,7210.35,9229248
2025,1,1,2025-01,1377,1666,4953.49,8252514
2025,1,1,2025-01,1378,1758,7515.4,13212073
2025,1,1,2025-01,1379,1318,4726.54,6229580
2025,1,1,2025-01,1380,1174,7410.74,8700209
2025,1,1,2025-01,1381,1183,7611.39,9004274
2025,1,1,2025-01,1382,792,6614.8,5238922
2025,1,1,2025-01,1383,1925,7582.92,14597121
2025,1,1,2025-01,1384,1887,6057.3,11430125
2025,1,1,2025-01,1385,2022,5019.72,10149874
2025,1,1,2025-01,1386,2050,5561.85,11401792
2025,1,1,2025-01,1387,1672,6164.92,10307746
2025,1,1,2025-01,1388,990,4348.18,4304698
2025,1,1,2025-01,1389,827,6189.01,5118311
2025,1,1,2025-01,1390,1236,7524.74,9300579
2025,1,1,2025-01,1391,1100,4743.38,5217718
2025,1,1,2025-01,1392,607,6888.4,4181259
2025,1,1,2025-01,1393,1375,7252.87,9972696
2025,1,1,2025-01,1394,1070,7377.94,7894396
2025,1,1,2025-01,1395,1436,7503.91,10775615
2025,1,1,2025-01,1396,697,5857.82,4082901
2025,1,1,2025-01,1397,1390,7524.86,10459555
2025,1,1,2025-01,1398,1738,6783.56,11789827
2025,1,1,2025-01,1399,608,4633.35,2817077
2025,1,1,2025-01,1400,508,5759.07,2925608
2025,1,1,2025-01,1401,1708,6663.03,11380455
2025,1,1,2025-01,1402,681,4907.12,3341749
2025,1,1,2025-01,1403,1636,6317.42,10335299
2025,1,1,2025-01,1404,771,6445.58,4969542
2025,1,1,2025-01,1405,1750,4617.15,8080012
2025,1,1,2025-01,1406,1509,6071.9,9162497
2025,1,1,2025-01,1407,1524,6780.52,10333512
2025,1,1,2025-01,1408,2020,5822.56,11761571
2025,1,1,2025-01,1409,1193,4143.15,4942778
2025,1,1,2025-01,1410,909,4070.19,3699803
2025,1,1,2025-01,1411,757,5372.96,4067331
2025,1,1,2025-01,1412,2097,7407.88,15534324
2025,1,1,2025-01,1413,1046,4834.95,5057358
2025,1,1,2025-01,1414,1505,6365.43,9579972
2025,1,1,2025-01,1415,747,4790.16,3578250
2025,1,1,2025-01,1416,1225,5111.1,6261098
2025,1,1,2025-01,1417,864,7142.41,6171042
2025,1,1,2025-01,1418,1271,6671.07,8478930
2025,1,1,2025-01,1419,1083,4398.62,4763705
2025,1,1,2025-01,1420,1552,5610.72,8707837
2025,1,1,2025-01,1421,1911,4122.04,7877218
2025,1,1,2025-01,1422,1255,5772.64,7244663
2025,1,1,2025-01,1423,1581,6470.8,10230335
2025,1,1,2025-01,1424,2199,4576.57,10063877
2025,1,1,2025-01,1425,1285,5101.25,6555106
2025,1,1,2025-01,1426,1165,5539.95,6454042
2025,1,1,2025-01,1427,854,7314.4,6246498
2025,1,1,2025-01,1428,1572,7655.89,12035059
2025,1,1,2025-01,1429,1901,4225.75,8033151
2025,1,1,2025-01,1430,1388,6781.96,9413360
2025,1,1,2025-01,1431,1242,5385.52,6688816
2025,1,1,2025-01,1432,1866,5414.79,10103998
2025,1,1,2025-01,1433,1995,6711.64,13389722
2025,1,1,2025-01,1434,1527,7353.41,11228657
2025,1,1,2025-01,1435,397,7414.21,2943441
2025,1,1,2025-01,1436,715,6149.46,4396864
2025,1,1,2025-01,1437,2050,5281.17,10826398
2025,1,1,2025-01,1438,594,6826.57,4054983
2025,1,1,2025-01,1439,1406,4979.06,7000558
2025,1,1,2025-01,1440,1734,6109.98,10594705
2025,1,1,2025-01,1441,975,5416.05,5280649
2025,1,1,2025-01,1442,1433,6389.7,9156440
2025,1,1,2025-01,1443,1479,4965.84,7344477
2025,1,1,2025-01,1444,1857,4734.83,8792579
2025,1,1,2025-01,1445,2032,7419.35,15076119
2025,1,1,2025-01,1446,934,4387.77,4098177
2025,1,1,2025-01,1447,765,5864.45,4486304
2025,1,1,2025-01,1448,1337,4816.07,6439086
2025,1,1,2025-01,1449,1189,4240.72,5042216
2025,1,1,2025-01,1450,1351,4227.35,5711150
2025,1,1,2025-01,1451,862,4764.09,4106646
2025,1,1,2025-01,1452,758,7223.48,5475398
2025,1,1,2025-01,1453,2000,5068.46,10136920
2025,1,1,2025-01,1454,1742,7409.84,12907941
2025,1,1,2025-01,1455,1556,6221.24,9680249
2025,1,1,2025-01,1456,1699,5657.85,9612687
2025,1,1,2025-01,1457,2165,6148.22,13310896
2025,1,1,2025-01,1458,1801,5883.76,10596652
2025,1,1,2025-01,1459,1513,6737.04,10193142
2025,1,1,2025-01,1460,646,5086.54,3285905
2025,1,1,2025-01,1461,1090,5354.43,5836329
2025,1,1,2025-01,1462,693,7304.29,5061873
2025,1,1,2025-01,1463,871,7503.55,6535592
2025,1,1,2025-01,1464,1939,7259.29,14075763
2025,1,1,2025-01,1465,626,5547.88,3472973
2025,1,1,2025-01,1466,1307,6939.85,9070384
2025,1,1,2025-01,1467,1019,5767.43,5877011
2025,1,1,2025-01,1468,1638,5770.21,9451604
2025,1,1,2025-01,1469,1764,4769.36,8413151
2025,1,1,2025-01,1470,754,6117.24,4612399
2025,1,1,2025-01,1471,1565,4731.85,7405345
2025,1,1,2025-01,1472,619,5350.07,3311693
2025,1,1,2025-01,1473,385,7156.14,2755114
2025,1,1,2025-01,1474,1804,4847.08,8744132
2025,1,1,2025-01,1475,684,4341.35,2969483
2025,1,1,2025-01,1476,1911,4396.3,8401329
2025,1,1,2025-01,1477,799,7467.25,5966333
2025,1,1,2025-01,1478,634,5914.4,3749730
2025,1,1,2025-01,1479,1954,5519.02,10784165
2025,1,1,2025-01,1480,532,6874.86,3657426
2025,1,1,2025-01,1481,1283,6959.31,8928795
2025,1,1,2025-01,1482,1103,5213.84,5750866
2025,1,1,2025-01,1483,948,6644.04,6298550
2025,1,1,2025-01,1484,1808,6773.84,12247103
2025,1,1,2025-01,1485,1398,6449.72,9016709
2025,1,1,2025-01,1486,1398,4626.81,6468280
2025,1,1,2025-01,1487,1628,7228.76,11768421
2025,1,1,2025-01,1488,938,6006.34,5633947
2025,1,1,2025-01,1489,633,5018.63,3176793
2025,1,1,2025-01,1490,1929,5643.59,10886485
2025,1,1,2025-01,1491,1088,4265.43,4640788
2025,1,1,2025-01,1492,1022,4560.37,4660698
2025,1,1,2025-01,1493,1081,6835.09,7388732
2025,1,1,2025-01,1494,1693,4089.47,6923473
2025,1,1,2025-01,1495,799,5540.95,4427219
2025,1,1,2025-01,1496,1621,5961.17,9663057
2025,1,1,2025-01,1497,1308,4274,5590392
2025,1,1,2025-01,1498,1642,7508.53,12329006
2025,1,1,2025-01,1499,1040,4899.99,5095990
2025,1,1,2025-01,1500,1679,5191,8715689
2025,1,1,2025-01,1501,2080,5159.9,10732592
2025,1,1,2025-01,1502,906,4904.21,4443214
2025,1,1,2025-01,1503,691,4053.2,2800761
2025,1,1,2025-01,1504,1900,6661.59,12657021
2025,1,1,2025-01,1505,1333,7487.31,9980584
2025,1,1,2025-01,1506,1581,4824.26,7627155
2025,1,1,2025-01,1507,1186,6385.34,7573013
2025,1,1,2025-01,1508,1058,6723.23,7113177
2025,1,1,2025-01,1509,1509,7129.52,10758446
2025,1,1,2025-01,1510,1616,5582.68,9021611
2025,1,1,2025-01,1511,967,5191.64,5020316
2025,1,1,2025-01,1512,1091,5227.4,5703093
2025,1,1,2025-01,1513,1092,6635.74,7246228
2025,1,1,2025-01,1514,1165,7008.1,8164436
2025,1,1,2025-01,1515,959,4712.73,4519508
2025,1,1,2025-01,1516,1350,5300.51,7155688
2025,1,1,2025-01,1517,1221,7300.64,8914081
2025,1,1,2025-01,1518,1186,6904.34,8188547
2025,1,1,2025-01,1519,1160,7559.82,8769391
2025,1,1,2025-01,1520,2211,6833.88,15109709
2025,1,1,2025-01,1521,1084,5493.39,5954835
2025,1,1,2025-01,1522,1865,6147.56,11465199
2025,1,1,2025-01,1523,1359,6446.54,8760848
2025,1,1,2025-01,1524,969,4341.28,4206700
2025,1,1,2025-01,1525,1165,5970.48,6955609
2025,1,1,2025-01,1526,1480,6568,9720640
2025,1,1,2025-01,1527,1074,4698.1,5045759
2025,1,1,2025-01,1528,2132,6859.99,14625499
2025,1,1,2025-01,1529,1275,6092.35,7767746
2025,1,1,2025-01,1530,2092,7482.1,15652553
2025,1,1,2025-01,1531,1721,4206.58,7239524
2025,1,1,2025-01,1532,1788,5001.25,8942235
2025,1,1,2025-01,1533,1584,6256.88,9910898
2025,1,1,2025-01,1534,1356,5161.68,6999238
2025,1,1,2025-01,1535,859,6620.82,5687284
2025,1,1,2025-01,1536,1710,6803.99,11634823
2025,1,1,2025-01,1537,974,4428.43,4313291
2025,1,1,2025-01,1538,1297,5874.45,7619162
2025,1,1,2025-01,1539,1858,5788.81,10755609
2025,1,1,2025-01,1540,1525,5425.32,8273613
2025,1,1,2025-01,1541,1365,7436.68,10151068
2025,1,1,2025-01,1542,795,7072.38,5622542
2025,1,1,2025-01,1543,1667,6516.96,10863772
2025,1,1,2025-01,1544,973,6609.64,6431180
2025,1,1,2025-01,1545,527,5648.95,2976997
2025,1,1,2025-01,1546,1103,7374.71,8134305
2025,1,1,2025-01,1547,1666,6539.7,10895140
2025,1,1,2025-01,1548,1663,6665.44,11084627
2025,1,1,2025-01,1549,1357,7224.92,9804216
2025,1,1,2025-01,1550,2067,5054.68,10448024
2025,1,1,2025-01,1551,1340,7013.56,9398170
2025,1,1,2025-01,1552,1514,4785.94,7245913
2025,1,1,2025-01,1553,616,5316.29,3274835
2025,1,1,2025-01,1554,1060,5200.17,5512180
2025,1,1,2025-01,1555,1904,7520.63,14319280
2025,1,1,2025-01,1556,1798,7068.48,12709127
2025,1,1,2025-01,1557,1230,6580.59,8094126
2025,1,1,2025-01,1558,1888,6561.52,12388150
2025,1,1,2025-01,1559,904,6164.55,5572753
2025,1,1,2025-01,1560,1542,7456.72,11498262
2025,1,1,2025-01,1561,1900,5777.96,10978124
2025,1,1,2025-01,1562,1090,5413.04,5900214
2025,1,1,2025-01,1563,940,4714.98,4432081
2025,1,1,2025-01,1564,1030,6868.35,7074400
2025,1,1,2025-01,1565,1462,6656.17,9731321
2025,1,1,2025-01,1566,1715,5454.21,9353970
2025,1,1,2025-01,1567,1972,4153.4,8190505
2025,1,1,2025-01,1568,2132,7070.98,15075329
2025,1,1,2025-01,1569,1572,4090.07,6429590
2025,1,1,2025-01,1570,1441,6580,9481780
2025,1,1,2025-01,1571,450,7538.21,3392194
2025,1,1,2025-01,1572,1605,5655.47,9077029
2025,1,1,2025-01,1573,1111,4948.44,5497717
2025,1,1,2025-01,1574,886,6529.04,5784729
2025,1,1,2025-01,1575,734,6934.59,5089989
2025,1,1,2025-01,1576,1208,5976.36,7219443
2025,1,1,2025-01,1577,1461,7611.54,11120460
2025,1,1,2025-01,1578,1030,4201.82,4327875
2025,1,1,2025-01,1579,2337,5898.07,13783790
2025,1,1,2025-01,1580,1686,6592.54,11115022
2025,1,1,2025-01,1581,1012,7138.1,7223757
2025,1,1,2025-01,1582,820,4708.48,3860954
2025,1,1,2025-01,1583,1364,6820.55,9303230
2025,1,1,2025-01,1584,1554,6100.14,9479618
2025,1,1,2025-01,1585,2146,5513.57,11832121
2025,1,1,2025-01,1586,972,4551.82,4424369
2025,1,1,2025-01,1587,1077,7190.84,7744535
2025,1,1,2025-01,1588,1363,4576.53,6237810
2025,1,1,2025-01,1589,586,5121.63,3001275
2025,1,1,2025-01,1590,1922,5102.71,9807409
2025,1,1,2025-01,1591,1900,7194.67,13669873
2025,1,1,2025-01,1592,935,6393.03,5977483
2025,1,1,2025-01,1593,1142,6967.33,7956691
2025,1,1,2025-01,1594,808,5009.03,4047296
2025,1,1,2025-01,1595,933,6259.92,5840505
2025,1,1,2025-01,1596,1123,6136.6,6891402
2025,1,1,2025-01,1597,1235,7026.8,8678098
2025,1,1,2025-01,1598,1485,7275.88,10804682
2025,1,1,2025-01,1599,1076,4110.93,4423361
2025,1,1,2025-01,1600,899,6409.3,5761961
2025,1,1,2025-01,1601,1298,4274.85,5548755
2025,1,1,2025-01,1602,1983,6057.62,12012260
2025,1,1,2025-01,1603,1538,5119.52,7873822
2025,1,1,2025-01,1604,1736,5227.14,9074315
2025,1,1,2025-01,1605,696,5286.25,3679230
2025,1,1,2025-01,1606,851,6308.06,5368159
2025,1,1,2025-01,1607,1715,5354.52,9183002
2025,1,1,2025-01,1608,1950,6750.45,13163378
2025,1,1,2025-01,1609,1312,5567.39,7304416
2025,1,1,2025-01,1610,1533,4338.88,6651503
2025,1,1,2025-01,1611,2176,6866.56,14941635
2025,1,1,2025-01,1612,2005,5097.61,10220708
2025,1,1,2025-01,1613,2010,5615.26,11286673
2025,1,1,2025-01,1614,1807,6547.21,11830808
2025,1,1,2025-01,1615,553,5296.91,2929191
2025,1,1,2025-01,1616,1900,4213.16,8005004
2025,1,1,2025-01,1617,851,5361.85,4562934
2025,1,1,2025-01,1618,1747,7391.98,12913789
2025,1,1,2025-01,1619,1334,6335.39,8451410
2025,1,1,2025-01,1620,1287,6458.41,8311974
2025,1,1,2025-01,1621,1957,6333.03,12393740
2025,1,1,2025-01,1622,1704,4800.36,8179813
2025,1,1,2025-01,1623,1768,5595.71,9893215
2025,1,1,2025-01,1624,1786,6753.79,12062269
2025,1,1,2025-01,1625,1803,4424.17,7976779
2025,1,1,2025-01,1626,1653,5021.4,8300374
2025,1,1,2025-01,1627,753,5029.8,3787439
2025,1,1,2025-01,1628,1462,5586.02,8166761
2025,1,1,2025-01,1629,843,7596.99,6404263
2025,1,1,2025-01,1630,1736,4334.16,7524102
2025,1,1,2025-01,1631,1340,5927.67,7943078
2025,1,1,2025-01,1632,1156,4732.1,5470308
2025,1,1,2025-01,1633,889,7519.19,6684560
2025,1,1,2025-01,1634,767,4447.22,3411018
2025,1,1,2025-01,1635,1557,5430.71,8455615
2025,1,1,2025-01,1636,1276,6678.24,8521434
2025,1,1,2025-01,1637,1442,6509.59,9386829
2025,1,1,2025-01,1638,1788,5585.67,9987178
2025,1,1,2025-01,1639,1748,5258.01,9191001
2025,1,1,2025-01,1640,988,5476.75,5411029
2025,1,1,2025-01,1641,1470,4999.93,7349897
2025,1,1,2025-01,1642,1371,4700.43,6444290
2025,1,1,2025-01,1643,625,5702.77,3564231
2025,1,1,2025-01,1644,1735,5053.81,8768360
2025,1,1,2025-01,1645,1006,5096.39,5126968
2025,1,1,2025-01,1646,559,6471.24,3617423
2025,1,1,2025-01,1647,630,7542.71,4751907
2025,1,1,2025-01,1648,1533,6195.99,9498453
2025,1,1,2025-01,1649,1637,4251.31,6959394
2025,1,1,2025-01,1650,1619,4374.06,7081603
2025,1,1,2025-01,1651,1608,7523.26,12097402
2025,1,1,2025-01,1652,920,5038.11,4635061
2025,1,1,2025-01,1653,1379,4403.35,6072220
2025,1,1,2025-01,1654,2108,6193.73,13056383
2025,1,1,2025-01,1655,2040,6192.79,12633292
2025,1,1,2025-01,1656,1487,6322.52,9401587
2025,1,1,2025-01,1657,1953,5038.56,9840308
2025,1,1,2025-01,1658,1297,4188.98,5433107
2025,1,1,2025-01,1659,1657,7511.92,12447251
2025,1,1,2025-01,1660,1798,4965.67,8928275
2025,1,1,2025-01,1661,1692,6473.25,10952739
2025,1,1,2025-01,1662,1191,6615.22,7878727
2025,1,1,2025-01,1663,2059,6221.11,12809265
2025,1,1,2025-01,1664,823,5194.47,4275049
2025,1,1,2025-01,1665,1485,5107.14,7584103
2025,1,1,2025-01,1666,2041,6149.74,12551619
2025,1,1,2025-01,1667,534,7161.17,3824065
2025,1,1,2025-01,1668,1834,7431.77,13629866
2025,1,1,2025-01,1669,1860,4429.32,8238535
2025,1,1,2025-01,1670,1696,4600.53,7802499
2025,1,1,2025-01,1671,1780,7430.4,13226112
2025,1,1,2025-01,1672,1554,6686.08,10390168
2025,1,1,2025-01,1673,1725,7190.05,12402836
2025,1,1,2025-01,1674,1459,4815.31,7025537
2025,1,1,2025-01,1675,584,6146.77,3589714
2025,1,1,2025-01,1676,779,6540.67,5095182
2025,1,1,2025-01,1677,1597,6456.72,10311382
2025,1,1,2025-01,1678,1756,5556.14,9756582
2025,1,1,2025-01,1679,1438,4057.4,5834541
2025,1,1,2025-01,1680,944,6155.89,5811160
2025,1,1,2025-01,1681,726,4991.14,3623568
2025,1,1,2025-01,1682,2011,5566.09,11193407
2025,1,1,2025-01,1683,1602,7444.52,11926121
2025,1,1,2025-01,1684,1404,5533.84,7769511
2025,1,1,2025-01,1685,1773,7153.1,12682446
2025,1,1,2025-01,1686,1147,4706.46,5398310
2025,1,1,2025-01,1687,1838,6424.66,11808525
2025,1,1,2025-01,1688,1970,7517.72,14809908
2025,1,1,2025-01,1689,2020,4458.6,9006372
2025,1,1,2025-01,1690,735,4102.75,3015521
2025,1,1,2025-01,1691,829,5622.73,4661243
2025,1,1,2025-01,1692,841,4435.06,3729885
2025,1,1,2025-01,1693,809,6808.73,5508263
2025,1,1,2025-01,1694,1192,7240.9,8631153
2025,1,1,2025-01,1695,1930,5644.68,10894232
2025,1,1,2025-01,1696,1421,5042.81,7165833
2025,1,1,2025-01,1697,895,5643.95,5051335
2025,1,1,2025-01,1698,1851,6630.07,12272260
2025,1,1,2025-01,1699,1926,4155.91,8004283
2025,1,1,2025-01,1700,779,6149.59,4790531
2025,1,1,2025-01,1701,1644,6264.46,10298772
2025,1,1,2025-01,1702,1100,6288.85,6917735
2025,1,1,2025-01,1703,1765,4923.52,8690013
2025,1,1,2025-01,1704,593,6670.12,3955381
2025,1,1,2025-01,1705,1024,4443.14,4549775
2025,1,1,2025-01,1706,1272,4804.22,6110968
2025,1,1,2025-01,1707,1394,7306.25,10184912
2025,1,1,2025-01,1708,1212,6740.28,8169219
2025,1,1,2025-01,1709,1151,4097.82,4716591
2025,1,1,2025-01,1710,1274,4968.24,6329538
2025,1,1,2025-01,1711,1838,4841.38,8898456
2025,1,1,2025-01,1712,1723,5004.54,8622822
2025,1,1,2025-01,1713,970,4953.29,4804691
2025,1,1,2025-01,1714,970,4298.94,4169972
2025,1,1,2025-01,1715,1088,5748.89,6254792
2025,1,1,2025-01,1716,1447,6737.51,9749177
2025,1,1,2025-01,1717,599,6174.17,3698328
2025,1,1,2025-01,1718,889,6486.33,5766347
2025,1,1,2025-01,1719,1285,4370.04,5615501
2025,1,1,2025-01,1720,1487,7511.94,11170255
2025,1,1,2025-01,1721,1156,7030.1,8126796
2025,1,1,2025-01,1722,1714,6924.27,11868199
2025,1,1,2025-01,1723,1166,7013.53,8177776
2025,1,1,2025-01,1724,1382,7406.07,10235189
2025,1,1,2025-01,1725,2049,6040.44,12376862
2025,1,1,2025-01,1726,1186,4831.89,5730622
2025,1,1,2025-01,1727,1066,6257.04,6670005
2025,1,1,2025-01,1728,1956,6675.66,13057591
2025,1,1,2025-01,1729,710,6655.8,4725618
2025,1,1,2025-01,1730,790,5989.42,4731642
2025,1,1,2025-01,1731,1946,4268.7,8306890
2025,1,1,2025-01,1732,1027,5436.31,5583090
2025,1,1,2025-01,1733,951,7255.64,6900114
2025,1,1,2025-01,1734,1774,6179.64,10962681
2025,1,1,2025-01,1735,1629,5982.25,9745085
2025,1,1,2025-01,1736,1770,5062.84,8961227
2025,1,1,2025-01,1737,1676,5371.35,9002383
2025,1,1,2025-01,1738,782,7254.13,5672730
2025,1,1,2025-01,1739,929,6452.95,5994791
2025,1,1,2025-01,1740,1973,6823.89,13463535
2025,1,1,2025-01,1741,1324,5694.4,7539386
2025,1,1,2025-01,1742,1315,6317.52,8307539
2025,1,1,2025-01,1743,1050,5028.97,5280418
2025,1,1,2025-01,1744,1587,6622.74,10510288
2025,1,1,2025-01,1745,1145,5628.65,6444804
2025,1,1,2025-01,1746,1411,5656.59,7981448
2025,1,1,2025-01,1747,1693,6420.07,10869179
2025,1,1,2025-01,1748,1834,7333.34,13449346
2025,1,1,2025-01,1749,1082,4338.09,4693813
2025,1,1,2025-01,1750,1177,6971.38,8205314
2025,1,1,2025-01,1751,1971,5053.69,9960823
2025,1,1,2025-01,1752,1176,5645.58,6639202
2025,1,1,2025-01,1753,1538,4172.83,6417813
2025,1,1,2025-01,1754,1686,5263.78,8874733
2025,1,1,2025-01,1755,1542,5768.88,8895613
2025,1,1,2025-01,1756,2009,4242.83,8523845
2025,1,1,2025-01,1757,1233,5824.78,7181954
2025,1,1,2025-01,1758,692,7346.87,5084034
2025,1,1,2025-01,1759,2081,4561.21,9491878
2025,1,1,2025-01,1760,636,6816.35,4335199
2025,1,1,2025-01,1761,1537,5520.04,8484301
2025,1,1,2025-01,1762,770,6347.45,4887536
2025,1,1,2025-01,1763,1619,4969.12,8045005
2025,1,1,2025-01,1764,1616,4670.27,7547156
2025,1,1,2025-01,1765,1147,4614.11,5292384
2025,1,1,2025-01,1766,1847,4351.32,8036888
2025,1,1,2025-01,1767,1930,4754.98,9177111
2025,1,1,2025-01,1768,1361,6451.95,8781104
2025,1,1,2025-01,1769,875,7236.66,6332078
2025,1,1,2025-01,1770,1550,7004.48,10856944
2025,1,1,2025-01,1771,1202,6506.22,7820476
2025,1,1,2025-01,1772,1494,4451.69,6650825
2025,1,1,2025-01,1773,854,5094.16,4350413
2025,1,1,2025-01,1774,1535,5109.77,7843497
2025,1,1,2025-01,1775,1166,5015.73,5848341
2025,1,1,2025-01,1776,512,5834.7,2987366
2025,1,1,2025-01,1777,1191,5893.31,7018932
2025,1,1,2025-01,1778,1627,5420.47,8819105
2025,1,1,2025-01,1779,702,5375.42,3773545
2025,1,1,2025-01,1780,853,7015.46,5984187
2025,1,1,2025-01,1781,1756,6948.9,12202268
2025,1,1,2025-01,1782,1584,5144.08,8148223
2025,1,1,2025-01,1783,1284,7373.75,9467895
2025,1,1,2025-01,1784,979,7450.44,7293981
2025,1,1,2025-01,1785,1453,5257.94,7639787
2025,1,1,2025-01,1786,1380,5334.13,7361099
2025,1,1,2025-01,1787,1970,5799.93,11425862
2025,1,1,2025-01,1788,1628,7392.58,12035120
2025,1,1,2025-01,1789,1062,7174.31,7619117
2025,1,1,2025-01,1790,1088,4446.39,4837672
2025,1,1,2025-01,1791,1741,5469.56,9522504
2025,1,1,2025-01,1792,404,5963.08,2409084
2025,1,1,2025-01,1793,1483,5824.72,8638060
2025,1,1,2025-01,1794,1606,4817.12,7736295
2025,1,1,2025-01,1795,1467,7115.77,10438835
2025,1,1,2025-01,1796,842,6418.57,5404436
2025,1,1,2025-01,1797,1517,7100.62,10771641
2025,1,1,2025-01,1798,966,7119.5,6877437
2025,1,1,2025-01,1799,897,6776.12,6078180
2025,1,1,2025-01,1800,1997,5602.64,11188472
2025,1,1,2025-01,1801,1448,6207.55,8988532
2025,1,1,2025-01,1802,1861,4600.48,8561493
2025,1,1,2025-01,1803,1147,6474.89,7426699
2025,1,1,2025-01,1804,1688,4799.3,8101218
2025,1,1,2025-01,1805,1087,6522.63,7090099
2025,1,1,2025-01,1806,705,4896.18,3451807
2025,1,1,2025-01,1807,1856,4580.63,8501649
2025,1,1,2025-01,1808,1297,4660.24,6044331
2025,1,1,2025-01,1809,1289,4027.58,5191551
2025,1,1,2025-01,1810,796,6626.6,5274774
2025,1,1,2025-01,1811,1812,6689.82,12121954
2025,1,1,2025-01,1812,1468,5857.18,8598340
2025,1,1,2025-01,1813,1745,4624.24,8069299
2025,1,1,2025-01,1814,1499,4330.91,6492034
2025,1,1,2025-01,1815,1686,4230.83,7133179
2025,1,1,2025-01,1816,1660,4600.64,7637062
2025,1,1,2025-01,1817,2127,7215.39,15347135
2025,1,1,2025-01,1818,1235,4860.81,6003100
2025,1,1,2025-01,1819,1852,5296.63,9809359
2025,1,1,2025-01,1820,1354,4433.03,6002323
2025,1,1,2025-01,1821,2100,4889.53,10268013
2025,1,1,2025-01,1822,1439,5954.39,8568367
2025,1,1,2025-01,1823,443,6212.45,2752115
2025,1,1,2025-01,1824,1042,4961.03,5169393
2025,1,1,2025-01,1825,1457,4181.95,6093101
2025,1,1,2025-01,1826,713,5471.92,3901479
2025,1,1,2025-01,1827,2014,4878.96,9826225
2025,1,1,2025-01,1828,1785,4842.77,8644344
2025,1,1,2025-01,1829,1966,7537.71,14819138
2025,1,1,2025-01,1830,1318,6252.37,8240624
2025,1,1,2025-01,1831,1606,6083.27,9769732
2025,1,1,2025-01,1832,1606,5464.61,8776164
2025,1,1,2025-01,1833,1698,5604.52,9516475
2025,1,1,2025-01,1834,1350,6071.85,8196998
2025,1,1,2025-01,1835,1487,6532.79,9714259
2025,1,1,2025-01,1836,1598,6521.73,10421725
2025,1,1,2025-01,1837,1762,4715.05,8307918
2025,1,1,2025-01,1838,1276,5882.6,7506198
2025,1,1,2025-01,1839,859,5559.71,4775791
2025,1,1,2025-01,1840,1584,7079.34,11213675
2025,1,1,2025-01,1841,874,6288.93,5496525
2025,1,1,2025-01,1842,1428,5931.22,8469782
2025,1,1,2025-01,1843,1869,4471.37,8356991
2025,1,1,2025-01,1844,1089,6176.27,6725958
2025,1,1,2025-01,1845,1035,4514.92,4672942
2025,1,1,2025-01,1846,1772,5286.92,9368422
2025,1,1,2025-01,1847,969,4670.58,4525792
2025,1,1,2025-01,1848,837,6562.15,5492520
2025,1,1,2025-01,1849,1032,4766.53,4919059
2025,1,1,2025-01,1850,1616,5435.98,8784544
2025,1,1,2025-01,1851,1456,7313.27,10648121
2025,1,1,2025-01,1852,784,4703.38,3687450
2025,1,1,2025-01,1853,1406,5824.77,8189627
2025,1,1,2025-01,1854,1345,5586.25,7513506
2025,1,1,2025-01,1855,1126,4165.93,4690837
2025,1,1,2025-01,1856,1715,6890.22,11816727
2025,1,1,2025-01,1857,1229,4300.3,5285069
2025,1,1,2025-01,1858,1245,5735.8,7141071
2025,1,1,2025-01,1859,929,6034.99,5606506
2025,1,1,2025-01,1860,1790,6298.41,11274154
2025,1,1,2025-01,1861,1957,6605.18,12926337
2025,1,1,2025-01,1862,1110,4862.27,5397120
2025,1,1,2025-01,1863,1590,4059.84,6455146
2025,1,1,2025-01,1864,1589,6723.97,10684388
2025,1,1,2025-01,1865,1469,6020.73,8844452
2025,1,1,2025-01,1866,1650,6986.7,11528055
2025,1,1,2025-01,1867,964,6986.76,6735237
2025,1,1,2025-01,1868,673,7109.28,4784545
2025,1,1,2025-01,1869,1088,5844.11,6358392
2025,1,1,2025-01,1870,1870,5213.54,9749320
2025,1,1,2025-01,1871,1260,6857.49,8640437
2025,1,1,2025-01,1872,1069,5631.76,6020351
2025,1,1,2025-01,1873,1537,4710.99,7240792
2025,1,1,2025-01,1874,1354,7135.97,9662103
2025,1,1,2025-01,1875,656,7270.12,4769199
2025,1,1,2025-01,1876,715,5668,4052620
2025,1,1,2025-01,1877,1797,4384.31,7878605
2025,1,1,2025-01,1878,952,5459.11,5197073
2025,1,1,2025-01,1879,1887,6921.2,13060304
2025,1,1,2025-01,1880,1255,7391.51,9276345
2025,1,1,2025-01,1881,713,4870.5,3472666
2025,1,1,2025-01,1882,885,4225.87,3739895
2025,1,1,2025-01,1883,1818,7272.62,13221623
2025,1,1,2025-01,1884,1433,5457.19,7820153
2025,1,1,2025-01,1885,1332,5938.84,7910535
2025,1,1,2025-01,1886,810,7574.64,6135458
2025,1,1,2025-01,1887,1947,4364.86,8498382
2025,1,1,2025-01,1888,2300,6382.63,14680049
2025,1,1,2025-01,1889,1259,4353.16,5480628
2025,1,1,2025-01,1890,804,5412.75,4351851
2025,1,1,2025-01,1891,1774,6928.76,12291620
2025,1,1,2025-01,1892,886,5687.4,5039036
2025,1,1,2025-01,1893,1306,7610.61,9939457
2025,1,1,2025-01,1894,1783,6121.66,10914920
2025,1,1,2025-01,1895,1527,5238.6,7999342
2025,1,1,2025-01,1896,2064,4797.55,9902143
2025,1,1,2025-01,1897,1212,5311.41,6437429
2025,1,1,2025-01,1898,1749,5394.39,9434788
2025,1,1,2025-01,1899,1574,4289.24,6751264
2025,1,1,2025-01,1900,435,5364.69,2333640
2025,1,1,2025-01,1901,1252,5753,7202756
2025,1,1,2025-01,1902,1332,6683,8901756
2025,1,1,2025-01,1903,1552,6437.49,9990984
2025,1,1,2025-01,1904,952,6601.92,6285028
2025,1,1,2025-01,1905,768,4081.58,3134653
2025,1,1,2025-01,1906,834,4828.09,4026627
2025,1,1,2025-01,1907,1357,6438.04,8736420
2025,1,1,2025-01,1908,1264,5825.23,7363091
2025,1,1,2025-01,1909,987,4161.56,4107460
2025,1,1,2025-01,1910,1312,6953.15,9122533
2025,1,1,2025-01,1911,1542,6853.5,10568097
2025,1,1,2025-01,1912,680,5951.99,4047353
2025,1,1,2025-01,1913,1616,4226.71,6830363
2025,1,1,2025-01,1914,1231,6770.19,8334104
2025,1,1,2025-01,1915,695,6173.31,4290450
2025,1,1,2025-01,1916,548,6831.48,3743651
2025,1,1,2025-01,1917,836,6647.53,5557335
2025,1,1,2025-01,1918,1729,6921.71,11967637
2025,1,1,2025-01,1919,604,5991.2,3618685
2025,1,1,2025-01,1920,1429,4622.21,6605138
2025,1,1,2025-01,1921,1043,6394.28,6669234
2025,1,1,2025-01,1922,2051,6278.68,12877573
2025,1,1,2025-01,1923,908,6695.93,6079904
2025,1,1,2025-01,1924,1146,4663.13,5343947
2025,1,1,2025-01,1925,729,4784.64,3488003
2025,1,1,2025-01,1926,1259,7230.44,9103124
2025,1,1,2025-01,1927,1591,6802.88,10823382
2025,1,1,2025-01,1928,2000,7240.66,14481320
2025,1,1,2025-01,1929,886,6805.17,6029381
2025,1,1,2025-01,1930,1883,6241.96,11753611
2025,1,1,2025-01,1931,1205,6387.24,7696624
2025,1,1,2025-01,1932,1832,7248.04,13278409
2025,1,1,2025-01,1933,1198,6235.21,7469782
2025,1,1,2025-01,1934,1754,6323.69,11091752
2025,1,1,2025-01,1935,1885,4662.52,8788850
2025,1,1,2025-01,1936,1712,5801.6,9932339
2025,1,1,2025-01,1937,1857,6572.61,12205337
2025,1,1,2025-01,1938,828,5147.2,4261882
2025,1,1,2025-01,1939,891,4778.8,4257911
2025,1,1,2025-01,1940,1014,5178.95,5251455
2025,1,1,2025-01,1941,691,4958.53,3426344
2025,1,1,2025-01,1942,1201,4841.9,5815122
2025,1,1,2025-01,1943,1742,5567.46,9698515
2025,1,1,2025-01,1944,969,7333.49,7106152
2025,1,1,2025-01,1945,1580,5817.6,9191808
2025,1,1,2025-01,1946,1963,4806.77,9435690
2025,1,1,2025-01,1947,1858,4359.85,8100601
2025,1,1,2025-01,1948,795,6576.02,5227936
2025,1,1,2025-01,1949,1101,5417,5964117
2025,1,1,2025-01,1950,1412,6972.86,9845678
2025,1,1,2025-01,1951,1029,6364.04,6548597
2025,1,1,2025-01,1952,1717,6940.14,11916220
2025,1,1,2025-01,1953,1515,4965.45,7522657
2025,1,1,2025-01,1954,1334,6545.61,8731844
2025,1,1,2025-01,1955,556,4986.84,2772683
2025,1,1,2025-01,1956,1527,7424.89,11337807
2025,1,1,2025-01,1957,1601,6295.17,10078567
2025,1,1,2025-01,1958,1291,5281.37,6818249
2025,1,1,2025-01,1959,1532,4983.71,7635044
2025,1,1,2025-01,1960,650,4620.18,3003117
2025,1,1,2025-01,1961,1388,6528.83,9062016
2025,1,1,2025-01,1962,1934,4807.91,9298498
2025,1,1,2025-01,1963,1674,6178.71,10343161
2025,1,1,2025-01,1964,771,4974.63,3835440
2025,1,1,2025-01,1965,1547,6438.41,9960220
2025,1,1,2025-01,1966,1277,6911.58,8826088
2025,1,1,2025-01,1967,1816,6841.35,12423892
2025,1,1,2025-01,1968,1222,6766.01,8268064
2025,1,1,2025-01,1969,927,4694.58,4351876
2025,1,1,2025-01,1970,1319,4331.24,5712906
2025,1,1,2025-01,1971,853,6620.02,5646877
2025,1,1,2025-01,1972,970,5323.84,5164125
2025,1,1,2025-01,1973,1610,5575.1,8975911
2025,1,1,2025-01,1974,1079,4232.16,4566501
2025,1,1,2025-01,1975,1153,4999.97,5764965
2025,1,1,2025-01,1976,1779,4199.46,7470839
2025,1,1,2025-01,1977,957,7163.47,6855441
2025,1,1,2025-01,1978,1196,4927.18,5892907
2025,1,1,2025-01,1979,1486,6147.47,9135140
2025,1,1,2025-01,1980,1521,4257.07,6475003
2025,1,1,2025-01,1981,1317,6397.74,8425824
2025,1,1,2025-01,1982,802,5203.89,4173520
2025,1,1,2025-01,1983,1176,7150.96,8409529
2025,1,1,2025-01,1984,768,7264.88,5579428
2025,1,1,2025-01,1985,1886,5180.16,9769782
2025,1,1,2025-01,1986,757,7300.01,5526108
2025,1,1,2025-01,1987,1533,7617.49,11677612
2025,1,1,2025-01,1988,1808,6991.78,12641138
2025,1,1,2025-01,1989,1551,7068.36,10963026
2025,1,1,2025-01,1990,687,4945.32,3397435
2025,1,1,2025-01,1991,1630,6072.06,9897458
2025,1,1,2025-01,1992,736,4346.92,3199333
2025,1,1,2025-01,1993,1024,4409.69,4515523
2025,1,1,2025-01,1994,1263,7683.9,9704766
2025,1,1,2025-01,1995,981,5160.96,5062902
2025,1,1,2025-01,1996,1468,6778.26,9950486
2025,1,1,2025-01,1997,2056,6917.96,14223326
2025,1,1,2025-01,1998,1850,7105.75,13145638
2025,1,1,2025-01,1999,985,7669.78,7554733
2025,1,1,2025-01,2000,1449,4980.06,7216107
2025,1,1,2025-01,2001,1018,4281.06,4358119
2025,1,1,2025-01,2002,1658,5532.37,9172669
2025,1,1,2025-01,2003,1270,4520.8,5741416
2025,1,1,2025-01,2004,958,4210.5,4033659
2025,1,1,2025-01,2005,2008,5383.77,10810610
2025,1,1,2025-01,2006,1732,6872.72,11903551
2025,1,1,2025-01,2007,1242,5994.14,7444722
2025,1,1,2025-01,2008,912,5168.9,4714037
2025,1,1,2025-01,2009,1129,6380.79,7203912
2025,1,1,2025-01,2010,1886,4883.82,9210885
2025,1,1,2025-01,2011,1309,4084.21,5346231
2025,1,1,2025-01,2012,1085,6774.68,7350528
2025,1,1,2025-01,2013,1531,6357.92,9733976
2025,1,1,2025-01,2014,2005,6827.3,13688736
2025,1,1,2025-01,2015,532,4228.35,2249482
2025,1,1,2025-01,2016,1699,7067.03,12006884
2025,1,1,2025-01,2017,1170,6230.56,7289755
2025,1,1,2025-01,2018,2047,6100.23,12487171
2025,1,1,2025-01,2019,1889,6319.75,11938008
2025,1,1,2025-01,2020,1020,7149.4,7292388
2025,1,1,2025-01,2021,758,6102.99,4626066
2025,1,1,2025-01,2022,1449,6203.71,8989176
2025,1,1,2025-01,2023,1284,7592.43,9748680
2025,1,1,2025-01,2024,1440,6783.93,9768859
2025,1,1,2025-01,2025,895,5681.52,5084960
2025,1,1,2025-01,2026,1236,6522.1,8061316
2025,1,1,2025-01,2027,1001,5524.41,5529934
2025,1,1,2025-01,2028,1786,4827.11,8621218
2025,1,1,2025-01,2029,1457,6189.06,9017460
2025,1,1,2025-01,2030,1121,7441.84,8342303
2025,1,1,2025-01,2031,942,7324.65,6899820
2025,1,1,2025-01,2032,637,5272.45,3358551
2025,1,1,2025-01,2033,880,5985.91,5267601
2025,1,1,2025-01,2034,1019,4879.7,4972414
2025,1,1,2025-01,2035,1147,7557.02,8667902
2025,1,1,2025-01,2036,1461,7515.82,10980613
2025,1,1,2025-01,2037,1054,6373.48,6717648
2025,1,1,2025-01,2038,830,6962.82,5779141
2025,1,1,2025-01,2039,979,6610.27,6471454
2025,1,1,2025-01,2040,677,6182.87,4185803
2025,1,1,2025-01,2041,1041,4251.38,4425687
2025,1,1,2025-01,2042,763,5695.61,4345750
2025,1,1,2025-01,2043,1553,6488.83,10077153
2025,1,1,2025-01,2044,888,6508.31,5779379
2025,1,1,2025-01,2045,1389,5470.46,7598469
2025,1,1,2025-01,2046,1597,7440.61,11882654
2025,1,1,2025-01,2047,1448,4695.18,6798621
2025,1,1,2025-01,2048,545,5886.54,3208164
2025,1,1,2025-01,2049,653,6566.87,4288166
2025,1,1,2025-01,2050,1875,6568.26,12315488
2025,1,1,2025-01,2051,1999,6454.25,12902046
2025,1,1,2025-01,2052,888,4963.74,4407801
2025,1,1,2025-01,2053,1955,4621.72,9035463
2025,1,1,2025-01,2054,2009,6349.32,12755784
2025,1,1,2025-01,2055,1100,6176.69,6794359
2025,1,1,2025-01,2056,894,4772.36,4266490
2025,1,1,2025-01,2057,1579,6488.77,10245768
2025,1,1,2025-01,2058,1978,5674.03,11223231
2025,1,1,2025-01,2059,656,6370.49,4179041
2025,1,1,2025-01,2060,2059,7034.03,14483068
2025,1,1,2025-01,2061,1740,4637.61,8069441
2025,1,1,2025-01,2062,1381,4150.9,5732393
2025,1,1,2025-01,2063,894,6948.09,6211592
2025,1,1,2025-01,2064,1462,6301.79,9213217
2025,1,1,2025-01,2065,1381,6499.64,8976003
2025,1,1,2025-01,2066,1256,7076.67,8888298
2025,1,1,2025-01,2067,1767,6906.47,12203732
2025,1,1,2025-01,2068,1856,7532.61,13980524
2025,1,1,2025-01,2069,842,6013.75,5063578
2025,1,1,2025-01,2070,1788,5872.51,10500048
2025,1,1,2025-01,2071,1798,5573.66,10021441
2025,1,1,2025-01,2072,976,4663.09,4551176
2025,1,1,2025-01,2073,504,6102.28,3075549
2025,1,1,2025-01,2074,1421,5048.18,7173464
2025,1,1,2025-01,2075,1317,7292.41,9604104
2025,1,1,2025-01,2076,1761,6164.43,10855561
2025,1,1,2025-01,2077,1792,6202.08,11114127
2025,1,1,2025-01,2078,1674,5254.43,8795916
2025,1,1,2025-01,2079,1263,4305.27,5437556
2025,1,1,2025-01,2080,1756,4169.5,7321642
2025,1,1,2025-01,2081,683,5529.96,3776963
2025,1,1,2025-01,2082,1016,4379.55,4449623
2025,1,1,2025-01,2083,720,6167.1,4440312
2025,1,1,2025-01,2084,2068,7177.21,14842470
2025,2,1,2025-02,1,1484,7103.98,10542306
2025,2,1,2025-02,2,1881,4690.93,8823639
2025,2,1,2025-02,3,1471,4464.41,6567147
2025,2,1,2025-02,4,1635,4979.74,8141875
2025,2,1,2025-02,5,1531,4188.5,6412594
2025,2,1,2025-02,6,1457,5923.42,8630423
2025,2,1,2025-02,7,1638,7360.22,12056040
2025,2,1,2025-02,8,658,4203.63,2765989
2025,2,1,2025-02,9,1062,4511.94,4791680
2025,2,1,2025-02,10,1658,5663.27,9389702
2025,2,1,2025-02,11,1071,7343.7,7865103
2025,2,1,2025-02,12,1908,5067.61,9669000
2025,2,1,2025-02,13,807,5820.14,4696853
2025,2,1,2025-02,14,1960,4187.34,8207186
2025,2,1,2025-02,15,1565,4647.28,7272993
2025,2,1,2025-02,16,1296,7485.59,9701325
2025,2,1,2025-02,17,658,7376.76,4853908
2025,2,1,2025-02,18,1755,4081.14,7162401
2025,2,1,2025-02,19,1455,7424.53,10802691
2025,2,1,2025-02,20,1023,6272.73,6417003
2025,2,1,2025-02,21,1936,7157.51,13856939
2025,2,1,2025-02,22,1256,5599.44,7032897
2025,2,1,2025-02,23,840,5977.81,5021360
2025,2,1,2025-02,24,1514,5820.1,8811631
2025,2,1,2025-02,25,1413,6450.79,9114966
2025,2,1,2025-02,26,774,4545.56,3518263
2025,2,1,2025-02,27,1812,4160.13,7538156
2025,2,1,2025-02,28,1068,5115.18,5463012
2025,2,1,2025-02,29,1793,6562.64,11766814
2025,2,1,2025-02,30,712,4770.92,3396895
2025,2,1,2025-02,31,975,6492.74,6330422
2025,2,1,2025-02,32,1248,7484.5,9340656
2025,2,1,2025-02,33,1345,4383.39,5895660
2025,2,1,2025-02,34,855,6378.27,5453421
2025,2,1,2025-02,35,1737,5658.16,9828224
2025,2,1,2025-02,36,1170,7130.66,8342872
2025,2,1,2025-02,37,1878,4686.91,8802017
2025,2,1,2025-02,38,1340,6532.8,8753952
2025,2,1,2025-02,39,1190,7039.06,8376481
2025,2,1,2025-02,40,708,7375.19,5221635
2025,2,1,2025-02,41,1463,6520.94,9540135
2025,2,1,2025-02,42,1249,5825.23,7275712
2025,2,1,2025-02,43,1567,6231.52,9764792
2025,2,1,2025-02,44,998,7159.51,7145191
2025,2,1,2025-02,45,1803,6089.7,10979729
2025,2,1,2025-02,46,1439,4127.49,5939458
2025,2,1,2025-02,47,1605,7396.68,11871671
2025,2,1,2025-02,48,1121,6538.08,7329188
2025,2,1,2025-02,49,466,6338.53,2953755
2025,2,1,2025-02,50,1280,4753.75,6084800
2025,2,1,2025-02,51,504,6317.97,3184257
2025,2,1,2025-02,52,1738,5370.84,9334520
2025,2,1,2025-02,53,955,6403.99,6115810
2025,2,1,2025-02,54,1099,4378.26,4811708
2025,2,1,2025-02,55,826,6420.37,5303226
2025,2,1,2025-02,56,600,7611.42,4566852
2025,2,1,2025-02,57,835,4221.73,3525145
2025,2,1,2025-02,58,1360,7487.93,10183585
2025,2,1,2025-02,59,1648,5448.79,8979606
2025,2,1,2025-02,60,1048,7098.69,7439427
2025,2,1,2025-02,61,1226,6847.38,8394888
2025,2,1,2025-02,62,1766,6068.51,10716989
2025,2,1,2025-02,63,801,6532.98,5232917
2025,2,1,2025-02,64,1870,7222.98,13506973
2025,2,1,2025-02,65,1407,5463.46,7687088
2025,2,1,2025-02,66,1838,5206.45,9569455
2025,2,1,2025-02,67,1843,6446.6,11881084
2025,2,1,2025-02,68,981,6857.85,6727551
2025,2,1,2025-02,69,1333,6681.67,8906666
2025,2,1,2025-02,70,515,6835.84,3520458
2025,2,1,2025-02,71,728,5640.76,4106473
2025,2,1,2025-02,72,1509,6946.93,10482917
2025,2,1,2025-02,73,1723,4514.82,7779035
2025,2,1,2025-02,74,1333,5863.29,7815766
2025,2,1,2025-02,75,1509,4049.82,6111178
2025,2,1,2025-02,76,1711,5138.47,8791922
2025,2,1,2025-02,77,1092,5387.72,5883390
2025,2,1,2025-02,78,1726,5427.13,9367226
2025,2,1,2025-02,79,1936,6462.89,12512155
2025,2,1,2025-02,80,1197,5404.43,6469103
2025,2,1,2025-02,81,767,5556.39,4261751
2025,2,1,2025-02,82,1167,4883.96,5699581
2025,2,1,2025-02,83,628,5312.16,3336036
2025,2,1,2025-02,84,700,4795.04,3356528
2025,2,1,2025-02,85,1495,4297.15,6424239
2025,2,1,2025-02,86,908,6086.3,5526360
2025,2,1,2025-02,87,1040,6397.33,6653223
2025,2,1,2025-02,88,1902,6215.03,11820987
2025,2,1,2025-02,89,856,5745.62,4918251
2025,2,1,2025-02,90,2158,5419.3,11694849
2025,2,1,2025-02,91,1674,7071.44,11837591
2025,2,1,2025-02,92,1541,5844.48,9006344
2025,2,1,2025-02,93,868,5759.43,4999185
2025,2,1,2025-02,94,1188,4128.44,4904587
2025,2,1,2025-02,95,1002,5311.42,5322043
2025,2,1,2025-02,96,1529,5399.62,8256019
2025,2,1,2025-02,97,1531,5466.22,8368783
2025,2,1,2025-02,98,1194,6131.6,7321130
2025,2,1,2025-02,99,639,6007.02,3838486
2025,2,1,2025-02,100,1413,6204.94,8767580
2025,2,1,2025-02,101,607,6793.14,4123436
2025,2,1,2025-02,102,951,6927.01,6587587
2025,2,1,2025-02,103,1101,6558.06,7220424
2025,2,1,2025-02,104,1466,7466.19,10945435
2025,2,1,2025-02,105,1732,4074.13,7056393
2025,2,1,2025-02,106,597,4680.75,2794408
2025,2,1,2025-02,107,621,4046.05,2512597
2025,2,1,2025-02,108,891,6366.38,5672445
2025,2,1,2025-02,109,1754,7228.34,12678508
2025,2,1,2025-02,110,1541,4962.82,7647706
2025,2,1,2025-02,111,1264,7376.76,9324225
2025,2,1,2025-02,112,1970,4358.85,8586934
2025,2,1,2025-02,113,1473,7355.73,10834990
2025,2,1,2025-02,114,1440,5316.48,7655731
2025,2,1,2025-02,115,1209,4467.74,5401498
2025,2,1,2025-02,116,1065,5698.98,6069414
2025,2,1,2025-02,117,1091,5015.84,5472281
2025,2,1,2025-02,118,890,4979.93,4432138
2025,2,1,2025-02,119,812,5196.15,4219274
2025,2,1,2025-02,120,722,6910.82,4989612
2025,2,1,2025-02,121,1236,5949.34,7353384
2025,2,1,2025-02,122,646,5098.13,3293392
2025,2,1,2025-02,123,1615,6149.86,9932024
2025,2,1,2025-02,124,606,6569.99,3981414
2025,2,1,2025-02,125,673,4986.25,3355746
2025,2,1,2025-02,126,983,5476.22,5383124
2025,2,1,2025-02,127,1485,4451.6,6610626
2025,2,1,2025-02,128,1684,4718.46,7945887
2025,2,1,2025-02,129,1549,6533.44,10120299
2025,2,1,2025-02,130,961,4665.33,4483382
2025,2,1,2025-02,131,855,5909.03,5052221
2025,2,1,2025-02,132,1255,6511.27,8171644
2025,2,1,2025-02,133,774,4403.26,3408123
2025,2,1,2025-02,134,1150,6025.65,6929498
2025,2,1,2025-02,135,1118,4985.85,5574180
2025,2,1,2025-02,136,1700,7421.71,12616907
2025,2,1,2025-02,137,998,5776.89,5765336
2025,2,1,2025-02,138,1799,6862.43,12345512
2025,2,1,2025-02,139,1069,6075.68,6494902
2025,2,1,2025-02,140,1534,4227.27,6484632
2025,2,1,2025-02,141,1670,6293.83,10510696
2025,2,1,2025-02,142,982,7468.62,7334185
2025,2,1,2025-02,143,1276,6216.29,7931986
2025,2,1,2025-02,144,814,6979.27,5681126
2025,2,1,2025-02,145,1414,7133.81,10087207
2025,2,1,2025-02,146,1406,4901.52,6891537
2025,2,1,2025-02,147,863,4842.88,4179405
2025,2,1,2025-02,148,801,6190.51,4958599
2025,2,1,2025-02,149,1497,5528.01,8275431
2025,2,1,2025-02,150,1457,6931.96,10099866
2025,2,1,2025-02,151,1918,7158.68,13730348
2025,2,1,2025-02,152,1483,5293.06,7849608
2025,2,1,2025-02,153,1549,4925.25,7629212
2025,2,1,2025-02,154,1811,6832.13,12372987
2025,2,1,2025-02,155,1199,5014.48,6012362
2025,2,1,2025-02,156,1451,6971.08,10115037
2025,2,1,2025-02,157,601,5551.3,3336331
2025,2,1,2025-02,158,1047,6380.49,6680373
2025,2,1,2025-02,159,1737,4411.49,7662758
2025,2,1,2025-02,160,922,6284.83,5794613
2025,2,1,2025-02,161,1350,5726.59,7730896
2025,2,1,2025-02,162,1595,6155.7,9818342
2025,2,1,2025-02,163,1146,4740.34,5432430
2025,2,1,2025-02,164,1805,6637.6,11980868
2025,2,1,2025-02,165,1086,7160.03,7775793
2025,2,1,2025-02,166,1739,4890.67,8504875
2025,2,1,2025-02,167,1762,4319.51,7610977
2025,2,1,2025-02,168,1623,4070.34,6606162
2025,2,1,2025-02,169,1101,6330.87,6970288
2025,2,1,2025-02,170,1455,6222.49,9053723
2025,2,1,2025-02,171,851,6072.55,5167740
2025,2,1,2025-02,172,1554,4840.28,7521795
2025,2,1,2025-02,173,1150,5334.81,6135032
2025,2,1,2025-02,174,1443,6164.57,8895475
2025,2,1,2025-02,175,1669,5807.17,9692167
2025,2,1,2025-02,176,1913,7571.58,14484433
2025,2,1,2025-02,177,1707,4484,7654188
2025,2,1,2025-02,178,1991,6429.6,12801334
2025,2,1,2025-02,179,1891,5556.58,10507493
2025,2,1,2025-02,180,1866,5590.12,10431164
2025,2,1,2025-02,181,803,6670.92,5356749
2025,2,1,2025-02,182,1743,6444.53,11232816
2025,2,1,2025-02,183,1815,7570.05,13739641
2025,2,1,2025-02,184,1606,4531.84,7278135
2025,2,1,2025-02,185,2001,4455.27,8914995
2025,2,1,2025-02,186,1210,6678.57,8081070
2025,2,1,2025-02,187,1109,6052.99,6712766
2025,2,1,2025-02,188,1530,5010.1,7665453
2025,2,1,2025-02,189,1701,4354.17,7406443
2025,2,1,2025-02,190,1733,4351.43,7541028
2025,2,1,2025-02,191,1153,7122.08,8211758
2025,2,1,2025-02,192,1868,4749.04,8871207
2025,2,1,2025-02,193,1818,5208.19,9468489
2025,2,1,2025-02,194,1201,4822.85,5792243
2025,2,1,2025-02,195,1022,5309.45,5426258
2025,2,1,2025-02,196,1761,4191.83,7381813
2025,2,1,2025-02,197,1706,5960.76,10169057
2025,2,1,2025-02,198,939,4281.33,4020169
2025,2,1,2025-02,199,1245,6851.05,8529557
2025,2,1,2025-02,200,1766,4948.84,8739651
2025,2,1,2025-02,201,1970,5885.21,11593864
2025,2,1,2025-02,202,1777,7144.06,12694995
2025,2,1,2025-02,203,1576,6409.94,10102065
2025,2,1,2025-02,204,891,5890.09,5248070
2025,2,1,2025-02,205,1141,5163.46,5891508
2025,2,1,2025-02,206,1613,5226.09,8429683
2025,2,1,2025-02,207,2136,6446.35,13769404
2025,2,1,2025-02,208,1870,7573.71,14162838
2025,2,1,2025-02,209,1685,6404.99,10792408
2025,2,1,2025-02,210,1437,6026.45,8660009
2025,2,1,2025-02,211,1491,6634.55,9892114
2025,2,1,2025-02,212,1456,5687.15,8280490
2025,2,1,2025-02,213,555,4246.57,2356846
2025,2,1,2025-02,214,593,6027.7,3574426
2025,2,1,2025-02,215,1141,7354.53,8391519
2025,2,1,2025-02,216,741,4745.11,3516127
2025,2,1,2025-02,217,1277,6437.34,8220483
2025,2,1,2025-02,218,1674,4726.89,7912814
2025,2,1,2025-02,219,1000,5997.62,5997620
2025,2,1,2025-02,220,1905,4467.24,8510092
2025,2,1,2025-02,221,1676,5689.25,9535183
2025,2,1,2025-02,222,1522,6754.6,10280501
2025,2,1,2025-02,223,1351,5288.94,7145358
2025,2,1,2025-02,224,1702,6388.21,10872733
2025,2,1,2025-02,225,796,6895.32,5488675
2025,2,1,2025-02,226,1314,7384.85,9703693
2025,2,1,2025-02,227,1878,4918.86,9237619
2025,2,1,2025-02,228,744,5508.01,4097959
2025,2,1,2025-02,229,1659,4557.06,7560163
2025,2,1,2025-02,230,776,7568.8,5873389
2025,2,1,2025-02,231,896,7251.14,6497021
2025,2,1,2025-02,232,1230,6017.93,7402054
2025,2,1,2025-02,233,1003,7028.86,7049947
2025,2,1,2025-02,234,960,5810.87,5578435
2025,2,1,2025-02,235,1395,6267,8742465
2025,2,1,2025-02,236,793,4405.98,3493942
2025,2,1,2025-02,237,1297,6720.12,8715996
2025,2,1,2025-02,238,1244,4513.69,5615030
2025,2,1,2025-02,239,799,6952.55,5555087
2025,2,1,2025-02,240,1215,6777.78,8235003
2025,2,1,2025-02,241,1564,6577.91,10287851
2025,2,1,2025-02,242,1461,4129.04,6032527
2025,2,1,2025-02,243,845,5118.96,4325521
2025,2,1,2025-02,244,1933,4918.08,9506649
2025,2,1,2025-02,245,1100,5313.24,5844564
2025,2,1,2025-02,246,2071,4384.63,9080569
2025,2,1,2025-02,247,1351,7311.22,9877458
2025,2,1,2025-02,248,1193,5988.15,7143863
2025,2,1,2025-02,249,1614,5087.84,8211774
2025,2,1,2025-02,250,862,5497.24,4738621
2025,2,1,2025-02,251,1872,5628.57,10536683
2025,2,1,2025-02,252,574,6170.45,3541838
2025,2,1,2025-02,253,1776,5863.41,10413416
2025,2,1,2025-02,254,1317,7279.63,9587273
2025,2,1,2025-02,255,1313,5733,7527429
2025,2,1,2025-02,256,1472,7552.29,11116971
2025,2,1,2025-02,257,1089,7107.54,7740111
2025,2,1,2025-02,258,796,4754.69,3784733
2025,2,1,2025-02,259,1436,7372.64,10587111
2025,2,1,2025-02,260,1216,4386.51,5333996
2025,2,1,2025-02,261,948,7008.71,6644257
2025,2,1,2025-02,262,925,5465.91,5055967
2025,2,1,2025-02,263,1810,7184.53,13003999
2025,2,1,2025-02,264,1611,7129.94,11486333
2025,2,1,2025-02,265,816,6863.52,5600632
2025,2,1,2025-02,266,726,6756.77,4905415
2025,2,1,2025-02,267,875,5144.5,4501438
2025,2,1,2025-02,268,1236,4377.65,5410775
2025,2,1,2025-02,269,1529,5462.99,8352912
2025,2,1,2025-02,270,1558,4664.58,7267416
2025,2,1,2025-02,271,739,6465.23,4777805
2025,2,1,2025-02,272,1491,5286.54,7882231
2025,2,1,2025-02,273,1882,7553.05,14214840
2025,2,1,2025-02,274,637,6343.19,4040612
2025,2,1,2025-02,275,1098,6923.96,7602508
2025,2,1,2025-02,276,1639,4486,7352554
2025,2,1,2025-02,277,1851,7134.57,13206089
2025,2,1,2025-02,278,1437,7293.03,10480084
2025,2,1,2025-02,279,517,5850.46,3024688
2025,2,1,2025-02,280,1680,6297.67,10580086
2025,2,1,2025-02,281,1607,6745.45,10839938
2025,2,1,2025-02,282,1207,4782.2,5772115
2025,2,1,2025-02,283,620,5826.22,3612256
2025,2,1,2025-02,284,1563,5506.51,8606675
2025,2,1,2025-02,285,787,4571.54,3597802
2025,2,1,2025-02,286,521,5347.6,2786100
2025,2,1,2025-02,287,562,4220.13,2371713
2025,2,1,2025-02,288,1634,4121.22,6734073
2025,2,1,2025-02,289,1131,4597.93,5200259
2025,2,1,2025-02,290,1213,7487.27,9082059
2025,2,1,2025-02,291,1710,5994.26,10250185
2025,2,1,2025-02,292,2005,7470.98,14979315
2025,2,1,2025-02,293,658,5603.48,3687090
2025,2,1,2025-02,294,1012,5147.8,5209574
2025,2,1,2025-02,295,1738,5859.36,10183568
2025,2,1,2025-02,296,1610,5595.45,9008674
2025,2,1,2025-02,297,1026,4404.5,4519017
2025,2,1,2025-02,298,1973,6271.25,12373176
2025,2,1,2025-02,299,807,4886.71,3943575
2025,2,1,2025-02,300,830,6195.11,5141941
2025,2,1,2025-02,301,1448,6363.65,9214565
2025,2,1,2025-02,302,1364,4558.28,6217494
2025,2,1,2025-02,303,919,4231.99,3889199
2025,2,1,2025-02,304,1593,6795.38,10825040
2025,2,1,2025-02,305,1742,5645.52,9834496
2025,2,1,2025-02,306,1585,4259.89,6751926
2025,2,1,2025-02,307,816,7612.69,6211955
2025,2,1,2025-02,308,1367,4274,5842558
2025,2,1,2025-02,309,649,6428.58,4172148
2025,2,1,2025-02,310,1647,7582.3,12488048
2025,2,1,2025-02,311,1336,4919.77,6572813
2025,2,1,2025-02,312,1879,4517.25,8487913
2025,2,1,2025-02,313,1672,4501.45,7526424
2025,2,1,2025-02,314,1767,5163.05,9123109
2025,2,1,2025-02,315,802,4383.52,3515583
2025,2,1,2025-02,316,1195,6468.46,7729810
2025,2,1,2025-02,317,1562,4332,6766584
2025,2,1,2025-02,318,1273,5931.61,7550940
2025,2,1,2025-02,319,861,7620.06,6560872
2025,2,1,2025-02,320,1461,6988.42,10210082
2025,2,1,2025-02,321,780,6232.7,4861506
2025,2,1,2025-02,322,1666,5175.24,8621950
2025,2,1,2025-02,323,1764,6159.47,10865305
2025,2,1,2025-02,324,1253,5944.2,7448083
2025,2,1,2025-02,325,498,5584.21,2780937
2025,2,1,2025-02,326,578,4533.93,2620612
2025,2,1,2025-02,327,1813,7211.32,13074123
2025,2,1,2025-02,328,1299,5658.38,7350236
2025,2,1,2025-02,329,981,4706.22,4616802
2025,2,1,2025-02,330,1834,5437.32,9972045
2025,2,1,2025-02,331,526,5584.85,2937631
2025,2,1,2025-02,332,699,7087.63,4954253
2025,2,1,2025-02,333,1775,6621.88,11753837
2025,2,1,2025-02,334,1288,6808.2,8768962
2025,2,1,2025-02,335,832,4115.53,3424121
2025,2,1,2025-02,336,1413,5426.35,7667433
2025,2,1,2025-02,337,1542,5749.37,8865529
2025,2,1,2025-02,338,755,4121.97,3112087
2025,2,1,2025-02,339,1452,4978.66,7229014
2025,2,1,2025-02,340,1410,6705.78,9455150
2025,2,1,2025-02,341,1112,4573.36,5085576
2025,2,1,2025-02,342,1264,5957.64,7530457
2025,2,1,2025-02,343,1772,4783.52,8476397
2025,2,1,2025-02,344,1462,4110.32,6009288
2025,2,1,2025-02,345,539,4854.41,2616527
2025,2,1,2025-02,346,1626,7525.83,12237000
2025,2,1,2025-02,347,1612,6884.65,11098056
2025,2,1,2025-02,348,672,7452.14,5007838
2025,2,1,2025-02,349,903,5743.25,5186155
2025,2,1,2025-02,350,1532,4379.89,6709991
2025,2,1,2025-02,351,1907,5935.19,11318407
2025,2,1,2025-02,352,1127,5598.43,6309431
2025,2,1,2025-02,353,707,7045.6,4981239
2025,2,1,2025-02,354,1317,4406.04,5802755
2025,2,1,2025-02,355,877,5791.36,5079023
2025,2,1,2025-02,356,1773,4540.57,8050431
2025,2,1,2025-02,357,1058,5138.77,5436819
2025,2,1,2025-02,358,773,6680.25,5163833
2025,2,1,2025-02,359,650,5749.16,3736954
2025,2,1,2025-02,360,1106,5424.38,5999364
2025,2,1,2025-02,361,1730,5388.26,9321690
2025,2,1,2025-02,362,834,5664.66,4724326
2025,2,1,2025-02,363,1564,6849.9,10713244
2025,2,1,2025-02,364,1754,7143.06,12528927
2025,2,1,2025-02,365,527,7428.13,3914625
2025,2,1,2025-02,366,776,6759.58,5245434
2025,2,1,2025-02,367,1375,5136.03,7062041
2025,2,1,2025-02,368,1346,6547.45,8812868
2025,2,1,2025-02,369,1628,5685.61,9256173
2025,2,1,2025-02,370,1764,4950.18,8732118
2025,2,1,2025-02,371,1753,7044.34,12348728
2025,2,1,2025-02,372,514,4176.75,2146850
2025,2,1,2025-02,373,467,7286.42,3402758
2025,2,1,2025-02,374,1079,5717.58,6169269
2025,2,1,2025-02,375,1103,6236.44,6878793
2025,2,1,2025-02,376,1738,6408.39,11137782
2025,2,1,2025-02,377,1049,7166.77,7517942
2025,2,1,2025-02,378,1050,6354.72,6672456
2025,2,1,2025-02,379,1779,6272.27,11158368
2025,2,1,2025-02,380,1151,4203.87,4838654
2025,2,1,2025-02,381,1432,5926.98,8487435
2025,2,1,2025-02,382,490,4522.75,2216148
2025,2,1,2025-02,383,903,6652.76,6007442
2025,2,1,2025-02,384,1987,5802.98,11530521
2025,2,1,2025-02,385,1173,6479.7,7600688
2025,2,1,2025-02,386,1799,4257,7658343
2025,2,1,2025-02,387,1856,4331.14,8038596
2025,2,1,2025-02,388,1000,6561.13,6561130
2025,2,1,2025-02,389,1397,4292.78,5997014
2025,2,1,2025-02,390,1727,4357.04,7524608
2025,2,1,2025-02,391,1926,4126.3,7947254
2025,2,1,2025-02,392,1256,7501.89,9422374
2025,2,1,2025-02,393,977,6659.2,6506038
2025,2,1,2025-02,394,1398,5197.15,7265616
2025,2,1,2025-02,395,1002,5011.97,5021994
2025,2,1,2025-02,396,948,5272.99,4998795
2025,2,1,2025-02,397,1230,6729.36,8277113
2025,2,1,2025-02,398,1446,6421.93,9286111
2025,2,1,2025-02,399,622,4686.33,2914897
2025,2,1,2025-02,400,924,4575.2,4227485
2025,2,1,2025-02,401,687,4403.3,3025067
2025,2,1,2025-02,402,969,6352.53,6155602
2025,2,1,2025-02,403,885,6746.94,5971042
2025,2,1,2025-02,404,827,5027.4,4157660
2025,2,1,2025-02,405,1041,4169.6,4340554
2025,2,1,2025-02,406,1639,4388.35,7192506
2025,2,1,2025-02,407,926,7511.12,6955297
2025,2,1,2025-02,408,1691,5169.13,8740999
2025,2,1,2025-02,409,1730,6759.74,11694350
2025,2,1,2025-02,410,1913,6251.41,11958947
2025,2,1,2025-02,411,1333,5365.82,7152638
2025,2,1,2025-02,412,1357,4772.78,6476662
2025,2,1,2025-02,413,1153,4469.73,5153599
2025,2,1,2025-02,414,700,6232.91,4363037
2025,2,1,2025-02,415,1077,6791.37,7314305
2025,2,1,2025-02,416,1650,6369.96,10510434
2025,2,1,2025-02,417,1646,5927.05,9755924
2025,2,1,2025-02,418,873,4183.77,3652431
2025,2,1,2025-02,419,993,7500.13,7447629
2025,2,1,2025-02,420,1068,6821.98,7285875
2025,2,1,2025-02,421,1851,5025.42,9302052
2025,2,1,2025-02,422,757,7512.42,5686902
2025,2,1,2025-02,423,1165,6206.15,7230165
2025,2,1,2025-02,424,1382,6111.17,8445637
2025,2,1,2025-02,425,1583,6685.14,10582577
2025,2,1,2025-02,426,1539,6931.58,10667702
2025,2,1,2025-02,427,1019,6425.04,6547116
2025,2,1,2025-02,428,1083,4444.34,4813220
2025,2,1,2025-02,429,1409,5246.4,7392178
2025,2,1,2025-02,430,792,7287.45,5771660
2025,2,1,2025-02,431,1597,4797.96,7662342
2025,2,1,2025-02,432,1524,5365.83,8177525
2025,2,1,2025-02,433,651,5612.33,3653627
2025,2,1,2025-02,434,1612,5610.61,9044303
2025,2,1,2025-02,435,1687,6247.27,10539144
2025,2,1,2025-02,436,1198,7402.44,8868123
2025,2,1,2025-02,437,1404,4957.16,6959853
2025,2,1,2025-02,438,1624,4498.61,7305743
2025,2,1,2025-02,439,1250,4736.18,5920225
2025,2,1,2025-02,440,1865,7235.62,13494431
2025,2,1,2025-02,441,753,6337.37,4772040
2025,2,1,2025-02,442,1263,5081.93,6418478
2025,2,1,2025-02,443,1356,6982.7,9468541
2025,2,1,2025-02,444,1399,7171.75,10033278
2025,2,1,2025-02,445,1060,7128.33,7556030
2025,2,1,2025-02,446,831,7393.27,6143807
2025,2,1,2025-02,447,965,4980.84,4806511
2025,2,1,2025-02,448,1249,6719.77,8392993
2025,2,1,2025-02,449,1626,5692.18,9255485
2025,2,1,2025-02,450,1033,7003.32,7234430
2025,2,1,2025-02,451,846,6609.14,5591332
2025,2,1,2025-02,452,1223,6807.12,8325108
2025,2,1,2025-02,453,1428,6401.07,9140728
2025,2,1,2025-02,454,1885,4639.77,8745966
2025,2,1,2025-02,455,1357,5995.53,8135934
2025,2,1,2025-02,456,1821,7473.22,13608734
2025,2,1,2025-02,457,556,7358.42,4091282
2025,2,1,2025-02,458,1440,4228.3,6088752
2025,2,1,2025-02,459,1311,4619.72,6056453
2025,2,1,2025-02,460,1658,4569.26,7575833
2025,2,1,2025-02,461,1542,6650.71,10255395
2025,2,1,2025-02,462,1457,6863.14,9999595
2025,2,1,2025-02,463,1130,4812.45,5438068
2025,2,1,2025-02,464,853,5837.93,4979754
2025,2,1,2025-02,465,1337,7085.11,9472792
2025,2,1,2025-02,466,1522,6585.67,10023390
2025,2,1,2025-02,467,1651,6010.51,9923352
2025,2,1,2025-02,468,1240,6203.73,7692625
2025,2,1,2025-02,469,1235,5913.24,7302851
2025,2,1,2025-02,470,1842,5091.19,9377972
2025,2,1,2025-02,471,1418,6088.75,8633848
2025,2,1,2025-02,472,1777,6505.7,11560629
2025,2,1,2025-02,473,1520,7228.1,10986712
2025,2,1,2025-02,474,1252,6340.39,7938168
2025,2,1,2025-02,475,1853,6754.06,12515273
2025,2,1,2025-02,476,1191,4619.09,5501336
2025,2,1,2025-02,477,1278,5633.13,7199140
2025,2,1,2025-02,478,1499,4048.03,6067997
2025,2,1,2025-02,479,593,4914.15,2914091
2025,2,1,2025-02,480,1659,6655.57,11041591
2025,2,1,2025-02,481,852,7500.68,6390579
2025,2,1,2025-02,482,1893,4410.26,8348622
2025,2,1,2025-02,483,1472,5433.77,7998509
2025,2,1,2025-02,484,1579,6821.92,10771812
2025,2,1,2025-02,485,1287,4722.15,6077407
2025,2,1,2025-02,486,1925,6017.67,11584015
2025,2,1,2025-02,487,1667,6663.67,11108338
2025,2,1,2025-02,488,1671,6247.44,10439472
2025,2,1,2025-02,489,1491,4696.37,7002288
2025,2,1,2025-02,490,1511,5288.53,7990969
2025,2,1,2025-02,491,635,6832.85,4338860
2025,2,1,2025-02,492,1505,5934.54,8931483
2025,2,1,2025-02,493,1500,4063.8,6095700
2025,2,1,2025-02,494,880,6763.39,5951783
2025,2,1,2025-02,495,1603,4111.27,6590366
2025,2,1,2025-02,496,1496,6735.33,10076054
2025,2,1,2025-02,497,700,4701.73,3291211
2025,2,1,2025-02,498,891,7469.19,6655048
2025,2,1,2025-02,499,1055,5302.53,5594169
2025,2,1,2025-02,500,991,5235.58,5188460
2025,2,1,2025-02,501,980,4568.22,4476856
2025,2,1,2025-02,502,1672,5109.96,8543853
2025,2,1,2025-02,503,1771,7196.95,12745798
2025,2,1,2025-02,504,1010,7515.97,7591130
2025,2,1,2025-02,505,555,5381.45,2986705
2025,2,1,2025-02,506,1018,5659.73,5761605
2025,2,1,2025-02,507,1506,6607.56,9950985
2025,2,1,2025-02,508,1486,7205.14,10706838
2025,2,1,2025-02,509,1671,6073.25,10148401
2025,2,1,2025-02,510,1733,5425.24,9401941
2025,2,1,2025-02,511,1244,5500.06,6842075
2025,2,1,2025-02,512,953,6586.97,6277382
2025,2,1,2025-02,513,1374,4016.77,5519042
2025,2,1,2025-02,514,1506,6157.96,9273888
2025,2,1,2025-02,515,1906,5310.24,10121317
2025,2,1,2025-02,516,1157,6860.04,7937066
2025,2,1,2025-02,517,1469,4348.71,6388255
2025,2,1,2025-02,518,1205,6065.63,7309084
2025,2,1,2025-02,519,804,5707.87,4589127
2025,2,1,2025-02,520,490,6298.38,3086206
2025,2,1,2025-02,521,1219,4264.1,5197938
2025,2,1,2025-02,522,1392,6014.64,8372379
2025,2,1,2025-02,523,899,6095.75,5480079
2025,2,1,2025-02,524,2125,6100.52,12963605
2025,2,1,2025-02,525,1441,6135.7,8841544
2025,2,1,2025-02,526,1174,6382.68,7493266
2025,2,1,2025-02,527,960,6855.67,6581443
2025,2,1,2025-02,528,1445,5027.05,7264087
2025,2,1,2025-02,529,1302,6964.91,9068313
2025,2,1,2025-02,530,2080,5804.9,12074192
2025,2,1,2025-02,531,1863,4390.72,8179911
2025,2,1,2025-02,532,2054,4257.81,8745542
2025,2,1,2025-02,533,1607,5274.36,8475897
2025,2,1,2025-02,534,1558,6868.02,10700375
2025,2,1,2025-02,535,856,6568.64,5622756
2025,2,1,2025-02,536,1118,6788.63,7589688
2025,2,1,2025-02,537,603,5879.15,3545127
2025,2,1,2025-02,538,1786,5578.39,9963005
2025,2,1,2025-02,539,1673,4579.4,7661336
2025,2,1,2025-02,540,1070,5249.67,5617147
2025,2,1,2025-02,541,1310,5532.64,7247758
2025,2,1,2025-02,542,672,4352.31,2924752
2025,2,1,2025-02,543,1332,4870.5,6487506
2025,2,1,2025-02,544,1316,6239.96,8211787
2025,2,1,2025-02,545,802,6583.9,5280288
2025,2,1,2025-02,546,1136,7577.23,8607733
2025,2,1,2025-02,547,1355,7369.9,9986214
2025,2,1,2025-02,548,1197,6323.46,7569182
2025,2,1,2025-02,549,1289,5507.97,7099773
2025,2,1,2025-02,550,1022,6222.61,6359507
2025,2,1,2025-02,551,574,6825.42,3917791
2025,2,1,2025-02,552,1142,4400.7,5025599
2025,2,1,2025-02,553,1708,5489.15,9375468
2025,2,1,2025-02,554,1551,7065.8,10959056
2025,2,1,2025-02,555,1712,5451.9,9333653
2025,2,1,2025-02,556,815,6094.05,4966651
2025,2,1,2025-02,557,1548,6220.78,9629767
2025,2,1,2025-02,558,1930,4771.65,9209284
2025,2,1,2025-02,559,1324,5278.14,6988257
2025,2,1,2025-02,560,1770,5230.67,9258286
2025,2,1,2025-02,561,1480,4193.19,6205921
2025,2,1,2025-02,562,1237,4161.75,5148085
2025,2,1,2025-02,563,1070,7050.72,7544270
2025,2,1,2025-02,564,1664,5015.88,8346424
2025,2,1,2025-02,565,885,5769.09,5105645
2025,2,1,2025-02,566,1334,5156.61,6878918
2025,2,1,2025-02,567,1169,7401.77,8652669
2025,2,1,2025-02,568,1281,4923.64,6307183
2025,2,1,2025-02,569,1566,5552.51,8695231
2025,2,1,2025-02,570,1499,7158.68,10730861
2025,2,1,2025-02,571,1599,6970.06,11145126
2025,2,1,2025-02,572,684,4773.24,3264896
2025,2,1,2025-02,573,1205,6878.19,8288219
2025,2,1,2025-02,574,1827,5622.53,10272362
2025,2,1,2025-02,575,909,5837.45,5306242
2025,2,1,2025-02,576,1793,4459.34,7995597
2025,2,1,2025-02,577,630,4295.5,2706165
2025,2,1,2025-02,578,667,6633.72,4424691
2025,2,1,2025-02,579,1282,5805.1,7442138
2025,2,1,2025-02,580,1374,5586.02,7675191
2025,2,1,2025-02,581,1715,6643.2,11393088
2025,2,1,2025-02,582,861,6747.83,5809882
2025,2,1,2025-02,583,1100,4565.07,5021577
2025,2,1,2025-02,584,1285,6321.08,8122588
2025,2,1,2025-02,585,1639,4609.09,7554299
2025,2,1,2025-02,586,852,6689.16,5699164
2025,2,1,2025-02,587,916,6338.41,5805984
2025,2,1,2025-02,588,1638,7467.61,12231945
2025,2,1,2025-02,589,947,4292.72,4065206
2025,2,1,2025-02,590,866,4124.82,3572094
2025,2,1,2025-02,591,1070,5013.65,5364606
2025,2,1,2025-02,592,1932,4868.59,9406116
2025,2,1,2025-02,593,820,4888.27,4008381
2025,2,1,2025-02,594,867,7291.62,6321835
2025,2,1,2025-02,595,1062,4939.41,5245653
2025,2,1,2025-02,596,1199,4914.03,5891922
2025,2,1,2025-02,597,1099,6724.23,7389929
2025,2,1,2025-02,598,2044,5654.97,11558759
2025,2,1,2025-02,599,1431,6847.85,9799273
2025,2,1,2025-02,600,1871,4273.64,7995980
2025,2,1,2025-02,601,389,5786.91,2251108
2025,2,1,2025-02,602,1191,4131.24,4920307
2025,2,1,2025-02,603,1640,4233.68,6943235
2025,2,1,2025-02,604,1435,7238.35,10387032
2025,2,1,2025-02,605,945,4533.99,4284621
2025,2,1,2025-02,606,1501,5859.35,8794884
2025,2,1,2025-02,607,1308,5443.5,7120098
2025,2,1,2025-02,608,1336,5292.28,7070486
2025,2,1,2025-02,609,2173,7232.45,15716114
2025,2,1,2025-02,610,1665,4071.34,6778781
2025,2,1,2025-02,611,1626,6401.2,10408351
2025,2,1,2025-02,612,1268,7433.08,9425145
2025,2,1,2025-02,613,1462,6046.03,8839296
2025,2,1,2025-02,614,612,7375.96,4514088
2025,2,1,2025-02,615,1331,4214.54,5609553
2025,2,1,2025-02,616,1842,5477.27,10089131
2025,2,1,2025-02,617,1466,4926.2,7221809
2025,2,1,2025-02,618,714,6604.96,4715941
2025,2,1,2025-02,619,1533,7475.41,11459804
2025,2,1,2025-02,620,1204,4953.13,5963569
2025,2,1,2025-02,621,1812,6375.71,11552787
2025,2,1,2025-02,622,1559,4791.27,7469590
2025,2,1,2025-02,623,1584,6042.93,9572001
2025,2,1,2025-02,624,1001,5689.7,5695390
2025,2,1,2025-02,625,670,7458.97,4997510
2025,2,1,2025-02,626,1248,6191.14,7726543
2025,2,1,2025-02,627,1225,5298.43,6490577
2025,2,1,2025-02,628,1227,4439.72,5447536
2025,2,1,2025-02,629,1388,4675.2,6489178
2025,2,1,2025-02,630,1708,4799.98,8198366
2025,2,1,2025-02,631,1295,4854.62,6286733
2025,2,1,2025-02,632,1142,7025.29,8022881
2025,2,1,2025-02,633,1362,6103.87,8313471
2025,2,1,2025-02,634,1777,5963.47,10597086
2025,2,1,2025-02,635,1798,4432,7968736
2025,2,1,2025-02,636,1458,7100.16,10352033
2025,2,1,2025-02,637,1552,6656.38,10330702
2025,2,1,2025-02,638,789,4332.33,3418208
2025,2,1,2025-02,639,1789,6454.84,11547709
2025,2,1,2025-02,640,1409,5985.53,8433612
2025,2,1,2025-02,641,1293,4396.22,5684312
2025,2,1,2025-02,642,946,5687.49,5380366
2025,2,1,2025-02,643,1539,5677.6,8737826
2025,2,1,2025-02,644,623,4726,2944298
2025,2,1,2025-02,645,1689,7432.62,12553695
2025,2,1,2025-02,646,2145,6995.76,15005905
2025,2,1,2025-02,647,815,6392.73,5210075
2025,2,1,2025-02,648,1847,5715.53,10556584
2025,2,1,2025-02,649,1736,5484.59,9521248
2025,2,1,2025-02,650,1052,6414.82,6748391
2025,2,1,2025-02,651,1312,6017.94,7895537
2025,2,1,2025-02,652,1917,4280.98,8206639
2025,2,1,2025-02,653,813,5822.78,4733920
2025,2,1,2025-02,654,1686,6921.15,11669059
2025,2,1,2025-02,655,1498,5768.07,8640569
2025,2,1,2025-02,656,1689,4253.01,7183334
2025,2,1,2025-02,657,1783,6867.78,12245252
2025,2,1,2025-02,658,1682,4692.58,7892920
2025,2,1,2025-02,659,1092,4941.16,5395747
2025,2,1,2025-02,660,1225,4626.06,5666924
2025,2,1,2025-02,661,1814,5216.37,9462495
2025,2,1,2025-02,662,557,6775.11,3773736
2025,2,1,2025-02,663,623,5834.58,3634943
2025,2,1,2025-02,664,1323,4778.81,6322366
2025,2,1,2025-02,665,549,7166.12,3934200
2025,2,1,2025-02,666,1615,7228.66,11674286
2025,2,1,2025-02,667,1909,7145.54,13640836
2025,2,1,2025-02,668,690,4863.23,3355629
2025,2,1,2025-02,669,1342,5548.29,7445805
2025,2,1,2025-02,670,1385,7534.36,10435089
2025,2,1,2025-02,671,1416,6785.3,9607985
2025,2,1,2025-02,672,1720,4130.12,7103806
2025,2,1,2025-02,673,953,4328.03,4124613
2025,2,1,2025-02,674,1239,5718.99,7085829
2025,2,1,2025-02,675,1236,7248.48,8959121
2025,2,1,2025-02,676,1309,5928.48,7760380
2025,2,1,2025-02,677,1803,5816.53,10487204
2025,2,1,2025-02,678,1623,4364.7,7083908
2025,2,1,2025-02,679,898,6363.65,5714558
2025,2,1,2025-02,680,928,6961.24,6460031
2025,2,1,2025-02,681,818,5358.04,4382877
2025,2,1,2025-02,682,984,6785.75,6677178
2025,2,1,2025-02,683,1926,7429.77,14309737
2025,2,1,2025-02,684,1813,4877.03,8842055
2025,2,1,2025-02,685,1785,5975.25,10665821
2025,2,1,2025-02,686,1330,5045.79,6710901
2025,2,1,2025-02,687,1582,6812.03,10776631
2025,2,1,2025-02,688,1400,5958.46,8341844
2025,2,1,2025-02,689,1665,6230.29,10373433
2025,2,1,2025-02,690,671,6918.39,4642240
2025,2,1,2025-02,691,741,5440.11,4031122
2025,2,1,2025-02,692,841,7304.15,6142790
2025,2,1,2025-02,693,1251,5959.07,7454797
2025,2,1,2025-02,694,732,4579.99,3352553
2025,2,1,2025-02,695,1514,6563.95,9937820
2025,2,1,2025-02,696,1672,6881.76,11506303
2025,2,1,2025-02,697,604,5155.91,3114170
2025,2,1,2025-02,698,1475,7081.96,10445891
2025,2,1,2025-02,699,1718,7310.62,12559645
2025,2,1,2025-02,700,764,5058.88,3864984
2025,2,1,2025-02,701,1409,7469.15,10524032
2025,2,1,2025-02,702,1787,4594.69,8210711
2025,2,1,2025-02,703,1725,4769.76,8227836
2025,2,1,2025-02,704,2131,4674.17,9960656
2025,2,1,2025-02,705,1744,7177.11,12516880
2025,2,1,2025-02,706,653,6354.13,4149247
2025,2,1,2025-02,707,1843,4578.08,8437401
2025,2,1,2025-02,708,1474,5562.67,8199376
2025,2,1,2025-02,709,1344,6240.3,8386963
2025,2,1,2025-02,710,1745,4281.54,7471287
2025,2,1,2025-02,711,2026,7066.28,14316283
2025,2,1,2025-02,712,1893,6898.67,13059182
2025,2,1,2025-02,713,1309,5858.65,7668973
2025,2,1,2025-02,714,1112,7516.82,8358704
2025,2,1,2025-02,715,1500,5576.83,8365245
2025,2,1,2025-02,716,1671,7464.15,12472595
2025,2,1,2025-02,717,1789,6423.33,11491337
2025,2,1,2025-02,718,1181,6335.64,7482391
2025,2,1,2025-02,719,1524,4630.82,7057370
2025,2,1,2025-02,720,1451,7171.44,10405759
2025,2,1,2025-02,721,987,5580.17,5507628
2025,2,1,2025-02,722,1650,4664.96,7697184
2025,2,1,2025-02,723,1842,4083.62,7522028
2025,2,1,2025-02,724,1283,6041.28,7750962
2025,2,1,2025-02,725,873,5882.39,5135326
2025,2,1,2025-02,726,1546,6559.92,10141636
2025,2,1,2025-02,727,1818,7135.5,12972339
2025,2,1,2025-02,728,1862,4237.89,7890951
2025,2,1,2025-02,729,1234,6664.23,8223660
2025,2,1,2025-02,730,611,4697.91,2870423
2025,2,1,2025-02,731,1377,7083,9753291
2025,2,1,2025-02,732,2001,6982.88,13972743
2025,2,1,2025-02,733,1725,6044.14,10426142
2025,2,1,2025-02,734,1017,6568.06,6679717
2025,2,1,2025-02,735,1126,5101.82,5744649
2025,2,1,2025-02,736,1292,5716.4,7385589
2025,2,1,2025-02,737,516,6998.6,3611278
2025,2,1,2025-02,738,1344,5592.7,7516589
2025,2,1,2025-02,739,805,5363.8,4317859
2025,2,1,2025-02,740,1456,5754.16,8378057
2025,2,1,2025-02,741,1601,7047.23,11282615
2025,2,1,2025-02,742,1838,5223.83,9601400
2025,2,1,2025-02,743,1491,4613.48,6878699
2025,2,1,2025-02,744,907,6595.26,5981901
2025,2,1,2025-02,745,1228,6944.2,8527478
2025,2,1,2025-02,746,1371,4290.43,5882180
2025,2,1,2025-02,747,1425,4878.65,6952076
2025,2,1,2025-02,748,1123,4617.16,5185071
2025,2,1,2025-02,749,1730,5239.97,9065148
2025,2,1,2025-02,750,722,5562.1,4015836
2025,2,1,2025-02,751,1364,6652.8,9074419
2025,2,1,2025-02,752,990,6327.07,6263799
2025,2,1,2025-02,753,1258,6314.01,7943025
2025,2,1,2025-02,754,1007,5212.28,5248766
2025,2,1,2025-02,755,494,7015.91,3465860
2025,2,1,2025-02,756,1325,5654.35,7492014
2025,2,1,2025-02,757,1248,7540.5,9410544
2025,2,1,2025-02,758,1824,6340.92,11565838
2025,2,1,2025-02,759,1708,4505.76,7695838
2025,2,1,2025-02,760,1429,6450.15,9217264
2025,2,1,2025-02,761,1506,5141.44,7743009
2025,2,1,2025-02,762,1632,6459.05,10541170
2025,2,1,2025-02,763,1466,4287.73,6285812
2025,2,1,2025-02,764,885,4722.62,4179519
2025,2,1,2025-02,765,1572,7025.69,11044385
2025,2,1,2025-02,766,654,4812.06,3147087
2025,2,1,2025-02,767,967,7025.99,6794132
2025,2,1,2025-02,768,1522,5088.51,7744712
2025,2,1,2025-02,769,854,6293.82,5374922
2025,2,1,2025-02,770,1561,6606.41,10312606
2025,2,1,2025-02,771,1719,5832.21,10025569
2025,2,1,2025-02,772,624,5073.03,3165571
2025,2,1,2025-02,773,1602,4777.86,7654132
2025,2,1,2025-02,774,1471,4117.83,6057328
2025,2,1,2025-02,775,1407,5125.62,7211747
2025,2,1,2025-02,776,1085,6397.82,6941635
2025,2,1,2025-02,777,1763,7408.61,13061379
2025,2,1,2025-02,778,656,7171.07,4704222
2025,2,1,2025-02,779,1687,6745.82,11380198
2025,2,1,2025-02,780,1126,6845.84,7708416
2025,2,1,2025-02,781,938,6333.25,5940588
2025,2,1,2025-02,782,998,4916.95,4907116
2025,2,1,2025-02,783,1337,7308.18,9771037
2025,2,1,2025-02,784,994,6413.95,6375466
2025,2,1,2025-02,785,1037,6028.57,6251627
2025,2,1,2025-02,786,1131,4449.27,5032124
2025,2,1,2025-02,787,1418,5531.5,7843667
2025,2,1,2025-02,788,1850,5688.78,10524243
2025,2,1,2025-02,789,1482,7091.98,10510314
2025,2,1,2025-02,790,1271,6017.54,7648293
2025,2,1,2025-02,791,1145,5385.84,6166787
2025,2,1,2025-02,792,1246,7467.84,9304929
2025,2,1,2025-02,793,1734,4420.24,7664696
2025,2,1,2025-02,794,804,5485.43,4410286
2025,2,1,2025-02,795,1519,4246.48,6450403
2025,2,1,2025-02,796,1602,6685.81,10710668
2025,2,1,2025-02,797,1693,7351.83,12446648
2025,2,1,2025-02,798,790,5073.38,4007970
2025,2,1,2025-02,799,454,7055.71,3203292
2025,2,1,2025-02,800,669,5084.66,3401638
2025,2,1,2025-02,801,1281,7293.09,9342448
2025,2,1,2025-02,802,931,6750.47,6284688
2025,2,1,2025-02,803,1939,6931.65,13440469
2025,2,1,2025-02,804,908,4081.54,3706038
2025,2,1,2025-02,805,1398,7489.68,10470573
2025,2,1,2025-02,806,1026,6637.76,6810342
2025,2,1,2025-02,807,728,5081.87,3699601
2025,2,1,2025-02,808,1746,6959.89,12151968
2025,2,1,2025-02,809,888,5066.74,4499265
2025,2,1,2025-02,810,1673,7137.7,11941372
2025,2,1,2025-02,811,683,4434.34,3028654
2025,2,1,2025-02,812,721,6509.39,4693270
2025,2,1,2025-02,813,1291,6008.21,7756599
2025,2,1,2025-02,814,993,4441.15,4410062
2025,2,1,2025-02,815,810,4870.93,3945453
2025,2,1,2025-02,816,1325,4118.87,5457503
2025,2,1,2025-02,817,1503,5733.78,8617871
2025,2,1,2025-02,818,789,5085.96,4012822
2025,2,1,2025-02,819,1571,6141.53,9648344
2025,2,1,2025-02,820,592,5126.52,3034900
2025,2,1,2025-02,821,1061,5027.09,5333742
2025,2,1,2025-02,822,1439,6585.09,9475945
2025,2,1,2025-02,823,1120,4265.8,4777696
2025,2,1,2025-02,824,879,7250.98,6373611
2025,2,1,2025-02,825,1103,7088.21,7818296
2025,2,1,2025-02,826,1323,6523.5,8630590
2025,2,1,2025-02,827,1900,6157.71,11699649
2025,2,1,2025-02,828,1226,7230.72,8864863
2025,2,1,2025-02,829,1765,4687.69,8273773
2025,2,1,2025-02,830,1582,4299.11,6801192
2025,2,1,2025-02,831,1392,4837.21,6733396
2025,2,1,2025-02,832,927,6890.13,6387151
2025,2,1,2025-02,833,776,4166.77,3233414
2025,2,1,2025-02,834,1068,6067.89,6480507
2025,2,1,2025-02,835,760,7621.68,5792477
2025,2,1,2025-02,836,1976,7058.03,13946667
2025,2,1,2025-02,837,1242,5897.33,7324484
2025,2,1,2025-02,838,1286,4290.15,5517133
2025,2,1,2025-02,839,1285,7005.59,9002183
2025,2,1,2025-02,840,2018,6160.46,12431808
2025,2,1,2025-02,841,900,4387.26,3948534
2025,2,1,2025-02,842,1223,4383.11,5360544
2025,2,1,2025-02,843,2089,7317.95,15287198
2025,2,1,2025-02,844,1495,6366.99,9518650
2025,2,1,2025-02,845,1213,6927.7,8403300
2025,2,1,2025-02,846,836,7230.78,6044932
2025,2,1,2025-02,847,1646,6027.42,9921133
2025,2,1,2025-02,848,974,5853.65,5701455
2025,2,1,2025-02,849,545,5555.52,3027758
2025,2,1,2025-02,850,1449,5202.68,7538683
2025,2,1,2025-02,851,1907,5519.93,10526507
2025,2,1,2025-02,852,1615,6777.65,10945905
2025,2,1,2025-02,853,1153,6126.85,7064258
2025,2,1,2025-02,854,1387,7304.99,10132021
2025,2,1,2025-02,855,1447,5587.71,8085416
2025,2,1,2025-02,856,598,6153.12,3679566
2025,2,1,2025-02,857,827,6250.94,5169527
2025,2,1,2025-02,858,1320,6133.88,8096722
2025,2,1,2025-02,859,1297,6543.6,8487049
2025,2,1,2025-02,860,827,4914.43,4064234
2025,2,1,2025-02,861,692,5824.25,4030381
2025,2,1,2025-02,862,1861,4374.56,8141056
2025,2,1,2025-02,863,1812,5312.38,9626033
2025,2,1,2025-02,864,1292,5723.61,7394904
2025,2,1,2025-02,865,1560,6329.69,9874316
2025,2,1,2025-02,866,707,7487.57,5293712
2025,2,1,2025-02,867,933,6177.37,5763486
2025,2,1,2025-02,868,609,6666.67,4060002
2025,2,1,2025-02,869,1876,5907.47,11082414
2025,2,1,2025-02,870,581,6281.02,3649273
2025,2,1,2025-02,871,779,4252.56,3312744
2025,2,1,2025-02,872,882,4906.26,4327321
2025,2,1,2025-02,873,870,5274.88,4589146
2025,2,1,2025-02,874,1373,5682.19,7801647
2025,2,1,2025-02,875,1466,4202.73,6161202
2025,2,1,2025-02,876,1333,4527.22,6034784
2025,2,1,2025-02,877,843,5069.56,4273639
2025,2,1,2025-02,878,2019,7507.94,15158531
2025,2,1,2025-02,879,1448,5260.71,7617508
2025,2,1,2025-02,880,867,5814.49,5041163
2025,2,1,2025-02,881,1367,4769.84,6520371
2025,2,1,2025-02,882,869,6171.54,5363068
2025,2,1,2025-02,883,1415,5028.11,7114776
2025,2,1,2025-02,884,1594,4825.12,7691241
2025,2,1,2025-02,885,937,5941.33,5567026
2025,2,1,2025-02,886,429,4067.08,1744777
2025,2,1,2025-02,887,985,4156.85,4094497
2025,2,1,2025-02,888,672,4798.16,3224364
2025,2,1,2025-02,889,1053,4187.02,4408932
2025,2,1,2025-02,890,1553,4359.97,6771033
2025,2,1,2025-02,891,1890,5250.66,9923747
2025,2,1,2025-02,892,1350,6925.74,9349749
2025,2,1,2025-02,893,1759,6132.83,10787648
2025,2,1,2025-02,894,1004,5738.45,5761404
2025,2,1,2025-02,895,1203,5016.8,6035210
2025,2,1,2025-02,896,1214,7330.43,8899142
2025,2,1,2025-02,897,1535,5347.2,8207952
2025,2,1,2025-02,898,1490,4356.81,6491647
2025,2,1,2025-02,899,1283,6310.6,8096500
2025,2,1,2025-02,900,667,4429.01,2954150
2025,2,1,2025-02,901,1040,5304.49,5516670
2025,2,1,2025-02,902,914,5843.27,5340749
2025,2,1,2025-02,903,1549,7109.24,11012213
2025,2,1,2025-02,904,1054,5740.61,6050603
2025,2,1,2025-02,905,1687,6566.22,11077213
2025,2,1,2025-02,906,1457,7598.81,11071466
2025,2,1,2025-02,907,1388,4508.29,6257507
2025,2,1,2025-02,908,807,5024.87,4055070
2025,2,1,2025-02,909,517,5524.95,2856399
2025,2,1,2025-02,910,1551,5607.7,8697543
2025,2,1,2025-02,911,458,5441.59,2492248
2025,2,1,2025-02,912,952,7195.54,6850154
2025,2,1,2025-02,913,1483,6608.16,9799901
2025,2,1,2025-02,914,824,6129.3,5050543
2025,2,1,2025-02,915,556,5156.58,2867058
2025,2,1,2025-02,916,1484,7014.35,10409295
2025,2,1,2025-02,917,544,7401.35,4026334
2025,2,1,2025-02,918,908,6956.17,6316202
2025,2,1,2025-02,919,1286,4072.38,5237081
2025,2,1,2025-02,920,1568,6280.06,9847134
2025,2,1,2025-02,921,1640,4261.11,6988220
2025,2,1,2025-02,922,373,4943.01,1843743
2025,2,1,2025-02,923,1209,4269.78,5162164
2025,2,1,2025-02,924,1690,6117.01,10337747
2025,2,1,2025-02,925,1267,6482.42,8213226
2025,2,1,2025-02,926,1031,4468.44,4606962
2025,2,1,2025-02,927,1051,5373.61,5647664
2025,2,1,2025-02,928,584,5628.82,3287231
2025,2,1,2025-02,929,1203,5396.22,6491653
2025,2,1,2025-02,930,922,4499.56,4148594
2025,2,1,2025-02,931,1063,5534.74,5883429
2025,2,1,2025-02,932,463,6735.04,3118324
2025,2,1,2025-02,933,720,4216.95,3036204
2025,2,1,2025-02,934,1741,4325.99,7531549
2025,2,1,2025-02,935,1781,5260.5,9368950
2025,2,1,2025-02,936,815,7385.16,6018905
2025,2,1,2025-02,937,1083,6347.83,6874700
2025,2,1,2025-02,938,1152,6477.64,7462241
2025,2,1,2025-02,939,1390,5275.51,7332959
2025,2,1,2025-02,940,1720,6266.85,10778982
2025,2,1,2025-02,941,1267,4070.4,5157197
2025,2,1,2025-02,942,1479,6277.55,9284496
2025,2,1,2025-02,943,1474,7277.78,10727448
2025,2,1,2025-02,944,1397,6139.05,8576253
2025,2,1,2025-02,945,1232,7139.53,8795901
2025,2,1,2025-02,946,935,6652.97,6220527
2025,2,1,2025-02,947,1834,4487.65,8230350
2025,2,1,2025-02,948,1331,7224.11,9615290
2025,2,1,2025-02,949,1378,4337.49,5977061
2025,2,1,2025-02,950,1663,5909.3,9827166
2025,2,1,2025-02,951,1612,4525.31,7294800
2025,2,1,2025-02,952,991,4039.65,4003293
2025,2,1,2025-02,953,640,5478.39,3506170
2025,2,1,2025-02,954,1374,5130.15,7048826
2025,2,1,2025-02,955,1503,5733.69,8617736
2025,2,1,2025-02,956,1984,6098.49,12099404
2025,2,1,2025-02,957,1636,4168.68,6819960
2025,2,1,2025-02,958,570,4527.57,2580715
2025,2,1,2025-02,959,1754,6067.14,10641764
2025,2,1,2025-02,960,732,5191.84,3800427
2025,2,1,2025-02,961,1240,6643.13,8237481
2025,2,1,2025-02,962,1057,6359.01,6721474
2025,2,1,2025-02,963,671,7087.24,4755538
2025,2,1,2025-02,964,1705,6511.53,11102159
2025,2,1,2025-02,965,690,5614.18,3873784
2025,2,1,2025-02,966,1856,6466.08,12001044
2025,2,1,2025-02,967,621,5039.09,3129275
2025,2,1,2025-02,968,702,5168.38,3628203
2025,2,1,2025-02,969,899,6824.08,6134848
2025,2,1,2025-02,970,1699,5611.25,9533514
2025,2,1,2025-02,971,502,6943.3,3485537
2025,2,1,2025-02,972,685,7010.98,4802521
2025,2,1,2025-02,973,813,7122.84,5790869
2025,2,1,2025-02,974,1858,7319.15,13598981
2025,2,1,2025-02,975,610,5492.49,3350419
2025,2,1,2025-02,976,1151,5192.45,5976510
2025,2,1,2025-02,977,1777,6099.02,10837959
2025,2,1,2025-02,978,1324,5407.96,7160139
2025,2,1,2025-02,979,1093,6160.84,6733798
2025,2,1,2025-02,980,987,6419.8,6336343
2025,2,1,2025-02,981,1042,6510.05,6783472
2025,2,1,2025-02,982,951,5357.35,5094840
2025,2,1,2025-02,983,1660,4622.53,7673400
2025,2,1,2025-02,984,1715,5569.52,9551727
2025,2,1,2025-02,985,1913,4604.54,8808485
2025,2,1,2025-02,986,954,7302.66,6966738
2025,2,1,2025-02,987,1443,5270.11,7604769
2025,2,1,2025-02,988,1920,4546.66,8729587
2025,2,1,2025-02,989,1654,4020.94,6650635
2025,2,1,2025-02,990,1841,6418.23,11815961
2025,2,1,2025-02,991,1191,6402.17,7624984
2025,2,1,2025-02,992,1071,5188.74,5557141
2025,2,1,2025-02,993,1517,4304.31,6529638
2025,2,1,2025-02,994,984,5498.63,5410652
2025,2,1,2025-02,995,1696,5068.73,8596566
2025,2,1,2025-02,996,1210,6460.54,7817253
2025,2,1,2025-02,997,1803,6220.35,11215291
2025,2,1,2025-02,998,1052,5321.44,5598155
2025,2,1,2025-02,999,1423,4820.19,6859130
2025,2,1,2025-02,1000,1390,7573.88,10527693
2025,2,1,2025-02,1001,1070,5650.89,6046452
2025,2,1,2025-02,1002,1517,6472.08,9818145
2025,2,1,2025-02,1003,1062,4523.54,4803999
2025,2,1,2025-02,1004,1206,5792.17,6985357
2025,2,1,2025-02,1005,1448,4159.36,6022753
2025,2,1,2025-02,1006,707,5879.53,4156828
2025,2,1,2025-02,1007,1123,7478.76,8398647
2025,2,1,2025-02,1008,1518,5440.44,8258588
2025,2,1,2025-02,1009,1777,4242.75,7539367
2025,2,1,2025-02,1010,375,4086.8,1532550
2025,2,1,2025-02,1011,1832,5433.86,9954832
2025,2,1,2025-02,1012,1066,4621.72,4926754
2025,2,1,2025-02,1013,741,4084.33,3026489
2025,2,1,2025-02,1014,578,6760.62,3907638
2025,2,1,2025-02,1015,1424,5660.62,8060723
2025,2,1,2025-02,1016,740,5057.85,3742809
2025,2,1,2025-02,1017,1246,7160.71,8922245
2025,2,1,2025-02,1018,1036,4451.37,4611619
2025,2,1,2025-02,1019,1415,7442.77,10531520
2025,2,1,2025-02,1020,909,5201.14,4727836
2025,2,1,2025-02,1021,1744,7245.08,12635420
2025,2,1,2025-02,1022,936,6175.7,5780455
2025,2,1,2025-02,1023,1305,7005.51,9142191
2025,2,1,2025-02,1024,1476,7581.92,11190914
2025,2,1,2025-02,1025,1838,5040.24,9263961
2025,2,1,2025-02,1026,1658,7421.87,12305460
2025,2,1,2025-02,1027,2042,5390.81,11008034
2025,2,1,2025-02,1028,821,5417.86,4448063
2025,2,1,2025-02,1029,1732,5225.62,9050774
2025,2,1,2025-02,1030,1057,5939.12,6277650
2025,2,1,2025-02,1031,1783,4533.07,8082464
2025,2,1,2025-02,1032,1667,6066,10112022
2025,2,1,2025-02,1033,1538,5969.27,9180737
2025,2,1,2025-02,1034,1352,6707.26,9068216
2025,2,1,2025-02,1035,765,7063.19,5403340
2025,2,1,2025-02,1036,1009,5637.66,5688399
2025,2,1,2025-02,1037,840,5034.07,4228619
2025,2,1,2025-02,1038,920,4959.39,4562639
2025,2,1,2025-02,1039,1001,4773.35,4778123
2025,2,1,2025-02,1040,638,4183.58,2669124
2025,2,1,2025-02,1041,770,5203.14,4006418
2025,2,1,2025-02,1042,1186,4987.71,5915424
2025,2,1,2025-02,1043,904,7509.02,6788154
2025,2,1,2025-02,1044,829,6074.62,5035860
2025,2,1,2025-02,1045,1280,5267.33,6742182
2025,2,1,2025-02,1046,881,6061.58,5340252
2025,2,1,2025-02,1047,1377,4529.06,6236516
2025,2,1,2025-02,1048,1231,5564.86,6850343
2025,2,1,2025-02,1049,776,6279.72,4873063
2025,2,1,2025-02,1050,966,5744.51,5549197
2025,2,1,2025-02,1051,694,5397.08,3745574
2025,2,1,2025-02,1052,1423,7596.46,10809763
2025,2,1,2025-02,1053,776,7131.61,5534129
2025,2,1,2025-02,1054,1586,6194.98,9825238
2025,2,1,2025-02,1055,837,6077.44,5086817
2025,2,1,2025-02,1056,1963,6183.47,12138152
2025,2,1,2025-02,1057,890,4698.32,4181505
2025,2,1,2025-02,1058,1150,5395.5,6204825
2025,2,1,2025-02,1059,1370,4231.69,5797415
2025,2,1,2025-02,1060,1441,5714.65,8234811
2025,2,1,2025-02,1061,2008,5989.75,12027418
2025,2,1,2025-02,1062,1666,4890.49,8147556
2025,2,1,2025-02,1063,969,7453.83,7222761
2025,2,1,2025-02,1064,744,7274.04,5411886
2025,2,1,2025-02,1065,1009,6632.14,6691829
2025,2,1,2025-02,1066,1194,5938.52,7090593
2025,2,1,2025-02,1067,1829,7122.44,13026943
2025,2,1,2025-02,1068,1560,4511.4,7037784
2025,2,1,2025-02,1069,1240,6832.18,8471903
2025,2,1,2025-02,1070,1069,4451.75,4758921
2025,2,1,2025-02,1071,1688,6844.92,11554225
2025,2,1,2025-02,1072,1692,4996.07,8453350
2025,2,1,2025-02,1073,1775,7192.78,12767184
2025,2,1,2025-02,1074,1650,7319.69,12077488
2025,2,1,2025-02,1075,1257,4598.42,5780214
2025,2,1,2025-02,1076,1792,5786.57,10369533
2025,2,1,2025-02,1077,724,7533.53,5454276
2025,2,1,2025-02,1078,1333,5753.89,7669935
2025,2,1,2025-02,1079,1624,7073.71,11487705
2025,2,1,2025-02,1080,1225,6059.48,7422863
2025,2,1,2025-02,1081,1631,5356.62,8736647
2025,2,1,2025-02,1082,513,5051.68,2591512
2025,2,1,2025-02,1083,1388,4676.7,6491260
2025,2,1,2025-02,1084,1786,6710,11984060
2025,2,1,2025-02,1085,742,5367.02,3982329
2025,2,1,2025-02,1086,1775,5900.7,10473742
2025,2,1,2025-02,1087,1170,5807.96,6795313
2025,2,1,2025-02,1088,796,6079.5,4839282
2025,2,1,2025-02,1089,1217,7127.67,8674374
2025,2,1,2025-02,1090,1704,7515.89,12807077
2025,2,1,2025-02,1091,494,5555.4,2744368
2025,2,1,2025-02,1092,809,6990.97,5655695
2025,2,1,2025-02,1093,674,6749.22,4548974
2025,2,1,2025-02,1094,1832,6039.36,11064108
2025,2,1,2025-02,1095,1033,7477.66,7724423
2025,2,1,2025-02,1096,1262,4621.53,5832371
2025,2,1,2025-02,1097,1060,4365.26,4627176
2025,2,1,2025-02,1098,1639,7145.61,11711655
2025,2,1,2025-02,1099,834,5505.55,4591629
2025,2,1,2025-02,1100,730,7011.74,5118570
2025,2,1,2025-02,1101,1425,7238.98,10315546
2025,2,1,2025-02,1102,1222,4272.36,5220824
2025,2,1,2025-02,1103,735,7164.17,5265665
2025,2,1,2025-02,1104,1695,5604.18,9499085
2025,2,1,2025-02,1105,1702,5805.28,9880587
2025,2,1,2025-02,1106,1090,6278.88,6843979
2025,2,1,2025-02,1107,1265,7304.24,9239864
2025,2,1,2025-02,1108,649,3997.29,2594241
2025,2,1,2025-02,1109,1332,5676.61,7561245
2025,2,1,2025-02,1110,563,6508.26,3664150
2025,2,1,2025-02,1111,1057,6672,7052304
2025,2,1,2025-02,1112,986,6501.13,6410114
2025,2,1,2025-02,1113,1813,4482.93,8127552
2025,2,1,2025-02,1114,967,5116.11,4947278
2025,2,1,2025-02,1115,1982,5302.2,10508960
2025,2,1,2025-02,1116,1733,6927.85,12005964
2025,2,1,2025-02,1117,1932,5108.08,9868811
2025,2,1,2025-02,1118,1106,4756.43,5260612
2025,2,1,2025-02,1119,1557,7548.51,11753030
2025,2,1,2025-02,1120,1351,4023.01,5435087
2025,2,1,2025-02,1121,1073,7499.19,8046631
2025,2,1,2025-02,1122,806,6434.74,5186400
2025,2,1,2025-02,1123,1161,6901.31,8012421
2025,2,1,2025-02,1124,2016,5059.77,10200496
2025,2,1,2025-02,1125,1558,4025.96,6272446
2025,2,1,2025-02,1126,1455,6651.04,9677263
2025,2,1,2025-02,1127,1983,7011.34,13903487
2025,2,1,2025-02,1128,1915,6655.57,12745417
2025,2,1,2025-02,1129,1607,4552.61,7316044
2025,2,1,2025-02,1130,849,6709.6,5696450
2025,2,1,2025-02,1131,1778,6713.13,11935945
2025,2,1,2025-02,1132,728,6347.73,4621147
2025,2,1,2025-02,1133,1147,6712.79,7699570
2025,2,1,2025-02,1134,891,7033.39,6266750
2025,2,1,2025-02,1135,1483,6208.32,9206939
2025,2,1,2025-02,1136,2023,4365.4,8831204
2025,2,1,2025-02,1137,1342,5715.76,7670550
2025,2,1,2025-02,1138,1438,4313.15,6202310
2025,2,1,2025-02,1139,1231,5451.53,6710833
2025,2,1,2025-02,1140,986,5490.59,5413722
2025,2,1,2025-02,1141,631,4262.04,2689347
2025,2,1,2025-02,1142,1497,5317.76,7960687
2025,2,1,2025-02,1143,751,4424.17,3322552
2025,2,1,2025-02,1144,1718,6788.07,11661904
2025,2,1,2025-02,1145,1532,7420.46,11368145
2025,2,1,2025-02,1146,1593,4227.82,6734917
2025,2,1,2025-02,1147,757,7464.83,5650876
2025,2,1,2025-02,1148,771,5873.72,4528638
2025,2,1,2025-02,1149,1403,5099.2,7154178
2025,2,1,2025-02,1150,597,4369.89,2608824
2025,2,1,2025-02,1151,1970,5828.23,11481613
2025,2,1,2025-02,1152,697,6863.99,4784201
2025,2,1,2025-02,1153,1202,6568.12,7894880
2025,2,1,2025-02,1154,1189,4163.28,4950140
2025,2,1,2025-02,1155,1666,4350.75,7248350
2025,2,1,2025-02,1156,1034,5448.1,5633335
2025,2,1,2025-02,1157,1686,5086.58,8575974
2025,2,1,2025-02,1158,605,4852.38,2935690
2025,2,1,2025-02,1159,661,4973.79,3287675
2025,2,1,2025-02,1160,1522,6805.92,10358610
2025,2,1,2025-02,1161,1576,7332.11,11555405
2025,2,1,2025-02,1162,1002,5520.7,5531741
2025,2,1,2025-02,1163,1584,7284.35,11538410
2025,2,1,2025-02,1164,1297,5235.27,6790145
2025,2,1,2025-02,1165,574,5819.84,3340588
2025,2,1,2025-02,1166,1395,4836.24,6746555
2025,2,1,2025-02,1167,818,6291.98,5146840
2025,2,1,2025-02,1168,781,7501.44,5858625
2025,2,1,2025-02,1169,881,6179.92,5444510
2025,2,1,2025-02,1170,878,5328.33,4678274
2025,2,1,2025-02,1171,819,6293.31,5154221
2025,2,1,2025-02,1172,863,4434.69,3827137
2025,2,1,2025-02,1173,1174,7188.16,8438900
2025,2,1,2025-02,1174,1838,5866.55,10782719
2025,2,1,2025-02,1175,1517,5631.29,8542667
2025,2,1,2025-02,1176,1661,6164.22,10238769
2025,2,1,2025-02,1177,1377,6270.42,8634368
2025,2,1,2025-02,1178,1282,4286.74,5495601
2025,2,1,2025-02,1179,1784,6477.19,11555307
2025,2,1,2025-02,1180,1648,4896,8068608
2025,2,1,2025-02,1181,777,6568.2,5103491
2025,2,1,2025-02,1182,1479,7015.63,10376117
2025,2,1,2025-02,1183,2040,6943.36,14164454
2025,2,1,2025-02,1184,1713,5996.94,10272758
2025,2,1,2025-02,1185,1322,5877.01,7769407
2025,2,1,2025-02,1186,687,4599.52,3159870
2025,2,1,2025-02,1187,1681,6786.65,11408359
2025,2,1,2025-02,1188,1637,5034.45,8241395
2025,2,1,2025-02,1189,1005,5840.35,5869552
2025,2,1,2025-02,1190,1952,5097.41,9950144
2025,2,1,2025-02,1191,1490,4565.06,6801939
2025,2,1,2025-02,1192,511,6273.05,3205529
2025,2,1,2025-02,1193,1633,4287.93,7002190
2025,2,1,2025-02,1194,1847,6736.75,12442777
2025,2,1,2025-02,1195,1651,5146.29,8496525
2025,2,1,2025-02,1196,1794,4064.17,7291121
2025,2,1,2025-02,1197,1319,5900.95,7783353
2025,2,1,2025-02,1198,1863,4167.99,7764965
2025,2,1,2025-02,1199,1174,5035.8,5912029
2025,2,1,2025-02,1200,2082,6604.96,13751527
2025,2,1,2025-02,1201,1930,4232.56,8168841
2025,2,1,2025-02,1202,1045,7056.27,7373802
2025,2,1,2025-02,1203,1566,3999.03,6262481
2025,2,1,2025-02,1204,1419,4852.69,6885967
2025,2,1,2025-02,1205,1164,6684.08,7780269
2025,2,1,2025-02,1206,1473,5142.7,7575197
2025,2,1,2025-02,1207,949,4480.42,4251919
2025,2,1,2025-02,1208,845,5260.97,4445520
2025,2,1,2025-02,1209,1726,4993.55,8618867
2025,2,1,2025-02,1210,1507,7018.23,10576473
2025,2,1,2025-02,1211,1902,5138.91,9774207
2025,2,1,2025-02,1212,1410,6939.41,9784568
2025,2,1,2025-02,1213,1905,7177.07,13672318
2025,2,1,2025-02,1214,1609,5546.85,8924882
2025,2,1,2025-02,1215,926,7321.72,6779913
2025,2,1,2025-02,1216,1944,5289.29,10282380
2025,2,1,2025-02,1217,1045,7470.88,7807070
2025,2,1,2025-02,1218,866,4281.05,3707389
2025,2,1,2025-02,1219,1358,6393.68,8682617
2025,2,1,2025-02,1220,1075,5783.9,6217692
2025,2,1,2025-02,1221,855,5326.63,4554269
2025,2,1,2025-02,1222,1288,6237.15,8033449
2025,2,1,2025-02,1223,870,6507.02,5661107
2025,2,1,2025-02,1224,943,4101.13,3867366
2025,2,1,2025-02,1225,1686,4643.22,7828469
2025,2,1,2025-02,1226,1100,6563.9,7220290
2025,2,1,2025-02,1227,1005,6454.81,6487084
2025,2,1,2025-02,1228,968,7331.82,7097202
2025,2,1,2025-02,1229,1190,6665.35,7931766
2025,2,1,2025-02,1230,1160,7349.38,8525281
2025,2,1,2025-02,1231,1479,6583.99,9737721
2025,2,1,2025-02,1232,1381,5133.39,7089212
2025,2,1,2025-02,1233,1277,4418.5,5642424
2025,2,1,2025-02,1234,1736,6884.36,11951249
2025,2,1,2025-02,1235,1519,6373.27,9680997
2025,2,1,2025-02,1236,1266,4241.87,5370207
2025,2,1,2025-02,1237,548,5273.57,2889916
2025,2,1,2025-02,1238,1481,7467.25,11058997
2025,2,1,2025-02,1239,1317,5859.39,7716817
2025,2,1,2025-02,1240,1726,5636.74,9729013
2025,2,1,2025-02,1241,545,5677.58,3094281
2025,2,1,2025-02,1242,674,4747.83,3200037
2025,2,1,2025-02,1243,502,5338.81,2680083
2025,2,1,2025-02,1244,1306,5397.94,7049710
2025,2,1,2025-02,1245,1118,4237.67,4737715
2025,2,1,2025-02,1246,1269,6722.99,8531474
2025,2,1,2025-02,1247,810,5531.34,4480385
2025,2,1,2025-02,1248,1878,6891.03,12941354
2025,2,1,2025-02,1249,1354,7067.57,9569490
2025,2,1,2025-02,1250,1498,4885.32,7318209
2025,2,1,2025-02,1251,1426,6411.99,9143498
2025,2,1,2025-02,1252,1512,5697.98,8615346
2025,2,1,2025-02,1253,1715,7303.41,12525348
2025,2,1,2025-02,1254,1216,4759.34,5787357
2025,2,1,2025-02,1255,617,6392.14,3943950
2025,2,1,2025-02,1256,652,6158.68,4015459
2025,2,1,2025-02,1257,866,5054.31,4377032
2025,2,1,2025-02,1258,1475,4584.63,6762329
2025,2,1,2025-02,1259,1982,6350.65,12586988
2025,2,1,2025-02,1260,997,6617.15,6597299
2025,2,1,2025-02,1261,810,5118.39,4145896
2025,2,1,2025-02,1262,1666,6380.67,10630196
2025,2,1,2025-02,1263,1510,5426.35,8193789
2025,2,1,2025-02,1264,619,6535.35,4045382
2025,2,1,2025-02,1265,949,4704.43,4464504
2025,2,1,2025-02,1266,1618,7208.46,11663288
2025,2,1,2025-02,1267,1289,5025.97,6478475
2025,2,1,2025-02,1268,1879,5340.47,10034743
2025,2,1,2025-02,1269,695,4225.25,2936549
2025,2,1,2025-02,1270,1079,4425.33,4774931
2025,2,1,2025-02,1271,982,5896.66,5790520
2025,2,1,2025-02,1272,1701,4939.47,8402038
2025,2,1,2025-02,1273,916,7036.06,6445031
2025,2,1,2025-02,1274,1896,4014.49,7611473
2025,2,1,2025-02,1275,1008,5428.73,5472160
2025,2,1,2025-02,1276,1830,5227.83,9566929
2025,2,1,2025-02,1277,1715,4143.18,7105554
2025,2,1,2025-02,1278,1585,4500.59,7133435
2025,2,1,2025-02,1279,322,5576.96,1795781
2025,2,1,2025-02,1280,1387,5795.25,8038012
2025,2,1,2025-02,1281,1020,5539.57,5650361
2025,2,1,2025-02,1282,1902,5956.32,11328921
2025,2,1,2025-02,1283,1749,6102.77,10673745
2025,2,1,2025-02,1284,1354,4121.07,5579929
2025,2,1,2025-02,1285,879,5698.67,5009131
2025,2,1,2025-02,1286,959,7451.68,7146161
2025,2,1,2025-02,1287,1241,5891.8,7311724
2025,2,1,2025-02,1288,1643,6414.95,10539763
2025,2,1,2025-02,1289,737,5271.58,3885154
2025,2,1,2025-02,1290,1830,6782.66,12412268
2025,2,1,2025-02,1291,1287,6746.18,8682334
2025,2,1,2025-02,1292,1073,5800.02,6223421
2025,2,1,2025-02,1293,1690,7550.31,12760024
2025,2,1,2025-02,1294,1389,4499.06,6249194
2025,2,1,2025-02,1295,515,4100.97,2112000
2025,2,1,2025-02,1296,1207,6804.44,8212959
2025,2,1,2025-02,1297,1248,6940.27,8661457
2025,2,1,2025-02,1298,1681,4503.67,7570669
2025,2,1,2025-02,1299,644,4971.48,3201633
2025,2,1,2025-02,1300,1928,4027.62,7765251
2025,2,1,2025-02,1301,817,5046.01,4122590
2025,2,1,2025-02,1302,474,6804.68,3225418
2025,2,1,2025-02,1303,1938,5869.24,11374587
2025,2,1,2025-02,1304,1871,5317.97,9949922
2025,2,1,2025-02,1305,1953,5408.37,10562547
2025,2,1,2025-02,1306,1874,4036.78,7564926
2025,2,1,2025-02,1307,1371,5069.95,6950901
2025,2,1,2025-02,1308,1511,6315.94,9543385
2025,2,1,2025-02,1309,801,7504.01,6010712
2025,2,1,2025-02,1310,1196,7062.83,8447145
2025,2,1,2025-02,1311,1064,4184.56,4452372
2025,2,1,2025-02,1312,854,7247.07,6188998
2025,2,1,2025-02,1313,1609,6830.26,10989888
2025,2,1,2025-02,1314,1370,6736.86,9229498
2025,2,1,2025-02,1315,1808,5704.56,10313844
2025,2,1,2025-02,1316,1662,5447.83,9054293
2025,2,1,2025-02,1317,1331,5037,6704247
2025,2,1,2025-02,1318,1993,4176.16,8323087
2025,2,1,2025-02,1319,1516,4831.07,7323902
2025,2,1,2025-02,1320,1905,4946.69,9423444
2025,2,1,2025-02,1321,1954,5702.66,11142998
2025,2,1,2025-02,1322,655,6694.25,4384734
2025,2,1,2025-02,1323,1621,5651,9160271
2025,2,1,2025-02,1324,1517,4215.78,6395338
2025,2,1,2025-02,1325,1686,7405.38,12485471
2025,2,1,2025-02,1326,1538,7353.78,11310114
2025,2,1,2025-02,1327,1364,6865.4,9364406
2025,2,1,2025-02,1328,1131,7551.77,8541052
2025,2,1,2025-02,1329,1013,6002.12,6080148
2025,2,1,2025-02,1330,734,7476.61,5487832
2025,2,1,2025-02,1331,849,4325.83,3672630
2025,2,1,2025-02,1332,873,5321.96,4646071
2025,2,1,2025-02,1333,1304,4854.43,6330177
2025,2,1,2025-02,1334,1243,4732.26,5882199
2025,2,1,2025-02,1335,1240,4523.22,5608793
2025,2,1,2025-02,1336,1583,6366.48,10078138
2025,2,1,2025-02,1337,455,6807.9,3097594
2025,2,1,2025-02,1338,820,6125.07,5022557
2025,2,1,2025-02,1339,1238,4552.68,5636218
2025,2,1,2025-02,1340,778,6996.88,5443573
2025,2,1,2025-02,1341,1538,6258.43,9625465
2025,2,1,2025-02,1342,562,5461.15,3069166
2025,2,1,2025-02,1343,1933,6357.5,12289048
2025,2,1,2025-02,1344,1421,4915.36,6984727
2025,2,1,2025-02,1345,1711,5300.12,9068505
2025,2,1,2025-02,1346,1282,7325.95,9391868
2025,2,1,2025-02,1347,829,5027.31,4167640
2025,2,1,2025-02,1348,1105,5691.02,6288577
2025,2,1,2025-02,1349,1293,7250.18,9374483
2025,2,1,2025-02,1350,1285,6618.29,8504503
2025,2,1,2025-02,1351,1089,4276.84,4657479
2025,2,1,2025-02,1352,1514,4551.78,6891395
2025,2,1,2025-02,1353,1865,4115.72,7675818
2025,2,1,2025-02,1354,1155,6259.11,7229272
2025,2,1,2025-02,1355,1218,5612.27,6835745
2025,2,1,2025-02,1356,1565,4484.73,7018602
2025,2,1,2025-02,1357,1019,7382.26,7522523
2025,2,1,2025-02,1358,817,5949.1,4860415
2025,2,1,2025-02,1359,1170,4901.17,5734369
2025,2,1,2025-02,1360,1277,5844.22,7463069
2025,2,1,2025-02,1361,1679,6474.61,10870870
2025,2,1,2025-02,1362,1443,4383.79,6325809
2025,2,1,2025-02,1363,1505,5069.53,7629643
2025,2,1,2025-02,1364,1407,6891.81,9696777
2025,2,1,2025-02,1365,1367,5670.08,7750999
2025,2,1,2025-02,1366,1346,5965.11,8029038
2025,2,1,2025-02,1367,1850,5572,10308200
2025,2,1,2025-02,1368,1735,4214.62,7312366
2025,2,1,2025-02,1369,1061,4657.87,4942000
2025,2,1,2025-02,1370,1094,5683.37,6217607
2025,2,1,2025-02,1371,1695,4843.28,8209360
2025,2,1,2025-02,1372,1187,4214.41,5002505
2025,2,1,2025-02,1373,809,7006.79,5668493
2025,2,1,2025-02,1374,721,7538.71,5435410
2025,2,1,2025-02,1375,1238,6835.98,8462943
2025,2,1,2025-02,1376,1111,7107.98,7896966
2025,2,1,2025-02,1377,1609,4955.35,7973158
2025,2,1,2025-02,1378,1623,7481.47,12142426
2025,2,1,2025-02,1379,1026,4748.02,4871469
2025,2,1,2025-02,1380,1086,7447.6,8088094
2025,2,1,2025-02,1381,1137,7566.82,8603474
2025,2,1,2025-02,1382,765,6534.87,4999176
2025,2,1,2025-02,1383,1829,7545.85,13801360
2025,2,1,2025-02,1384,1713,6123.3,10489213
2025,2,1,2025-02,1385,1974,4939.93,9751422
2025,2,1,2025-02,1386,1637,5577.23,9129926
2025,2,1,2025-02,1387,1627,6187.7,10067388
2025,2,1,2025-02,1388,673,4294.93,2890488
2025,2,1,2025-02,1389,395,6248.63,2468209
2025,2,1,2025-02,1390,1156,7497.53,8667145
2025,2,1,2025-02,1391,966,4737.45,4576377
2025,2,1,2025-02,1392,610,6851.04,4179134
2025,2,1,2025-02,1393,1665,7202.47,11992113
2025,2,1,2025-02,1394,1219,7420.09,9045090
2025,2,1,2025-02,1395,1347,7486.11,10083790
2025,2,1,2025-02,1396,602,5881.66,3540759
2025,2,1,2025-02,1397,1219,7555.04,9209594
2025,2,1,2025-02,1398,1631,6676.42,10889241
2025,2,1,2025-02,1399,607,4573.19,2775926
2025,2,1,2025-02,1400,792,5714.27,4525702
2025,2,1,2025-02,1401,1846,6595.5,12175293
2025,2,1,2025-02,1402,573,4934.08,2827228
2025,2,1,2025-02,1403,1285,6294.08,8087893
2025,2,1,2025-02,1404,679,6438.41,4371680
2025,2,1,2025-02,1405,1560,4593.14,7165298
2025,2,1,2025-02,1406,1689,5939.02,10031005
2025,2,1,2025-02,1407,1438,6722.58,9667070
2025,2,1,2025-02,1408,1648,5885.35,9699057
2025,2,1,2025-02,1409,1190,4048.13,4817275
2025,2,1,2025-02,1410,959,4043.34,3877563
2025,2,1,2025-02,1411,540,5242.14,2830756
2025,2,1,2025-02,1412,1875,7357.37,13795069
2025,2,1,2025-02,1413,1253,4832.02,6054521
2025,2,1,2025-02,1414,1407,6289.58,8849439
2025,2,1,2025-02,1415,811,4822.45,3911007
2025,2,1,2025-02,1416,1147,5105.9,5856467
2025,2,1,2025-02,1417,956,7030.17,6720843
2025,2,1,2025-02,1418,1365,6684.73,9124656
2025,2,1,2025-02,1419,1087,4383.93,4765332
2025,2,1,2025-02,1420,1232,5477.9,6748773
2025,2,1,2025-02,1421,1946,4135.28,8047255
2025,2,1,2025-02,1422,1415,5728.06,8105205
2025,2,1,2025-02,1423,1563,6375.68,9965188
2025,2,1,2025-02,1424,1961,4432.83,8692780
2025,2,1,2025-02,1425,1246,5038.59,6278083
2025,2,1,2025-02,1426,1150,5446.14,6263061
2025,2,1,2025-02,1427,535,7278.47,3893981
2025,2,1,2025-02,1428,1535,7608.9,11679662
2025,2,1,2025-02,1429,1888,4166.27,7865918
2025,2,1,2025-02,1430,1321,6690.43,8838058
2025,2,1,2025-02,1431,1293,5411.49,6997057
2025,2,1,2025-02,1432,1742,5411.83,9427408
2025,2,1,2025-02,1433,1741,6705.47,11674223
2025,2,1,2025-02,1434,1277,7223.51,9224422
2025,2,1,2025-02,1435,733,7332.08,5374415
2025,2,1,2025-02,1436,656,6089.48,3994699
2025,2,1,2025-02,1437,1859,5332.98,9914010
2025,2,1,2025-02,1438,629,6895.73,4337414
2025,2,1,2025-02,1439,1174,4924.61,5781492
2025,2,1,2025-02,1440,1716,6046.88,10376446
2025,2,1,2025-02,1441,730,5288.14,3860342
2025,2,1,2025-02,1442,1359,6403.82,8702791
2025,2,1,2025-02,1443,1414,4904.85,6935458
2025,2,1,2025-02,1444,1923,4689.11,9017159
2025,2,1,2025-02,1445,1713,7282.88,12475573
2025,2,1,2025-02,1446,768,4338.43,3331914
2025,2,1,2025-02,1447,806,5810.93,4683610
2025,2,1,2025-02,1448,1344,4837.17,6501156
2025,2,1,2025-02,1449,1162,4193.01,4872278
2025,2,1,2025-02,1450,1203,4128.84,4966995
2025,2,1,2025-02,1451,1020,4594.39,4686278
2025,2,1,2025-02,1452,715,7108.23,5082384
2025,2,1,2025-02,1453,1666,5149.23,8578617
2025,2,1,2025-02,1454,1850,7432.08,13749348
2025,2,1,2025-02,1455,1372,6052.74,8304359
2025,2,1,2025-02,1456,1692,5575.11,9433086
2025,2,1,2025-02,1457,1963,6062.69,11901060
2025,2,1,2025-02,1458,1654,5890.29,9742540
2025,2,1,2025-02,1459,1301,6678.6,8688859
2025,2,1,2025-02,1460,941,5081.24,4781447
2025,2,1,2025-02,1461,1043,5293.37,5520985
2025,2,1,2025-02,1462,583,7215.55,4206666
2025,2,1,2025-02,1463,782,7356.29,5752619
2025,2,1,2025-02,1464,2022,7178.73,14515392
2025,2,1,2025-02,1465,699,5434.43,3798667
2025,2,1,2025-02,1466,1334,6812.15,9087408
2025,2,1,2025-02,1467,867,5777.11,5008754
2025,2,1,2025-02,1468,1500,5772.01,8658015
2025,2,1,2025-02,1469,1851,4757.54,8806207
2025,2,1,2025-02,1470,718,6105.98,4384094
2025,2,1,2025-02,1471,1326,4662.7,6182740
2025,2,1,2025-02,1472,503,5173.16,2602099
2025,2,1,2025-02,1473,767,7114.05,5456476
2025,2,1,2025-02,1474,1470,4769.53,7011209
2025,2,1,2025-02,1475,666,4242.57,2825552
2025,2,1,2025-02,1476,1695,4308.62,7303111
2025,2,1,2025-02,1477,904,7331.65,6627812
2025,2,1,2025-02,1478,516,5851.51,3019379
2025,2,1,2025-02,1479,1948,5485.35,10685462
2025,2,1,2025-02,1480,871,6964.92,6066445
2025,2,1,2025-02,1481,1472,7016.72,10328612
2025,2,1,2025-02,1482,1106,5237.24,5792387
2025,2,1,2025-02,1483,739,6487.19,4794033
2025,2,1,2025-02,1484,1522,6798.23,10346906
2025,2,1,2025-02,1485,1344,6351.65,8536618
2025,2,1,2025-02,1486,1434,4593.52,6587108
2025,2,1,2025-02,1487,1630,7174.38,11694239
2025,2,1,2025-02,1488,1121,6040.95,6771905
2025,2,1,2025-02,1489,627,4923.6,3087097
2025,2,1,2025-02,1490,1878,5514.45,10356137
2025,2,1,2025-02,1491,783,4103.13,3212751
2025,2,1,2025-02,1492,824,4452.22,3668629
2025,2,1,2025-02,1493,1254,6770.14,8489756
2025,2,1,2025-02,1494,1436,4040.06,5801526
2025,2,1,2025-02,1495,992,5571.18,5526611
2025,2,1,2025-02,1496,1340,5930.82,7947299
2025,2,1,2025-02,1497,1334,4242.21,5659108
2025,2,1,2025-02,1498,1555,7595.2,11810536
2025,2,1,2025-02,1499,1094,4817.36,5270192
2025,2,1,2025-02,1500,1792,5164.25,9254336
2025,2,1,2025-02,1501,1709,5085.2,8690607
2025,2,1,2025-02,1502,966,4791.65,4628734
2025,2,1,2025-02,1503,623,4020.42,2504722
2025,2,1,2025-02,1504,1844,6670.55,12300494
2025,2,1,2025-02,1505,1100,7450.39,8195429
2025,2,1,2025-02,1506,1481,4841.44,7170173
2025,2,1,2025-02,1507,1388,6363.36,8832344
2025,2,1,2025-02,1508,966,6671.1,6444283
2025,2,1,2025-02,1509,1406,7110.82,9997813
2025,2,1,2025-02,1510,1543,5524.05,8523609
2025,2,1,2025-02,1511,918,5170.14,4746189
2025,2,1,2025-02,1512,1075,5134.4,5519480
2025,2,1,2025-02,1513,959,6456.8,6192071
2025,2,1,2025-02,1514,1243,6886.88,8560392
2025,2,1,2025-02,1515,579,4697.68,2719957
2025,2,1,2025-02,1516,1356,5345.73,7248810
2025,2,1,2025-02,1517,1291,7219.87,9320852
2025,2,1,2025-02,1518,1383,6831,9447273
2025,2,1,2025-02,1519,1256,7482.96,9398598
2025,2,1,2025-02,1520,1801,6682.87,12035849
2025,2,1,2025-02,1521,1157,5442.17,6296591
2025,2,1,2025-02,1522,1470,6174.48,9076486
2025,2,1,2025-02,1523,1476,6355.91,9381323
2025,2,1,2025-02,1524,898,4280.53,3843916
2025,2,1,2025-02,1525,1292,5929.97,7661521
2025,2,1,2025-02,1526,1483,6610.63,9803564
2025,2,1,2025-02,1527,811,4621.11,3747720
2025,2,1,2025-02,1528,1873,6823.79,12780959
2025,2,1,2025-02,1529,954,6096.66,5816214
2025,2,1,2025-02,1530,1940,7353.05,14264917
2025,2,1,2025-02,1531,1376,4172.48,5741332
2025,2,1,2025-02,1532,1704,5010.41,8537739
2025,2,1,2025-02,1533,1266,6161.78,7800813
2025,2,1,2025-02,1534,1145,5077.93,5814230
2025,2,1,2025-02,1535,831,6510.86,5410525
2025,2,1,2025-02,1536,1609,6805.77,10950484
2025,2,1,2025-02,1537,692,4400.62,3045229
2025,2,1,2025-02,1538,1194,5916.05,7063764
2025,2,1,2025-02,1539,1594,5825.75,9286246
2025,2,1,2025-02,1540,1494,5379.74,8037332
2025,2,1,2025-02,1541,1393,7364.08,10258163
2025,2,1,2025-02,1542,948,7007.98,6643565
2025,2,1,2025-02,1543,1538,6628.26,10194264
2025,2,1,2025-02,1544,1199,6583.95,7894156
2025,2,1,2025-02,1545,489,5669.15,2772214
2025,2,1,2025-02,1546,711,7341.62,5219892
2025,2,1,2025-02,1547,1804,6471.49,11674568
2025,2,1,2025-02,1548,1342,6593.82,8848906
2025,2,1,2025-02,1549,1473,7101.77,10460907
2025,2,1,2025-02,1550,1905,5013.97,9551613
2025,2,1,2025-02,1551,1377,6996.27,9633864
2025,2,1,2025-02,1552,1712,4680.97,8013821
2025,2,1,2025-02,1553,428,5268.87,2255076
2025,2,1,2025-02,1554,1043,5238.76,5464027
2025,2,1,2025-02,1555,2013,7468.89,15034876
2025,2,1,2025-02,1556,1740,7107.12,12366389
2025,2,1,2025-02,1557,1398,6561.72,9173285
2025,2,1,2025-02,1558,1893,6632.04,12554452
2025,2,1,2025-02,1559,1084,6073.75,6583945
2025,2,1,2025-02,1560,1218,7335.84,8935053
2025,2,1,2025-02,1561,1776,5845.96,10382425
2025,2,1,2025-02,1562,1241,5349.55,6638792
2025,2,1,2025-02,1563,1120,4540.35,5085192
2025,2,1,2025-02,1564,945,6838.97,6462827
2025,2,1,2025-02,1565,1359,6550.57,8902225
2025,2,1,2025-02,1566,1629,5407.11,8808182
2025,2,1,2025-02,1567,1855,4152.42,7702739
2025,2,1,2025-02,1568,1859,6954.68,12928750
2025,2,1,2025-02,1569,1676,4035.75,6763917
2025,2,1,2025-02,1570,1173,6556.91,7691255
2025,2,1,2025-02,1571,617,7448,4595416
2025,2,1,2025-02,1572,1373,5537.01,7602315
2025,2,1,2025-02,1573,815,4855.69,3957387
2025,2,1,2025-02,1574,784,6589.66,5166293
2025,2,1,2025-02,1575,590,7007.97,4134702
2025,2,1,2025-02,1576,1202,5935.29,7134219
2025,2,1,2025-02,1577,1243,7519.72,9347012
2025,2,1,2025-02,1578,965,4268.15,4118765
2025,2,1,2025-02,1579,1858,5916.23,10992355
2025,2,1,2025-02,1580,1504,6580.38,9896892
2025,2,1,2025-02,1581,903,7150.5,6456902
2025,2,1,2025-02,1582,957,4684.36,4482933
2025,2,1,2025-02,1583,1205,6850.73,8255130
2025,2,1,2025-02,1584,1323,6023.96,7969699
2025,2,1,2025-02,1585,1815,5363.64,9735007
2025,2,1,2025-02,1586,697,4551.77,3172584
2025,2,1,2025-02,1587,853,7185.06,6128856
2025,2,1,2025-02,1588,1277,4622.55,5902996
2025,2,1,2025-02,1589,679,5123.05,3478551
2025,2,1,2025-02,1590,1762,5054.31,8905694
2025,2,1,2025-02,1591,1737,7197.23,12501589
2025,2,1,2025-02,1592,963,6369.4,6133732
2025,2,1,2025-02,1593,1097,6916.14,7587006
2025,2,1,2025-02,1594,736,5000.73,3680537
2025,2,1,2025-02,1595,750,6280.91,4710682
2025,2,1,2025-02,1596,831,6102.15,5070887
2025,2,1,2025-02,1597,1268,6841.28,8674743
2025,2,1,2025-02,1598,1437,7302.73,10494023
2025,2,1,2025-02,1599,1173,4093.33,4801476
2025,2,1,2025-02,1600,864,6444.21,5567797
2025,2,1,2025-02,1601,1409,4221.82,5948544
2025,2,1,2025-02,1602,1967,6043.73,11888017
2025,2,1,2025-02,1603,1486,5123.47,7613476
2025,2,1,2025-02,1604,1761,5146.26,9062564
2025,2,1,2025-02,1605,798,5228.61,4172431
2025,2,1,2025-02,1606,675,6265.99,4229543
2025,2,1,2025-02,1607,1378,5225.15,7200257
2025,2,1,2025-02,1608,2003,6689.11,13398287
2025,2,1,2025-02,1609,1162,5478.28,6365761
2025,2,1,2025-02,1610,1348,4296.73,5791992
2025,2,1,2025-02,1611,1796,6766.86,12153281
2025,2,1,2025-02,1612,1904,5031.24,9579481
2025,2,1,2025-02,1613,1764,5524.32,9744900
2025,2,1,2025-02,1614,1887,6446.26,12164093
2025,2,1,2025-02,1615,452,5228.15,2363124
2025,2,1,2025-02,1616,1457,4272.36,6224829
2025,2,1,2025-02,1617,705,5344.75,3768049
2025,2,1,2025-02,1618,1684,7421.72,12498176
2025,2,1,2025-02,1619,1117,6314.49,7053285
2025,2,1,2025-02,1620,1254,6395.73,8020245
2025,2,1,2025-02,1621,1708,6309.68,10776933
2025,2,1,2025-02,1622,1233,4711.85,5809711
2025,2,1,2025-02,1623,1810,5557.94,10059871
2025,2,1,2025-02,1624,1723,6669.47,11491497
2025,2,1,2025-02,1625,1862,4508.08,8394045
2025,2,1,2025-02,1626,1431,5100.72,7299130
2025,2,1,2025-02,1627,805,4971.76,4002267
2025,2,1,2025-02,1628,1486,5561.95,8265058
2025,2,1,2025-02,1629,841,7497.19,6305137
2025,2,1,2025-02,1630,1448,4253.65,6159285
2025,2,1,2025-02,1631,1395,5918.19,8255875
2025,2,1,2025-02,1632,975,4697.15,4579721
2025,2,1,2025-02,1633,743,7460.39,5543070
2025,2,1,2025-02,1634,683,4417.41,3017091
2025,2,1,2025-02,1635,1509,5503.72,8305113
2025,2,1,2025-02,1636,1161,6616.05,7681234
2025,2,1,2025-02,1637,1055,6558.4,6919112
2025,2,1,2025-02,1638,1478,5505.53,8137173
2025,2,1,2025-02,1639,1636,5299.62,8670178
2025,2,1,2025-02,1640,1070,5429.74,5809822
2025,2,1,2025-02,1641,1522,4977.83,7576257
2025,2,1,2025-02,1642,1489,4748.59,7070651
2025,2,1,2025-02,1643,693,5810.35,4026573
2025,2,1,2025-02,1644,1757,5029.58,8836972
2025,2,1,2025-02,1645,660,5071.56,3347230
2025,2,1,2025-02,1646,662,6409.41,4243029
2025,2,1,2025-02,1647,722,7499.71,5414791
2025,2,1,2025-02,1648,1568,6155.45,9651746
2025,2,1,2025-02,1649,1772,4269.71,7565926
2025,2,1,2025-02,1650,1506,4309.78,6490529
2025,2,1,2025-02,1651,1485,7431.16,11035273
2025,2,1,2025-02,1652,1295,5084.43,6584337
2025,2,1,2025-02,1653,1093,4312.31,4713355
2025,2,1,2025-02,1654,1764,6178.43,10898751
2025,2,1,2025-02,1655,1868,6274.15,11720112
2025,2,1,2025-02,1656,1275,6405.52,8167038
2025,2,1,2025-02,1657,1696,4980.47,8446877
2025,2,1,2025-02,1658,1073,4035.76,4330370
2025,2,1,2025-02,1659,1517,7473.05,11336617
2025,2,1,2025-02,1660,1727,4936.02,8524507
2025,2,1,2025-02,1661,1350,6413.62,8658387
2025,2,1,2025-02,1662,1228,6526.46,8014493
2025,2,1,2025-02,1663,1449,6247.37,9052439
2025,2,1,2025-02,1664,729,5137.92,3745544
2025,2,1,2025-02,1665,1079,4995.02,5389627
2025,2,1,2025-02,1666,2061,6115.06,12603139
2025,2,1,2025-02,1667,627,7122.2,4465619
2025,2,1,2025-02,1668,1834,7371.67,13519643
2025,2,1,2025-02,1669,1841,4379.25,8062199
2025,2,1,2025-02,1670,1702,4524.64,7700937
2025,2,1,2025-02,1671,1730,7418.98,12834835
2025,2,1,2025-02,1672,1487,6627.16,9854587
2025,2,1,2025-02,1673,1518,7137.98,10835454
2025,2,1,2025-02,1674,1584,4746.28,7518108
2025,2,1,2025-02,1675,679,6158.49,4181615
2025,2,1,2025-02,1676,1032,6549.26,6758836
2025,2,1,2025-02,1677,1687,6461.93,10901276
2025,2,1,2025-02,1678,1697,5532.8,9389162
2025,2,1,2025-02,1679,1598,4132.35,6603495
2025,2,1,2025-02,1680,1245,6116.47,7615005
2025,2,1,2025-02,1681,767,4955.41,3800799
2025,2,1,2025-02,1682,1883,5669.06,10674840
2025,2,1,2025-02,1683,1336,7468.37,9977742
2025,2,1,2025-02,1684,1274,5490.58,6994999
2025,2,1,2025-02,1685,1217,6992.05,8509325
2025,2,1,2025-02,1686,1198,4692.12,5621160
2025,2,1,2025-02,1687,1601,6452.2,10329972
2025,2,1,2025-02,1688,1632,7524.54,12280049
2025,2,1,2025-02,1689,1758,4459.56,7839906
2025,2,1,2025-02,1690,700,4136.64,2895648
2025,2,1,2025-02,1691,824,5617.62,4628919
2025,2,1,2025-02,1692,1094,4273.47,4675176
2025,2,1,2025-02,1693,856,6734.9,5765074
2025,2,1,2025-02,1694,1219,7286.48,8882219
2025,2,1,2025-02,1695,1994,5541.17,11049093
2025,2,1,2025-02,1696,1680,4932.81,8287121
2025,2,1,2025-02,1697,574,5528.74,3173497
2025,2,1,2025-02,1698,1697,6654.33,11292398
2025,2,1,2025-02,1699,1641,4094.98,6719862
2025,2,1,2025-02,1700,763,6050.65,4616646
2025,2,1,2025-02,1701,1743,6224.3,10848955
2025,2,1,2025-02,1702,834,6250.14,5212617
2025,2,1,2025-02,1703,1554,4938.44,7674336
2025,2,1,2025-02,1704,863,6525.94,5631886
2025,2,1,2025-02,1705,975,4257.08,4150653
2025,2,1,2025-02,1706,1102,4762.3,5248055
2025,2,1,2025-02,1707,1068,7188.52,7677339
2025,2,1,2025-02,1708,1394,6701.6,9342030
2025,2,1,2025-02,1709,773,4077.32,3151768
2025,2,1,2025-02,1710,1118,4920.61,5501242
2025,2,1,2025-02,1711,1923,4825.19,9278840
2025,2,1,2025-02,1712,1804,5047.76,9106159
2025,2,1,2025-02,1713,801,4909.58,3932574
2025,2,1,2025-02,1714,895,4243.74,3798147
2025,2,1,2025-02,1715,989,5564.37,5503162
2025,2,1,2025-02,1716,1275,6646.82,8474696
2025,2,1,2025-02,1717,459,6256.2,2871596
2025,2,1,2025-02,1718,524,6463.27,3386753
2025,2,1,2025-02,1719,1325,4372.85,5794026
2025,2,1,2025-02,1720,1537,7443.07,11439999
2025,2,1,2025-02,1721,1048,7033.39,7370993
2025,2,1,2025-02,1722,1645,6858.45,11282150
2025,2,1,2025-02,1723,1021,6936.38,7082044
2025,2,1,2025-02,1724,1101,7298.7,8035869
2025,2,1,2025-02,1725,1686,6003.9,10122575
2025,2,1,2025-02,1726,1177,4803.02,5653155
2025,2,1,2025-02,1727,979,6284.38,6152408
2025,2,1,2025-02,1728,1694,6631.95,11234523
2025,2,1,2025-02,1729,506,6648.25,3364014
2025,2,1,2025-02,1730,874,5821.86,5088306
2025,2,1,2025-02,1731,1597,4230.72,6756460
2025,2,1,2025-02,1732,1112,5306.01,5900283
2025,2,1,2025-02,1733,834,7375.13,6150858
2025,2,1,2025-02,1734,1775,6100.96,10829204
2025,2,1,2025-02,1735,1626,5893.68,9583124
2025,2,1,2025-02,1736,1553,4959.59,7702243
2025,2,1,2025-02,1737,1830,5396.06,9874790
2025,2,1,2025-02,1738,465,7228.44,3361225
2025,2,1,2025-02,1739,803,6361.89,5108598
2025,2,1,2025-02,1740,1417,6895.52,9770952
2025,2,1,2025-02,1741,1349,5672.61,7652351
2025,2,1,2025-02,1742,1387,6244.07,8660525
2025,2,1,2025-02,1743,999,4918.59,4913671
2025,2,1,2025-02,1744,1249,6587.48,8227763
2025,2,1,2025-02,1745,664,5526.73,3669749
2025,2,1,2025-02,1746,978,5632.68,5508761
2025,2,1,2025-02,1747,1447,6359.57,9202298
2025,2,1,2025-02,1748,1760,7329.36,12899674
2025,2,1,2025-02,1749,1082,4223.55,4569881
2025,2,1,2025-02,1750,1123,6867.56,7712270
2025,2,1,2025-02,1751,1968,5058.29,9954715
2025,2,1,2025-02,1752,1054,5532.14,5830876
2025,2,1,2025-02,1753,1799,4035.67,7260170
2025,2,1,2025-02,1754,1781,5012.93,8928028
2025,2,1,2025-02,1755,1619,5808.58,9404091
2025,2,1,2025-02,1756,1779,4274.66,7604620
2025,2,1,2025-02,1757,1172,5730.99,6716720
2025,2,1,2025-02,1758,968,7382.83,7146579
2025,2,1,2025-02,1759,1689,4462.68,7537467
2025,2,1,2025-02,1760,465,6710.55,3120406
2025,2,1,2025-02,1761,1490,5403.95,8051886
2025,2,1,2025-02,1762,753,6412.22,4828402
2025,2,1,2025-02,1763,1800,5018.25,9032850
2025,2,1,2025-02,1764,1403,4602.55,6457378
2025,2,1,2025-02,1765,1033,4611.41,4763587
2025,2,1,2025-02,1766,1689,4290.28,7246283
2025,2,1,2025-02,1767,1775,4714.33,8367936
2025,2,1,2025-02,1768,1458,6435.85,9383469
2025,2,1,2025-02,1769,837,7150.54,5985002
2025,2,1,2025-02,1770,1365,6881.89,9393780
2025,2,1,2025-02,1771,1061,6451.91,6845477
2025,2,1,2025-02,1772,1251,4433.38,5546158
2025,2,1,2025-02,1773,1158,5090.13,5894371
2025,2,1,2025-02,1774,1551,5181.1,8035886
2025,2,1,2025-02,1775,1431,4957.53,7094225
2025,2,1,2025-02,1776,402,5883.14,2365022
2025,2,1,2025-02,1777,887,5918.97,5250126
2025,2,1,2025-02,1778,1522,5223.53,7950213
2025,2,1,2025-02,1779,661,5334.08,3525827
2025,2,1,2025-02,1780,751,7068.14,5308173
2025,2,1,2025-02,1781,1652,6826.82,11277907
2025,2,1,2025-02,1782,1194,5178.78,6183463
2025,2,1,2025-02,1783,1264,7219.34,9125246
2025,2,1,2025-02,1784,921,7403.51,6818633
2025,2,1,2025-02,1785,1364,5142.99,7015038
2025,2,1,2025-02,1786,1321,5370.35,7094232
2025,2,1,2025-02,1787,1760,5804.71,10216290
2025,2,1,2025-02,1788,1602,7388.15,11835816
2025,2,1,2025-02,1789,1035,7167.56,7418425
2025,2,1,2025-02,1790,1046,4486.25,4692618
2025,2,1,2025-02,1791,1298,5395.71,7003632
2025,2,1,2025-02,1792,803,6043.53,4852955
2025,2,1,2025-02,1793,1203,5787.48,6962338
2025,2,1,2025-02,1794,1455,4721.26,6869433
2025,2,1,2025-02,1795,1103,7191.41,7932125
2025,2,1,2025-02,1796,888,6450.11,5727698
2025,2,1,2025-02,1797,1371,7056.57,9674557
2025,2,1,2025-02,1798,1016,7101.55,7215175
2025,2,1,2025-02,1799,901,6708.57,6044422
2025,2,1,2025-02,1800,1927,5631.94,10852748
2025,2,1,2025-02,1801,1392,6168.72,8586858
2025,2,1,2025-02,1802,1667,4623.85,7707958
2025,2,1,2025-02,1803,1057,6360.69,6723249
2025,2,1,2025-02,1804,1644,4629.74,7611293
2025,2,1,2025-02,1805,811,6563.38,5322901
2025,2,1,2025-02,1806,724,4815.42,3486364
2025,2,1,2025-02,1807,1650,4492.18,7412097
2025,2,1,2025-02,1808,1407,4456.33,6270056
2025,2,1,2025-02,1809,1294,4014.71,5195035
2025,2,1,2025-02,1810,876,6570.83,5756047
2025,2,1,2025-02,1811,1609,6614.3,10642409
2025,2,1,2025-02,1812,1120,5863.38,6566986
2025,2,1,2025-02,1813,1643,4628.11,7603985
2025,2,1,2025-02,1814,1486,4317.8,6416251
2025,2,1,2025-02,1815,1644,4123.89,6779675
2025,2,1,2025-02,1816,1467,4625.11,6785036
2025,2,1,2025-02,1817,1745,7260.67,12669869
2025,2,1,2025-02,1818,1170,4964.72,5808722
2025,2,1,2025-02,1819,1830,5315.6,9727548
2025,2,1,2025-02,1820,1459,4460.34,6507636
2025,2,1,2025-02,1821,1902,4831.36,9189247
2025,2,1,2025-02,1822,1468,5932.91,8709512
2025,2,1,2025-02,1823,638,6206.08,3959479
2025,2,1,2025-02,1824,974,4902.54,4775074
2025,2,1,2025-02,1825,1326,4152.78,5506586
2025,2,1,2025-02,1826,763,5444.08,4153833
2025,2,1,2025-02,1827,2047,4886.2,10002051
2025,2,1,2025-02,1828,1946,4767.25,9277068
2025,2,1,2025-02,1829,1876,7424.8,13928925
2025,2,1,2025-02,1830,1333,6159.32,8210374
2025,2,1,2025-02,1831,1423,6052.43,8612608
2025,2,1,2025-02,1832,1602,5485.23,8787338
2025,2,1,2025-02,1833,1492,5596.92,8350605
2025,2,1,2025-02,1834,1540,5939.43,9146722
2025,2,1,2025-02,1835,1296,6474.16,8390511
2025,2,1,2025-02,1836,1401,6582.01,9221396
2025,2,1,2025-02,1837,1733,4620.7,8007673
2025,2,1,2025-02,1838,911,5862.48,5340719
2025,2,1,2025-02,1839,772,5469.36,4222346
2025,2,1,2025-02,1840,1353,7126.2,9641749
2025,2,1,2025-02,1841,969,6341.37,6144788
2025,2,1,2025-02,1842,1402,5944.24,8333824
2025,2,1,2025-02,1843,1942,4488.49,8716648
2025,2,1,2025-02,1844,1220,6287.06,7670213
2025,2,1,2025-02,1845,1126,4448.7,5009236
2025,2,1,2025-02,1846,1311,5278.69,6920363
2025,2,1,2025-02,1847,641,4545.48,2913653
2025,2,1,2025-02,1848,941,6505.64,6121807
2025,2,1,2025-02,1849,802,4752.33,3811369
2025,2,1,2025-02,1850,1422,5437.56,7732210
2025,2,1,2025-02,1851,1416,7175.3,10160225
2025,2,1,2025-02,1852,878,4817.13,4229440
2025,2,1,2025-02,1853,1408,5961.19,8393356
2025,2,1,2025-02,1854,1453,5539.85,8049402
2025,2,1,2025-02,1855,953,4081.04,3889231
2025,2,1,2025-02,1856,1574,6938.06,10920506
2025,2,1,2025-02,1857,1222,4269.68,5217549
2025,2,1,2025-02,1858,794,5705.17,4529905
2025,2,1,2025-02,1859,1109,6043.2,6701909
2025,2,1,2025-02,1860,1629,6255.03,10189444
2025,2,1,2025-02,1861,1730,6543.07,11319511
2025,2,1,2025-02,1862,706,4864.73,3434499
2025,2,1,2025-02,1863,1501,4085.97,6133041
2025,2,1,2025-02,1864,1496,6680.36,9993819
2025,2,1,2025-02,1865,1266,5834.1,7385971
2025,2,1,2025-02,1866,1744,7084.53,12355420
2025,2,1,2025-02,1867,967,6971.89,6741818
2025,2,1,2025-02,1868,657,7122.63,4679568
2025,2,1,2025-02,1869,915,5838.99,5342676
2025,2,1,2025-02,1870,1887,5162.26,9741185
2025,2,1,2025-02,1871,1332,6949.34,9256521
2025,2,1,2025-02,1872,1079,5595.42,6037458
2025,2,1,2025-02,1873,1513,4710.62,7127168
2025,2,1,2025-02,1874,1053,6969.64,7339031
2025,2,1,2025-02,1875,770,7209.25,5551122
2025,2,1,2025-02,1876,865,5718.94,4946883
2025,2,1,2025-02,1877,1893,4383.34,8297663
2025,2,1,2025-02,1878,737,5447.21,4014594
2025,2,1,2025-02,1879,1760,6840.89,12039966
2025,2,1,2025-02,1880,1027,7279.78,7476334
2025,2,1,2025-02,1881,832,4738.54,3942465
2025,2,1,2025-02,1882,354,4369.72,1546881
2025,2,1,2025-02,1883,1621,7179.13,11637370
2025,2,1,2025-02,1884,1281,5408.71,6928558
2025,2,1,2025-02,1885,1080,6015.16,6496373
2025,2,1,2025-02,1886,719,7484.68,5381485
2025,2,1,2025-02,1887,1831,4357.37,7978344
2025,2,1,2025-02,1888,1549,6292.49,9747067
2025,2,1,2025-02,1889,1425,4277.08,6094839
2025,2,1,2025-02,1890,548,5418.56,2969371
2025,2,1,2025-02,1891,1662,6878.96,11432832
2025,2,1,2025-02,1892,1075,5621.51,6043123
2025,2,1,2025-02,1893,1160,7613.24,8831358
2025,2,1,2025-02,1894,1511,5989.83,9050633
2025,2,1,2025-02,1895,1375,5196.05,7144569
2025,2,1,2025-02,1896,1840,4814.96,8859526
2025,2,1,2025-02,1897,1274,5257.38,6697902
2025,2,1,2025-02,1898,1973,5393.43,10641237
2025,2,1,2025-02,1899,1849,4247.87,7854312
2025,2,1,2025-02,1900,610,5356.95,3267740
2025,2,1,2025-02,1901,1198,5776.3,6920007
2025,2,1,2025-02,1902,1343,6618.31,8888390
2025,2,1,2025-02,1903,1397,6348.38,8868687
2025,2,1,2025-02,1904,555,6491.3,3602672
2025,2,1,2025-02,1905,685,3998.15,2738733
2025,2,1,2025-02,1906,778,4764.78,3706999
2025,2,1,2025-02,1907,1364,6379.3,8701365
2025,2,1,2025-02,1908,1224,5649.67,6915196
2025,2,1,2025-02,1909,783,4049.53,3170782
2025,2,1,2025-02,1910,1472,6835.69,10062136
2025,2,1,2025-02,1911,1638,6780.96,11107212
2025,2,1,2025-02,1912,845,5985.37,5057638
2025,2,1,2025-02,1913,1540,4291.33,6608648
2025,2,1,2025-02,1914,1338,6763.96,9050178
2025,2,1,2025-02,1915,586,6080.6,3563232
2025,2,1,2025-02,1916,682,6774.92,4620495
2025,2,1,2025-02,1917,693,6649.72,4608256
2025,2,1,2025-02,1918,1276,6953.28,8872385
2025,2,1,2025-02,1919,608,5925.71,3602832
2025,2,1,2025-02,1920,1518,4518.64,6859296
2025,2,1,2025-02,1921,937,6425.83,6021003
2025,2,1,2025-02,1922,1805,6241.22,11265402
2025,2,1,2025-02,1923,1132,6734.12,7623024
2025,2,1,2025-02,1924,1211,4624.47,5600233
2025,2,1,2025-02,1925,794,4634.58,3679857
2025,2,1,2025-02,1926,1324,7228.21,9570150
2025,2,1,2025-02,1927,1532,6637.98,10169385
2025,2,1,2025-02,1928,1795,7315.84,13131933
2025,2,1,2025-02,1929,844,6690.94,5647153
2025,2,1,2025-02,1930,1915,6177.59,11830085
2025,2,1,2025-02,1931,1242,6352.5,7889805
2025,2,1,2025-02,1932,2142,7189.84,15400637
2025,2,1,2025-02,1933,1358,6123.25,8315374
2025,2,1,2025-02,1934,1776,6292.79,11175995
2025,2,1,2025-02,1935,1870,4575.94,8557008
2025,2,1,2025-02,1936,1659,5709.08,9471364
2025,2,1,2025-02,1937,1834,6525.98,11968647
2025,2,1,2025-02,1938,646,5008.12,3235246
2025,2,1,2025-02,1939,761,4772.34,3631751
2025,2,1,2025-02,1940,982,5294.95,5199641
2025,2,1,2025-02,1941,489,4904,2398056
2025,2,1,2025-02,1942,999,4796.86,4792063
2025,2,1,2025-02,1943,1790,5500.24,9845430
2025,2,1,2025-02,1944,636,7249.7,4610809
2025,2,1,2025-02,1945,1352,5842.35,7898857
2025,2,1,2025-02,1946,1826,4662.23,8513232
2025,2,1,2025-02,1947,1928,4342.38,8372109
2025,2,1,2025-02,1948,669,6503.45,4350808
2025,2,1,2025-02,1949,1067,5428.49,5792199
2025,2,1,2025-02,1950,1538,6921.5,10645267
2025,2,1,2025-02,1951,1357,6394.55,8677404
2025,2,1,2025-02,1952,1407,6859.95,9651950
2025,2,1,2025-02,1953,1688,5062.79,8545990
2025,2,1,2025-02,1954,1529,6501.9,9941405
2025,2,1,2025-02,1955,895,4920.23,4403606
2025,2,1,2025-02,1956,1427,7366.45,10511924
2025,2,1,2025-02,1957,1499,6223.03,9328322
2025,2,1,2025-02,1958,1390,5205.5,7235645
2025,2,1,2025-02,1959,1342,5058.87,6789004
2025,2,1,2025-02,1960,679,4727.68,3210095
2025,2,1,2025-02,1961,1370,6520.48,8933058
2025,2,1,2025-02,1962,1762,4833.14,8515993
2025,2,1,2025-02,1963,1641,6115.07,10034830
2025,2,1,2025-02,1964,759,4945.02,3753270
2025,2,1,2025-02,1965,1682,6415.63,10791090
2025,2,1,2025-02,1966,1294,6925.68,8961830
2025,2,1,2025-02,1967,1740,6899.56,12005234
2025,2,1,2025-02,1968,1107,6808.65,7537176
2025,2,1,2025-02,1969,886,4671.63,4139064
2025,2,1,2025-02,1970,1094,4319.83,4725894
2025,2,1,2025-02,1971,895,6462.25,5783714
2025,2,1,2025-02,1972,737,5313.72,3916212
2025,2,1,2025-02,1973,1555,5564,8652020
2025,2,1,2025-02,1974,1115,4161.57,4640151
2025,2,1,2025-02,1975,1274,4955.64,6313485
2025,2,1,2025-02,1976,1906,4249.82,8100157
2025,2,1,2025-02,1977,780,7206.36,5620961
2025,2,1,2025-02,1978,1425,4925.77,7019222
2025,2,1,2025-02,1979,1720,6043.59,10394975
2025,2,1,2025-02,1980,1344,4084.57,5489662
2025,2,1,2025-02,1981,1216,6303.93,7665579
2025,2,1,2025-02,1982,666,5185.82,3453756
2025,2,1,2025-02,1983,1125,7271.48,8180415
2025,2,1,2025-02,1984,664,7173.09,4762932
2025,2,1,2025-02,1985,1748,5212.19,9110908
2025,2,1,2025-02,1986,1076,7275.32,7828244
2025,2,1,2025-02,1987,1331,7626.73,10151178
2025,2,1,2025-02,1988,1688,6950.34,11732174
2025,2,1,2025-02,1989,1510,7032.94,10619739
2025,2,1,2025-02,1990,814,4906.73,3994078
2025,2,1,2025-02,1991,1279,6056.78,7746622
2025,2,1,2025-02,1992,807,4284.18,3457333
2025,2,1,2025-02,1993,1042,4325.25,4506910
2025,2,1,2025-02,1994,1376,7649.99,10526386
2025,2,1,2025-02,1995,1045,5195.05,5428827
2025,2,1,2025-02,1996,1190,6689.19,7960136
2025,2,1,2025-02,1997,1880,6831.36,12842957
2025,2,1,2025-02,1998,1991,7032.44,14001588
2025,2,1,2025-02,1999,968,7632.53,7388289
2025,2,1,2025-02,2000,1450,5067.36,7347672
2025,2,1,2025-02,2001,837,4216.22,3528976
2025,2,1,2025-02,2002,1579,5488.06,8665647
2025,2,1,2025-02,2003,1064,4471.07,4757218
2025,2,1,2025-02,2004,988,4066,4017208
2025,2,1,2025-02,2005,1684,5248.58,8838609
2025,2,1,2025-02,2006,1639,6840.02,11210793
2025,2,1,2025-02,2007,1399,6055.63,8471826
2025,2,1,2025-02,2008,1137,5115.53,5816358
2025,2,1,2025-02,2009,1039,6361.96,6610076
2025,2,1,2025-02,2010,1905,4872.85,9282779
2025,2,1,2025-02,2011,1243,4011.04,4985723
2025,2,1,2025-02,2012,770,6801.29,5236993
2025,2,1,2025-02,2013,1610,6321.51,10177631
2025,2,1,2025-02,2014,1759,6749.68,11872687
2025,2,1,2025-02,2015,826,4265.08,3522956
2025,2,1,2025-02,2016,1905,7042.28,13415543
2025,2,1,2025-02,2017,1385,6315.67,8747203
2025,2,1,2025-02,2018,1779,6033.12,10732920
2025,2,1,2025-02,2019,1838,6304.59,11587836
2025,2,1,2025-02,2020,1066,7124.7,7594930
2025,2,1,2025-02,2021,526,6089.57,3203114
2025,2,1,2025-02,2022,1413,6137.94,8672909
2025,2,1,2025-02,2023,1299,7608.91,9883974
2025,2,1,2025-02,2024,1482,6732.12,9977002
2025,2,1,2025-02,2025,903,5607.57,5063636
2025,2,1,2025-02,2026,1299,6605.12,8580051
2025,2,1,2025-02,2027,922,5375.89,4956571
2025,2,1,2025-02,2028,1665,4822.16,8028896
2025,2,1,2025-02,2029,1595,6143.28,9798532
2025,2,1,2025-02,2030,978,7323.92,7162794
2025,2,1,2025-02,2031,705,7290.7,5139944
2025,2,1,2025-02,2032,716,5207.79,3728778
2025,2,1,2025-02,2033,996,5947.74,5923949
2025,2,1,2025-02,2034,728,4773.26,3474933
2025,2,1,2025-02,2035,1341,7499.09,10056280
2025,2,1,2025-02,2036,1607,7531.49,12103104
2025,2,1,2025-02,2037,1173,6376.61,7479764
2025,2,1,2025-02,2038,847,6933.02,5872268
2025,2,1,2025-02,2039,840,6667.84,5600986
2025,2,1,2025-02,2040,527,6132.41,3231780
2025,2,1,2025-02,2041,1085,4210.75,4568664
2025,2,1,2025-02,2042,907,5685.19,5156467
2025,2,1,2025-02,2043,1652,6439.64,10638285
2025,2,1,2025-02,2044,578,6439.23,3721875
2025,2,1,2025-02,2045,1424,5367.99,7644018
2025,2,1,2025-02,2046,1470,7409.02,10891259
2025,2,1,2025-02,2047,1586,4662.5,7394725
2025,2,1,2025-02,2048,827,5825.2,4817440
2025,2,1,2025-02,2049,640,6426.02,4112653
2025,2,1,2025-02,2050,1587,6536.66,10373679
2025,2,1,2025-02,2051,1786,6250.5,11163393
2025,2,1,2025-02,2052,765,4992.06,3818926
2025,2,1,2025-02,2053,1800,4572.33,8230194
2025,2,1,2025-02,2054,1694,6274.78,10629477
2025,2,1,2025-02,2055,1172,6208.01,7275788
2025,2,1,2025-02,2056,971,4639.65,4505100
2025,2,1,2025-02,2057,1355,6609.85,8956347
2025,2,1,2025-02,2058,1848,5611.51,10370070
2025,2,1,2025-02,2059,802,6456.62,5178209
2025,2,1,2025-02,2060,1842,7111.95,13100212
2025,2,1,2025-02,2061,1473,4586.79,6756342
2025,2,1,2025-02,2062,1261,4087.91,5154855
2025,2,1,2025-02,2063,792,6807.66,5391667
2025,2,1,2025-02,2064,1037,6225.2,6455532
2025,2,1,2025-02,2065,1242,6523,8101566
2025,2,1,2025-02,2066,1211,7023.92,8505967
2025,2,1,2025-02,2067,1875,6905.7,12948188
2025,2,1,2025-02,2068,1580,7418.34,11720977
2025,2,1,2025-02,2069,864,5962.94,5151980
2025,2,1,2025-02,2070,1809,5816.51,10522067
2025,2,1,2025-02,2071,1134,5496.32,6232827
2025,2,1,2025-02,2072,992,4649.88,4612681
2025,2,1,2025-02,2073,753,6038.94,4547322
2025,2,1,2025-02,2074,843,5079.04,4281631
2025,2,1,2025-02,2075,1496,7373.81,11031220
2025,2,1,2025-02,2076,1839,6088.38,11196531
2025,2,1,2025-02,2077,1750,6148.16,10759280
2025,2,1,2025-02,2078,1638,5236.49,8577371
2025,2,1,2025-02,2079,1352,4198.87,5676872
2025,2,1,2025-02,2080,1763,4128.4,7278369
2025,2,1,2025-02,2081,868,5552.57,4819631
2025,2,1,2025-02,2082,956,4290.36,4101584
2025,2,1,2025-02,2083,838,6155.19,5158049
2025,2,1,2025-02,2084,1929,7145.01,13782724
2025,3,1,2025-03,1,1864,7199.52,13419905
2025,3,1,2025-03,2,1882,4711.08,8866253
2025,3,1,2025-03,3,1552,4381.62,6800274
2025,3,1,2025-03,4,1839,4986.73,9170596
2025,3,1,2025-03,5,1712,4259.02,7291442
2025,3,1,2025-03,6,1583,5878.93,9306346
2025,3,1,2025-03,7,1420,7460.89,10594464
2025,3,1,2025-03,8,920,4225.16,3887147
2025,3,1,2025-03,9,916,4420.83,4049480
2025,3,1,2025-03,10,1784,5657.4,10092802
2025,3,1,2025-03,11,956,7388.01,7062938
2025,3,1,2025-03,12,1748,5131.87,8970509
2025,3,1,2025-03,13,536,5774.85,3095320
2025,3,1,2025-03,14,1971,4156.75,8192954
2025,3,1,2025-03,15,1693,4617.11,7816767
2025,3,1,2025-03,16,1419,7500.9,10643777
2025,3,1,2025-03,17,802,7540.35,6047361
2025,3,1,2025-03,18,1842,4019.31,7403569
2025,3,1,2025-03,19,1221,7317.01,8934069
2025,3,1,2025-03,20,1004,6373.84,6399335
2025,3,1,2025-03,21,1754,7113.23,12476605
2025,3,1,2025-03,22,1276,5653.38,7213713
2025,3,1,2025-03,23,1070,5893.47,6306013
2025,3,1,2025-03,24,1823,5725.44,10437477
2025,3,1,2025-03,25,1545,6369.63,9841078
2025,3,1,2025-03,26,1087,4524.22,4917827
2025,3,1,2025-03,27,1727,4197.32,7248772
2025,3,1,2025-03,28,1022,5154.01,5267398
2025,3,1,2025-03,29,2018,6565.71,13249603
2025,3,1,2025-03,30,687,4807.79,3302952
2025,3,1,2025-03,31,833,6478.75,5396799
2025,3,1,2025-03,32,1367,7460.25,10198162
2025,3,1,2025-03,33,1474,4344.34,6403557
2025,3,1,2025-03,34,992,6463.01,6411306
2025,3,1,2025-03,35,1480,5618.19,8314921
2025,3,1,2025-03,36,1055,7130.55,7522730
2025,3,1,2025-03,37,2293,4584.26,10511708
2025,3,1,2025-03,38,1508,6510.13,9817276
2025,3,1,2025-03,39,1444,7063.94,10200329
2025,3,1,2025-03,40,729,7391.49,5388396
2025,3,1,2025-03,41,1521,6467.67,9837326
2025,3,1,2025-03,42,1205,5883.98,7090196
2025,3,1,2025-03,43,1698,6215.08,10553206
2025,3,1,2025-03,44,1124,7218.61,8113718
2025,3,1,2025-03,45,1747,6004.38,10489652
2025,3,1,2025-03,46,1235,4173.9,5154766
2025,3,1,2025-03,47,1903,7282.82,13859206
2025,3,1,2025-03,48,1197,6526.86,7812651
2025,3,1,2025-03,49,666,6411.02,4269739
2025,3,1,2025-03,50,1471,4758.84,7000254
2025,3,1,2025-03,51,765,6363.09,4867764
2025,3,1,2025-03,52,1765,5417.37,9561658
2025,3,1,2025-03,53,947,6359.88,6022806
2025,3,1,2025-03,54,1246,4458.11,5554805
2025,3,1,2025-03,55,994,6441.82,6403169
2025,3,1,2025-03,56,312,7690.26,2399361
2025,3,1,2025-03,57,834,4208.31,3509731
2025,3,1,2025-03,58,1376,7512.86,10337695
2025,3,1,2025-03,59,2016,5500.53,11089068
2025,3,1,2025-03,60,1245,7123.37,8868596
2025,3,1,2025-03,61,1525,6728.36,10260749
2025,3,1,2025-03,62,1944,6075.45,11810675
2025,3,1,2025-03,63,897,6619.97,5938113
2025,3,1,2025-03,64,2177,7172.24,15613966
2025,3,1,2025-03,65,1428,5462.21,7800036
2025,3,1,2025-03,66,2080,5157.69,10727995
2025,3,1,2025-03,67,1794,6391.53,11466405
2025,3,1,2025-03,68,1206,6874.71,8290900
2025,3,1,2025-03,69,1274,6763.81,8617094
2025,3,1,2025-03,70,815,6865.16,5595105
2025,3,1,2025-03,71,771,5603.22,4320083
2025,3,1,2025-03,72,1554,6898.74,10720642
2025,3,1,2025-03,73,1826,4490.06,8198850
2025,3,1,2025-03,74,1662,6055.36,10064008
2025,3,1,2025-03,75,1561,4077.7,6365290
2025,3,1,2025-03,76,1970,5247.81,10338186
2025,3,1,2025-03,77,1023,5337.36,5460119
2025,3,1,2025-03,78,1674,5441.3,9108736
2025,3,1,2025-03,79,2070,6550.44,13559411
2025,3,1,2025-03,80,1536,5418.26,8322447
2025,3,1,2025-03,81,810,5690.07,4608957
2025,3,1,2025-03,82,1301,4885.53,6356075
2025,3,1,2025-03,83,657,5383.59,3537019
2025,3,1,2025-03,84,797,4831.69,3850857
2025,3,1,2025-03,85,1578,4247.48,6702523
2025,3,1,2025-03,86,1003,6187.5,6206062
2025,3,1,2025-03,87,1329,6413.04,8522930
2025,3,1,2025-03,88,1907,6225.85,11872696
2025,3,1,2025-03,89,1183,5716.63,6762773
2025,3,1,2025-03,90,1862,5446.24,10140899
2025,3,1,2025-03,91,1579,7172.51,11325393
2025,3,1,2025-03,92,1384,5887.04,8147663
2025,3,1,2025-03,93,754,5725.1,4316725
2025,3,1,2025-03,94,1259,4098.96,5160591
2025,3,1,2025-03,95,968,5356.2,5184802
2025,3,1,2025-03,96,1263,5456.63,6891724
2025,3,1,2025-03,97,1774,5467,9698458
2025,3,1,2025-03,98,1544,6019.29,9293784
2025,3,1,2025-03,99,766,5938.9,4549197
2025,3,1,2025-03,100,1146,6249.04,7161400
2025,3,1,2025-03,101,884,6735.71,5954368
2025,3,1,2025-03,102,969,6888.19,6674656
2025,3,1,2025-03,103,954,6631.74,6326680
2025,3,1,2025-03,104,1798,7447.97,13391450
2025,3,1,2025-03,105,1611,4111.81,6624126
2025,3,1,2025-03,106,735,4742.9,3486031
2025,3,1,2025-03,107,609,4013.31,2444106
2025,3,1,2025-03,108,1190,6318.7,7519253
2025,3,1,2025-03,109,1792,7239.92,12973937
2025,3,1,2025-03,110,1779,4853.85,8634999
2025,3,1,2025-03,111,1123,7304.01,8202403
2025,3,1,2025-03,112,2182,4326.92,9441339
2025,3,1,2025-03,113,1642,7382.34,12121802
2025,3,1,2025-03,114,1514,5307.17,8035055
2025,3,1,2025-03,115,1122,4438.25,4979716
2025,3,1,2025-03,116,948,5802.13,5500419
2025,3,1,2025-03,117,814,4966.2,4042487
2025,3,1,2025-03,118,996,5026.16,5006055
2025,3,1,2025-03,119,1035,5094.37,5272673
2025,3,1,2025-03,120,625,6919.77,4324856
2025,3,1,2025-03,121,1612,6032.51,9724406
2025,3,1,2025-03,122,504,5046.88,2543628
2025,3,1,2025-03,123,1546,6254.4,9669302
2025,3,1,2025-03,124,651,6538.12,4256316
2025,3,1,2025-03,125,745,5033.78,3750166
2025,3,1,2025-03,126,1246,5506.85,6861535
2025,3,1,2025-03,127,1596,4459.93,7118048
2025,3,1,2025-03,128,1674,4693.62,7857120
2025,3,1,2025-03,129,1649,6494.05,10708688
2025,3,1,2025-03,130,992,4742.52,4704580
2025,3,1,2025-03,131,1037,5883.37,6101055
2025,3,1,2025-03,132,1348,6591.71,8885625
2025,3,1,2025-03,133,689,4439.4,3058747
2025,3,1,2025-03,134,1291,6083.09,7853269
2025,3,1,2025-03,135,1303,4953.7,6454671
2025,3,1,2025-03,136,1657,7496.4,12421535
2025,3,1,2025-03,137,1260,5851.64,7373066
2025,3,1,2025-03,138,2131,6922.17,14751144
2025,3,1,2025-03,139,1131,5996.4,6781928
2025,3,1,2025-03,140,1773,4189.31,7427647
2025,3,1,2025-03,141,1730,6308.78,10914189
2025,3,1,2025-03,142,1216,7427.49,9031828
2025,3,1,2025-03,143,1398,6260.88,8752710
2025,3,1,2025-03,144,1017,6909.22,7026677
2025,3,1,2025-03,145,1426,7254.69,10345188
2025,3,1,2025-03,146,1598,4837.5,7730325
2025,3,1,2025-03,147,1186,4796.61,5688779
2025,3,1,2025-03,148,822,6248.04,5135889
2025,3,1,2025-03,149,1595,5484.24,8747363
2025,3,1,2025-03,150,1341,7007.35,9396856
2025,3,1,2025-03,151,1865,7210.35,13447303
2025,3,1,2025-03,152,1363,5270.51,7183705
2025,3,1,2025-03,153,1290,4896.08,6315943
2025,3,1,2025-03,154,1881,6913.98,13005196
2025,3,1,2025-03,155,1369,5049.62,6912930
2025,3,1,2025-03,156,1301,7010.36,9120478
2025,3,1,2025-03,157,545,5503.36,2999331
2025,3,1,2025-03,158,1109,6372.81,7067446
2025,3,1,2025-03,159,1752,4421.43,7746345
2025,3,1,2025-03,160,966,6179.57,5969465
2025,3,1,2025-03,161,1410,5650.03,7966542
2025,3,1,2025-03,162,1801,6184.65,11138555
2025,3,1,2025-03,163,941,4634.2,4360782
2025,3,1,2025-03,164,1464,6659.19,9749054
2025,3,1,2025-03,165,1223,7150.63,8745220
2025,3,1,2025-03,166,1473,4808.37,7082729
2025,3,1,2025-03,167,1819,4430.36,8058825
2025,3,1,2025-03,168,1551,4100.63,6360077
2025,3,1,2025-03,169,993,6384.49,6339799
2025,3,1,2025-03,170,1211,6205.56,7514933
2025,3,1,2025-03,171,1446,5931,8576226
2025,3,1,2025-03,172,1583,4882.7,7729314
2025,3,1,2025-03,173,1289,5373.19,6926042
2025,3,1,2025-03,174,1306,6162.28,8047938
2025,3,1,2025-03,175,1703,5769.68,9825765
2025,3,1,2025-03,176,2021,7483.53,15124214
2025,3,1,2025-03,177,1860,4441.2,8260632
2025,3,1,2025-03,178,1795,6556.66,11769205
2025,3,1,2025-03,179,2044,5434.52,11108159
2025,3,1,2025-03,180,1875,5592.49,10485919
2025,3,1,2025-03,181,839,6620.53,5554625
2025,3,1,2025-03,182,1715,6569.38,11266487
2025,3,1,2025-03,183,1995,7594.65,15151327
2025,3,1,2025-03,184,1876,4405.91,8265487
2025,3,1,2025-03,185,1994,4459.7,8892642
2025,3,1,2025-03,186,1196,6612.41,7908442
2025,3,1,2025-03,187,1001,6169.2,6175369
2025,3,1,2025-03,188,1603,5031.44,8065398
2025,3,1,2025-03,189,1829,4357.47,7969813
2025,3,1,2025-03,190,1859,4387.44,8156251
2025,3,1,2025-03,191,1256,7192.32,9033554
2025,3,1,2025-03,192,1823,4760.87,8679066
2025,3,1,2025-03,193,1826,5213.88,9520545
2025,3,1,2025-03,194,1130,4883.46,5518310
2025,3,1,2025-03,195,983,5315.83,5225461
2025,3,1,2025-03,196,1834,4270.77,7832592
2025,3,1,2025-03,197,1616,5840.93,9438943
2025,3,1,2025-03,198,1211,4283.02,5186737
2025,3,1,2025-03,199,1237,6931.03,8573684
2025,3,1,2025-03,200,2002,4874.64,9759029
2025,3,1,2025-03,201,1691,5988.21,10126063
2025,3,1,2025-03,202,1599,7048.91,11271207
2025,3,1,2025-03,203,1577,6409.67,10108050
2025,3,1,2025-03,204,716,5976.4,4279102
2025,3,1,2025-03,205,1279,5215.21,6670254
2025,3,1,2025-03,206,1833,5283.63,9684894
2025,3,1,2025-03,207,1996,6435.11,12844480
2025,3,1,2025-03,208,1839,7629.46,14030577
2025,3,1,2025-03,209,1690,6399.58,10815290
2025,3,1,2025-03,210,1516,6012.03,9114237
2025,3,1,2025-03,211,1583,6657.81,10539313
2025,3,1,2025-03,212,1376,5647.97,7771607
2025,3,1,2025-03,213,761,4311.17,3280800
2025,3,1,2025-03,214,627,6098.87,3823991
2025,3,1,2025-03,215,1166,7536.38,8787419
2025,3,1,2025-03,216,719,4665.41,3354430
2025,3,1,2025-03,217,1400,6508.7,9112180
2025,3,1,2025-03,218,1814,4767.27,8647828
2025,3,1,2025-03,219,949,5935.21,5632514
2025,3,1,2025-03,220,2101,4399.85,9244085
2025,3,1,2025-03,221,1628,5662.18,9218029
2025,3,1,2025-03,222,1689,6623.19,11186568
2025,3,1,2025-03,223,1134,5237.54,5939370
2025,3,1,2025-03,224,1867,6458.8,12058580
2025,3,1,2025-03,225,659,6889.33,4540068
2025,3,1,2025-03,226,1315,7263.41,9551384
2025,3,1,2025-03,227,2114,4835.23,10221676
2025,3,1,2025-03,228,659,5469.54,3604427
2025,3,1,2025-03,229,1902,4549.27,8652712
2025,3,1,2025-03,230,667,7603.69,5071661
2025,3,1,2025-03,231,836,7364.34,6156588
2025,3,1,2025-03,232,1305,5991.75,7819234
2025,3,1,2025-03,233,857,7046.08,6038491
2025,3,1,2025-03,234,869,5896.86,5124371
2025,3,1,2025-03,235,1255,6342.86,7960289
2025,3,1,2025-03,236,774,4321.75,3345034
2025,3,1,2025-03,237,1331,6605.63,8792094
2025,3,1,2025-03,238,1244,4421.4,5500222
2025,3,1,2025-03,239,645,6947.89,4481389
2025,3,1,2025-03,240,1063,6916.37,7352101
2025,3,1,2025-03,241,1829,6609.02,12087898
2025,3,1,2025-03,242,1832,4119.69,7547272
2025,3,1,2025-03,243,809,5082.92,4112082
2025,3,1,2025-03,244,1734,4999.99,8669983
2025,3,1,2025-03,245,1012,5318.46,5382282
2025,3,1,2025-03,246,2019,4301.59,8684910
2025,3,1,2025-03,247,1293,7323.86,9469751
2025,3,1,2025-03,248,1589,5976.9,9497294
2025,3,1,2025-03,249,1325,5083.66,6735850
2025,3,1,2025-03,250,858,5420.2,4650532
2025,3,1,2025-03,251,1970,5643.61,11117912
2025,3,1,2025-03,252,764,6191.07,4729977
2025,3,1,2025-03,253,1568,5789.99,9078704
2025,3,1,2025-03,254,1317,7315.25,9634184
2025,3,1,2025-03,255,1077,5783.45,6228776
2025,3,1,2025-03,256,1497,7591.9,11365074
2025,3,1,2025-03,257,1173,7117.69,8349050
2025,3,1,2025-03,258,1129,4812.07,5432827
2025,3,1,2025-03,259,1638,7301.06,11959136
2025,3,1,2025-03,260,1073,4465.45,4791428
2025,3,1,2025-03,261,1112,7000.89,7784990
2025,3,1,2025-03,262,676,5376.93,3634805
2025,3,1,2025-03,263,2118,7038.7,14907967
2025,3,1,2025-03,264,1770,7169.38,12689803
2025,3,1,2025-03,265,701,6858.49,4807801
2025,3,1,2025-03,266,861,6918.57,5956889
2025,3,1,2025-03,267,1081,5113.06,5527218
2025,3,1,2025-03,268,1083,4379.05,4742511
2025,3,1,2025-03,269,1669,5434.12,9069546
2025,3,1,2025-03,270,1295,4647.18,6018098
2025,3,1,2025-03,271,522,6540.16,3413964
2025,3,1,2025-03,272,1207,5331.2,6434758
2025,3,1,2025-03,273,1945,7537.55,14660535
2025,3,1,2025-03,274,880,6340.39,5579543
2025,3,1,2025-03,275,967,6988.45,6757831
2025,3,1,2025-03,276,1546,4462.74,6899396
2025,3,1,2025-03,277,1723,7154.35,12326945
2025,3,1,2025-03,278,1562,7224.68,11284950
2025,3,1,2025-03,279,663,5800.11,3845473
2025,3,1,2025-03,280,1641,6117.28,10038456
2025,3,1,2025-03,281,1720,6768.94,11642577
2025,3,1,2025-03,282,1366,4650.07,6351996
2025,3,1,2025-03,283,614,5815.34,3570619
2025,3,1,2025-03,284,1903,5480.18,10428783
2025,3,1,2025-03,285,857,4561.93,3909574
2025,3,1,2025-03,286,623,5375.75,3349092
2025,3,1,2025-03,287,550,4317.8,2374790
2025,3,1,2025-03,288,1582,4011.06,6345497
2025,3,1,2025-03,289,1078,4599.4,4958153
2025,3,1,2025-03,290,1089,7422.44,8083037
2025,3,1,2025-03,291,2021,6017.28,12160923
2025,3,1,2025-03,292,1963,7523.94,14769494
2025,3,1,2025-03,293,580,5615.28,3256862
2025,3,1,2025-03,294,907,5197.49,4714123
2025,3,1,2025-03,295,1909,5792.29,11057482
2025,3,1,2025-03,296,1618,5605.61,9069877
2025,3,1,2025-03,297,1057,4454.64,4708554
2025,3,1,2025-03,298,1944,6311.06,12268701
2025,3,1,2025-03,299,581,4852.51,2819308
2025,3,1,2025-03,300,479,6268.24,3002487
2025,3,1,2025-03,301,1412,6363.18,8984810
2025,3,1,2025-03,302,1765,4633.45,8178039
2025,3,1,2025-03,303,879,4177.04,3671618
2025,3,1,2025-03,304,1223,6747.11,8251716
2025,3,1,2025-03,305,1779,5710.98,10159833
2025,3,1,2025-03,306,1467,4248.35,6232329
2025,3,1,2025-03,307,821,7579.57,6222827
2025,3,1,2025-03,308,1392,4243.33,5906715
2025,3,1,2025-03,309,939,6575.26,6174169
2025,3,1,2025-03,310,1824,7526.14,13727679
2025,3,1,2025-03,311,1541,4908.92,7564646
2025,3,1,2025-03,312,1900,4564.85,8673215
2025,3,1,2025-03,313,1853,4525.86,8386419
2025,3,1,2025-03,314,1795,5135.82,9218797
2025,3,1,2025-03,315,1082,4422.87,4785545
2025,3,1,2025-03,316,1280,6452.44,8259123
2025,3,1,2025-03,317,1551,4212.75,6533975
2025,3,1,2025-03,318,1398,5817.81,8133298
2025,3,1,2025-03,319,1083,7581.55,8210819
2025,3,1,2025-03,320,1426,6907.84,9850580
2025,3,1,2025-03,321,881,6230.97,5489485
2025,3,1,2025-03,322,1994,5121.86,10212989
2025,3,1,2025-03,323,1385,6167.36,8541794
2025,3,1,2025-03,324,1198,5903.81,7072764
2025,3,1,2025-03,325,486,5527.9,2686559
2025,3,1,2025-03,326,917,4552.28,4174441
2025,3,1,2025-03,327,1947,7222.61,14062422
2025,3,1,2025-03,328,1159,5696.17,6601861
2025,3,1,2025-03,329,1036,4791.04,4963517
2025,3,1,2025-03,330,1834,5460.95,10015382
2025,3,1,2025-03,331,823,5485.11,4514246
2025,3,1,2025-03,332,648,7019.16,4548416
2025,3,1,2025-03,333,1963,6639.16,13032671
2025,3,1,2025-03,334,1330,6770,9004100
2025,3,1,2025-03,335,1073,4027.88,4321915
2025,3,1,2025-03,336,1480,5486.49,8120005
2025,3,1,2025-03,337,1608,5836.95,9385816
2025,3,1,2025-03,338,1063,4104.47,4363052
2025,3,1,2025-03,339,1430,4897.96,7004083
2025,3,1,2025-03,340,1367,6718.45,9184121
2025,3,1,2025-03,341,1222,4522.14,5526055
2025,3,1,2025-03,342,1184,5899.72,6985268
2025,3,1,2025-03,343,1812,4840.62,8771203
2025,3,1,2025-03,344,1726,4078.86,7040112
2025,3,1,2025-03,345,687,4919.73,3379855
2025,3,1,2025-03,346,1701,7441.17,12657430
2025,3,1,2025-03,347,1651,6844.07,11299560
2025,3,1,2025-03,348,838,7411.25,6210628
2025,3,1,2025-03,349,901,5825.89,5249127
2025,3,1,2025-03,350,1648,4423.52,7289961
2025,3,1,2025-03,351,2024,6011.38,12167033
2025,3,1,2025-03,352,1132,5756.07,6515871
2025,3,1,2025-03,353,592,7019.74,4155686
2025,3,1,2025-03,354,1568,4387.05,6878894
2025,3,1,2025-03,355,866,5773.63,4999964
2025,3,1,2025-03,356,1873,4519.22,8464499
2025,3,1,2025-03,357,1101,5217.43,5744390
2025,3,1,2025-03,358,976,6627.42,6468362
2025,3,1,2025-03,359,732,5671.22,4151333
2025,3,1,2025-03,360,1243,5207,6472301
2025,3,1,2025-03,361,1707,5451.15,9305113
2025,3,1,2025-03,362,1362,5685.51,7743665
2025,3,1,2025-03,363,1477,6871.09,10148600
2025,3,1,2025-03,364,1686,7287.42,12286590
2025,3,1,2025-03,365,727,7442.24,5410508
2025,3,1,2025-03,366,818,6844.33,5598662
2025,3,1,2025-03,367,1456,5087.77,7407793
2025,3,1,2025-03,368,1377,6586.06,9069005
2025,3,1,2025-03,369,1879,5464.39,10267589
2025,3,1,2025-03,370,1848,4941.9,9132631
2025,3,1,2025-03,371,1734,7109.02,12327041
2025,3,1,2025-03,372,703,4157.25,2922547
2025,3,1,2025-03,373,501,7192.64,3603513
2025,3,1,2025-03,374,1136,5714.73,6491933
2025,3,1,2025-03,375,1102,6396.32,7048745
2025,3,1,2025-03,376,1870,6500.15,12155280
2025,3,1,2025-03,377,1013,7185.84,7279256
2025,3,1,2025-03,378,984,6333.43,6232095
2025,3,1,2025-03,379,1804,6285.39,11338844
2025,3,1,2025-03,380,1488,4309.58,6412655
2025,3,1,2025-03,381,1504,5912.98,8893122
2025,3,1,2025-03,382,652,4554.42,2969482
2025,3,1,2025-03,383,947,6654.24,6301565
2025,3,1,2025-03,384,2060,5842.87,12036312
2025,3,1,2025-03,385,1217,6403.37,7792901
2025,3,1,2025-03,386,1681,4146.93,6970989
2025,3,1,2025-03,387,1773,4305.83,7634237
2025,3,1,2025-03,388,796,6636.63,5282757
2025,3,1,2025-03,389,1816,4328.05,7859739
2025,3,1,2025-03,390,1427,4286.96,6117492
2025,3,1,2025-03,391,1899,4060.88,7711611
2025,3,1,2025-03,392,1436,7345.66,10548368
2025,3,1,2025-03,393,1261,6653.89,8390555
2025,3,1,2025-03,394,1590,5310.26,8443313
2025,3,1,2025-03,395,1026,5196.98,5332101
2025,3,1,2025-03,396,876,5335.34,4673758
2025,3,1,2025-03,397,1276,6804.96,8683129
2025,3,1,2025-03,398,1493,6397.38,9551288
2025,3,1,2025-03,399,501,4651.98,2330642
2025,3,1,2025-03,400,1105,4675.22,5166118
2025,3,1,2025-03,401,762,4405.55,3357029
2025,3,1,2025-03,402,784,6407.2,5023245
2025,3,1,2025-03,403,1268,6723.95,8525969
2025,3,1,2025-03,404,1054,5064.92,5338426
2025,3,1,2025-03,405,1281,4204.78,5386323
2025,3,1,2025-03,406,1506,4335.03,6528555
2025,3,1,2025-03,407,1331,7525.74,10016760
2025,3,1,2025-03,408,1744,5023.44,8760879
2025,3,1,2025-03,409,1600,6725.29,10760464
2025,3,1,2025-03,410,1864,6294.41,11732780
2025,3,1,2025-03,411,1415,5428.88,7681865
2025,3,1,2025-03,412,1311,4802.18,6295658
2025,3,1,2025-03,413,1437,4477.23,6433780
2025,3,1,2025-03,414,698,6269.26,4375943
2025,3,1,2025-03,415,1197,6756.22,8087195
2025,3,1,2025-03,416,1535,6323.49,9706557
2025,3,1,2025-03,417,1724,6022.88,10383445
2025,3,1,2025-03,418,878,4185.98,3675290
2025,3,1,2025-03,419,903,7541.38,6809866
2025,3,1,2025-03,420,1159,6876.19,7969504
2025,3,1,2025-03,421,1880,5099.46,9586985
2025,3,1,2025-03,422,885,7582.79,6710769
2025,3,1,2025-03,423,1295,6132.62,7941743
2025,3,1,2025-03,424,1384,6178.4,8550906
2025,3,1,2025-03,425,1606,6694.33,10751094
2025,3,1,2025-03,426,1499,6957.73,10429637
2025,3,1,2025-03,427,920,6348.92,5841006
2025,3,1,2025-03,428,983,4472.87,4396831
2025,3,1,2025-03,429,1496,5184.15,7755488
2025,3,1,2025-03,430,798,7307.55,5831425
2025,3,1,2025-03,431,1802,4845.23,8731104
2025,3,1,2025-03,432,1596,5372.56,8574606
2025,3,1,2025-03,433,586,5615.91,3290923
2025,3,1,2025-03,434,1676,5598.04,9382315
2025,3,1,2025-03,435,1760,6273.58,11041501
2025,3,1,2025-03,436,1427,7449.79,10630850
2025,3,1,2025-03,437,1359,4874.76,6624799
2025,3,1,2025-03,438,1602,4309.11,6903194
2025,3,1,2025-03,439,1328,4763.37,6325755
2025,3,1,2025-03,440,1848,7200.54,13306598
2025,3,1,2025-03,441,526,6290.19,3308640
2025,3,1,2025-03,442,1245,5131.26,6388419
2025,3,1,2025-03,443,1608,6929.45,11142556
2025,3,1,2025-03,444,1514,7063.93,10694790
2025,3,1,2025-03,445,1221,7161.27,8743911
2025,3,1,2025-03,446,781,7300.71,5701855
2025,3,1,2025-03,447,1071,4942.82,5293760
2025,3,1,2025-03,448,1231,6749.68,8308856
2025,3,1,2025-03,449,1630,5624.86,9168522
2025,3,1,2025-03,450,1068,7009.54,7486189
2025,3,1,2025-03,451,855,6628.93,5667735
2025,3,1,2025-03,452,1362,6879.54,9369933
2025,3,1,2025-03,453,1525,6338.2,9665755
2025,3,1,2025-03,454,1847,4721.13,8719927
2025,3,1,2025-03,455,1488,6005.52,8936214
2025,3,1,2025-03,456,2118,7544.84,15979971
2025,3,1,2025-03,457,669,7348.67,4916260
2025,3,1,2025-03,458,1654,4149.35,6863025
2025,3,1,2025-03,459,1694,4776.98,8092204
2025,3,1,2025-03,460,1742,4563.46,7949547
2025,3,1,2025-03,461,1550,6616.71,10255900
2025,3,1,2025-03,462,1545,6950.72,10738862
2025,3,1,2025-03,463,1265,4777.87,6044006
2025,3,1,2025-03,464,1075,5779.47,6212930
2025,3,1,2025-03,465,1268,7011.96,8891165
2025,3,1,2025-03,466,1702,6633.59,11290370
2025,3,1,2025-03,467,1486,6040.44,8976094
2025,3,1,2025-03,468,1148,6148.22,7058157
2025,3,1,2025-03,469,1336,5826.74,7784525
2025,3,1,2025-03,470,1910,5181.3,9896283
2025,3,1,2025-03,471,1294,6023.98,7795030
2025,3,1,2025-03,472,1983,6484.1,12857970
2025,3,1,2025-03,473,1745,7210.78,12582811
2025,3,1,2025-03,474,1178,6263.23,7378085
2025,3,1,2025-03,475,1977,6721.81,13289018
2025,3,1,2025-03,476,1274,4589.01,5846399
2025,3,1,2025-03,477,1272,5704.55,7256188
2025,3,1,2025-03,478,1219,4003.24,4879950
2025,3,1,2025-03,479,726,4913.14,3566940
2025,3,1,2025-03,480,1633,6581.41,10747443
2025,3,1,2025-03,481,629,7563.87,4757674
2025,3,1,2025-03,482,1976,4420.85,8735600
2025,3,1,2025-03,483,1480,5422.3,8025004
2025,3,1,2025-03,484,1490,6836.32,10186117
2025,3,1,2025-03,485,1310,4747.91,6219762
2025,3,1,2025-03,486,1875,5995.67,11241881
2025,3,1,2025-03,487,1794,6686.97,11996424
2025,3,1,2025-03,488,1402,6151.54,8624459
2025,3,1,2025-03,489,1454,4705.84,6842291
2025,3,1,2025-03,490,1617,5266.44,8515833
2025,3,1,2025-03,491,654,6774.16,4430301
2025,3,1,2025-03,492,1580,5967.87,9429235
2025,3,1,2025-03,493,1427,4024.25,5742605
2025,3,1,2025-03,494,895,6698.13,5994826
2025,3,1,2025-03,495,1679,4126.94,6929132
2025,3,1,2025-03,496,1446,6687.18,9669662
2025,3,1,2025-03,497,856,4715.4,4036382
2025,3,1,2025-03,498,1059,7452.9,7892621
2025,3,1,2025-03,499,1060,5374.07,5696514
2025,3,1,2025-03,500,976,5216.94,5091733
2025,3,1,2025-03,501,1035,4554.83,4714249
2025,3,1,2025-03,502,1968,5137.86,10111308
2025,3,1,2025-03,503,1718,7094.73,12188746
2025,3,1,2025-03,504,814,7529.05,6128647
2025,3,1,2025-03,505,657,5367.8,3526645
2025,3,1,2025-03,506,1052,5623.11,5915512
2025,3,1,2025-03,507,1799,6601.29,11875721
2025,3,1,2025-03,508,1306,7175.14,9370733
2025,3,1,2025-03,509,1629,6190.24,10083901
2025,3,1,2025-03,510,1706,5504.13,9390046
2025,3,1,2025-03,511,1342,5485.36,7361353
2025,3,1,2025-03,512,1052,6519.73,6858756
2025,3,1,2025-03,513,1191,4085.92,4866331
2025,3,1,2025-03,514,1563,6274.67,9807309
2025,3,1,2025-03,515,1800,5269.08,9484344
2025,3,1,2025-03,516,1059,6788.74,7189276
2025,3,1,2025-03,517,1537,4457.21,6850732
2025,3,1,2025-03,518,1381,6086.79,8405857
2025,3,1,2025-03,519,996,5831.38,5808054
2025,3,1,2025-03,520,844,6420.87,5419214
2025,3,1,2025-03,521,1236,4301.17,5316246
2025,3,1,2025-03,522,1607,6146.7,9877747
2025,3,1,2025-03,523,810,6032.13,4886025
2025,3,1,2025-03,524,2100,6044.83,12694143
2025,3,1,2025-03,525,1265,6152.61,7783052
2025,3,1,2025-03,526,1237,6509.25,8051942
2025,3,1,2025-03,527,792,7014.09,5555159
2025,3,1,2025-03,528,1488,5061.73,7531854
2025,3,1,2025-03,529,1192,6966.99,8304652
2025,3,1,2025-03,530,1948,5767.84,11235752
2025,3,1,2025-03,531,1743,4405.65,7679048
2025,3,1,2025-03,532,1921,4198.07,8064492
2025,3,1,2025-03,533,1761,5246.5,9239086
2025,3,1,2025-03,534,1495,6878.62,10283537
2025,3,1,2025-03,535,871,6614.9,5761578
2025,3,1,2025-03,536,1016,6908.89,7019432
2025,3,1,2025-03,537,561,5875.41,3296105
2025,3,1,2025-03,538,1700,5589.09,9501453
2025,3,1,2025-03,539,1798,4515.81,8119426
2025,3,1,2025-03,540,1167,5117.79,5972461
2025,3,1,2025-03,541,1355,5594.21,7580155
2025,3,1,2025-03,542,555,4415.47,2450586
2025,3,1,2025-03,543,1219,4800.02,5851224
2025,3,1,2025-03,544,1326,6190.09,8208059
2025,3,1,2025-03,545,518,6686.97,3463850
2025,3,1,2025-03,546,1550,7578.33,11746412
2025,3,1,2025-03,547,1188,7397.99,8788812
2025,3,1,2025-03,548,1608,6456.97,10382808
2025,3,1,2025-03,549,1537,5540.7,8516056
2025,3,1,2025-03,550,828,6323.85,5236148
2025,3,1,2025-03,551,788,6846.75,5395239
2025,3,1,2025-03,552,1357,4383.82,5948844
2025,3,1,2025-03,553,1615,5408.11,8734098
2025,3,1,2025-03,554,1180,7041.98,8309536
2025,3,1,2025-03,555,1650,5408.92,8924718
2025,3,1,2025-03,556,1234,6048.11,7463368
2025,3,1,2025-03,557,1912,6141.81,11743141
2025,3,1,2025-03,558,1849,4735.06,8755126
2025,3,1,2025-03,559,1437,5278.17,7584730
2025,3,1,2025-03,560,1787,5204.51,9300459
2025,3,1,2025-03,561,1488,4011.1,5968517
2025,3,1,2025-03,562,1376,4162.52,5727628
2025,3,1,2025-03,563,1345,7053.5,9486958
2025,3,1,2025-03,564,1729,5029.72,8696386
2025,3,1,2025-03,565,1083,5817.36,6300201
2025,3,1,2025-03,566,1326,5153.58,6833647
2025,3,1,2025-03,567,660,7415.08,4893953
2025,3,1,2025-03,568,1378,4937.38,6803710
2025,3,1,2025-03,569,1620,5611,9089820
2025,3,1,2025-03,570,1409,7173.24,10107095
2025,3,1,2025-03,571,1649,7004.77,11550866
2025,3,1,2025-03,572,759,4650.82,3529972
2025,3,1,2025-03,573,1221,6872.88,8391786
2025,3,1,2025-03,574,1664,5678.66,9449290
2025,3,1,2025-03,575,570,5803.68,3308098
2025,3,1,2025-03,576,1710,4490.18,7678208
2025,3,1,2025-03,577,1065,4306,4585890
2025,3,1,2025-03,578,827,6594.66,5453784
2025,3,1,2025-03,579,1280,5855.08,7494502
2025,3,1,2025-03,580,1659,5635.35,9349046
2025,3,1,2025-03,581,1778,6622.39,11774609
2025,3,1,2025-03,582,741,6710.02,4972125
2025,3,1,2025-03,583,1086,4614.43,5011271
2025,3,1,2025-03,584,1264,6144.43,7766560
2025,3,1,2025-03,585,1858,4468.95,8303309
2025,3,1,2025-03,586,1027,6758.31,6940784
2025,3,1,2025-03,587,1385,6476.81,8970382
2025,3,1,2025-03,588,1524,7352.32,11204936
2025,3,1,2025-03,589,749,4310.9,3228864
2025,3,1,2025-03,590,1143,4128.87,4719298
2025,3,1,2025-03,591,1071,5041.32,5399254
2025,3,1,2025-03,592,1762,4945.85,8714588
2025,3,1,2025-03,593,796,4945.2,3936379
2025,3,1,2025-03,594,814,7288.82,5933099
2025,3,1,2025-03,595,967,4969.85,4805845
2025,3,1,2025-03,596,1302,4952.76,6448494
2025,3,1,2025-03,597,1295,6767.42,8763809
2025,3,1,2025-03,598,1858,5656.26,10509331
2025,3,1,2025-03,599,1431,6802.96,9735036
2025,3,1,2025-03,600,1704,4320.85,7362728
2025,3,1,2025-03,601,670,5843.72,3915292
2025,3,1,2025-03,602,1258,4173.24,5249936
2025,3,1,2025-03,603,1476,4191.84,6187156
2025,3,1,2025-03,604,1446,7324.24,10590851
2025,3,1,2025-03,605,951,4531.91,4309846
2025,3,1,2025-03,606,1507,5965.02,8989285
2025,3,1,2025-03,607,1525,5506.55,8397489
2025,3,1,2025-03,608,1480,5208.3,7708284
2025,3,1,2025-03,609,2142,7216.93,15458664
2025,3,1,2025-03,610,1604,4161.74,6675431
2025,3,1,2025-03,611,1711,6358.5,10879394
2025,3,1,2025-03,612,1096,7461.49,8177793
2025,3,1,2025-03,613,1633,6086.43,9939140
2025,3,1,2025-03,614,731,7420.28,5424225
2025,3,1,2025-03,615,1552,4308.63,6686994
2025,3,1,2025-03,616,1717,5534.46,9502668
2025,3,1,2025-03,617,1300,4997.92,6497296
2025,3,1,2025-03,618,1032,6655.8,6868786
2025,3,1,2025-03,619,1528,7457.95,11395748
2025,3,1,2025-03,620,1245,5006.96,6233665
2025,3,1,2025-03,621,1507,6370.72,9600675
2025,3,1,2025-03,622,1789,4751.84,8501042
2025,3,1,2025-03,623,1805,6081.26,10976674
2025,3,1,2025-03,624,1207,5695.41,6874360
2025,3,1,2025-03,625,585,7435.93,4350019
2025,3,1,2025-03,626,1261,6141.84,7744860
2025,3,1,2025-03,627,1126,5281.6,5947082
2025,3,1,2025-03,628,1250,4426.98,5533725
2025,3,1,2025-03,629,1397,4569.81,6384025
2025,3,1,2025-03,630,1444,4800.47,6931879
2025,3,1,2025-03,631,1448,4902.18,7098357
2025,3,1,2025-03,632,878,7032.49,6174526
2025,3,1,2025-03,633,1420,6016.47,8543387
2025,3,1,2025-03,634,1574,5895.88,9280115
2025,3,1,2025-03,635,1793,4493.16,8056236
2025,3,1,2025-03,636,1613,7155.74,11542209
2025,3,1,2025-03,637,1951,6678.41,13029578
2025,3,1,2025-03,638,772,4279.19,3303535
2025,3,1,2025-03,639,1948,6538.49,12736979
2025,3,1,2025-03,640,1486,5917.98,8794118
2025,3,1,2025-03,641,1123,4350.55,4885668
2025,3,1,2025-03,642,1214,5670.92,6884497
2025,3,1,2025-03,643,1465,5774.54,8459701
2025,3,1,2025-03,644,883,4644.85,4101403
2025,3,1,2025-03,645,1476,7461.84,11013676
2025,3,1,2025-03,646,1776,7092.3,12595925
2025,3,1,2025-03,647,987,6440.81,6357079
2025,3,1,2025-03,648,1984,5651.42,11212417
2025,3,1,2025-03,649,2031,5579.24,11331436
2025,3,1,2025-03,650,1225,6360.34,7791416
2025,3,1,2025-03,651,956,5980.94,5717779
2025,3,1,2025-03,652,1613,4286.2,6913641
2025,3,1,2025-03,653,832,5834.98,4854703
2025,3,1,2025-03,654,1696,6946.46,11781196
2025,3,1,2025-03,655,1611,5753.35,9268647
2025,3,1,2025-03,656,1605,4204.04,6747484
2025,3,1,2025-03,657,1949,6847.22,13345232
2025,3,1,2025-03,658,2005,4739.94,9503580
2025,3,1,2025-03,659,954,4981.35,4752208
2025,3,1,2025-03,660,1301,4657.24,6059069
2025,3,1,2025-03,661,1576,5240.6,8259186
2025,3,1,2025-03,662,1031,6774.92,6984943
2025,3,1,2025-03,663,639,5831.66,3726431
2025,3,1,2025-03,664,1323,4803.42,6354925
2025,3,1,2025-03,665,771,7177.42,5533791
2025,3,1,2025-03,666,1682,7266.99,12223077
2025,3,1,2025-03,667,2080,7134.21,14839157
2025,3,1,2025-03,668,713,4976.21,3548038
2025,3,1,2025-03,669,1344,5703.28,7665208
2025,3,1,2025-03,670,1445,7596.02,10976249
2025,3,1,2025-03,671,1643,6796.7,11166978
2025,3,1,2025-03,672,1586,4212.67,6681295
2025,3,1,2025-03,673,1103,4235.45,4671701
2025,3,1,2025-03,674,1068,5727.47,6116938
2025,3,1,2025-03,675,1372,7368.32,10109335
2025,3,1,2025-03,676,1526,5948.73,9077762
2025,3,1,2025-03,677,2072,5841.23,12103029
2025,3,1,2025-03,678,1341,4377.19,5869812
2025,3,1,2025-03,679,861,6471,5571531
2025,3,1,2025-03,680,736,6958.19,5121228
2025,3,1,2025-03,681,932,5395.21,5028336
2025,3,1,2025-03,682,1088,6779.75,7376368
2025,3,1,2025-03,683,1701,7461.03,12691212
2025,3,1,2025-03,684,1862,4758.76,8860811
2025,3,1,2025-03,685,1776,5928.17,10528430
2025,3,1,2025-03,686,1417,5058.05,7167257
2025,3,1,2025-03,687,1641,6767.22,11105008
2025,3,1,2025-03,688,1557,6124.81,9536329
2025,3,1,2025-03,689,1579,6384.94,10081820
2025,3,1,2025-03,690,601,6819.52,4098532
2025,3,1,2025-03,691,720,5473.04,3940589
2025,3,1,2025-03,692,1120,7433.31,8325307
2025,3,1,2025-03,693,1167,5927.45,6917334
2025,3,1,2025-03,694,644,4607.03,2966927
2025,3,1,2025-03,695,1387,6495.1,9008704
2025,3,1,2025-03,696,1520,6922.24,10521805
2025,3,1,2025-03,697,961,5213.82,5010481
2025,3,1,2025-03,698,1320,7059.13,9318052
2025,3,1,2025-03,699,1587,7283.35,11558676
2025,3,1,2025-03,700,1053,4998.98,5263926
2025,3,1,2025-03,701,1218,7515.81,9154257
2025,3,1,2025-03,702,1780,4512.47,8032197
2025,3,1,2025-03,703,1943,4743.8,9217203
2025,3,1,2025-03,704,1863,4671.49,8702986
2025,3,1,2025-03,705,1765,7231.54,12763668
2025,3,1,2025-03,706,556,6446.95,3584504
2025,3,1,2025-03,707,1654,4555.11,7534152
2025,3,1,2025-03,708,2153,5577.32,12007970
2025,3,1,2025-03,709,1754,6256.41,10973743
2025,3,1,2025-03,710,1943,4319.57,8392925
2025,3,1,2025-03,711,1941,7148.53,13875297
2025,3,1,2025-03,712,1667,6915.86,11528739
2025,3,1,2025-03,713,1219,5841.41,7120679
2025,3,1,2025-03,714,1009,7470.14,7537371
2025,3,1,2025-03,715,1568,5573.32,8738966
2025,3,1,2025-03,716,1498,7531.62,11282367
2025,3,1,2025-03,717,1780,6473.19,11522278
2025,3,1,2025-03,718,1101,6318.71,6956900
2025,3,1,2025-03,719,1620,4569.72,7402946
2025,3,1,2025-03,720,1542,7201.83,11105222
2025,3,1,2025-03,721,833,5546.95,4620609
2025,3,1,2025-03,722,1446,4565.36,6601511
2025,3,1,2025-03,723,1827,4089.68,7471845
2025,3,1,2025-03,724,1465,6015.65,8812927
2025,3,1,2025-03,725,953,6021.59,5738575
2025,3,1,2025-03,726,1477,6588.11,9730638
2025,3,1,2025-03,727,1803,7224.69,13026116
2025,3,1,2025-03,728,1509,4289.84,6473369
2025,3,1,2025-03,729,1220,6642.2,8103484
2025,3,1,2025-03,730,566,4737.23,2681272
2025,3,1,2025-03,731,1178,7213.45,8497444
2025,3,1,2025-03,732,1893,6972.21,13198394
2025,3,1,2025-03,733,1581,5901.35,9330034
2025,3,1,2025-03,734,1154,6642.67,7665641
2025,3,1,2025-03,735,1159,5205.93,6033673
2025,3,1,2025-03,736,1239,5597.6,6935426
2025,3,1,2025-03,737,547,6901.12,3774913
2025,3,1,2025-03,738,1375,5659.49,7781799
2025,3,1,2025-03,739,1139,5276.49,6009922
2025,3,1,2025-03,740,1445,5800.37,8381535
2025,3,1,2025-03,741,1692,6969.1,11791717
2025,3,1,2025-03,742,1942,5280.92,10255547
2025,3,1,2025-03,743,1587,4711.59,7477293
2025,3,1,2025-03,744,950,6525.6,6199320
2025,3,1,2025-03,745,1053,7076.92,7451997
2025,3,1,2025-03,746,1383,4468.5,6179936
2025,3,1,2025-03,747,1407,4769.58,6710799
2025,3,1,2025-03,748,1215,4509.76,5479358
2025,3,1,2025-03,749,1805,5232.18,9444085
2025,3,1,2025-03,750,1018,5604.59,5705473
2025,3,1,2025-03,751,1302,6598.06,8590674
2025,3,1,2025-03,752,1026,6370.78,6536420
2025,3,1,2025-03,753,1251,6220.03,7781258
2025,3,1,2025-03,754,1058,5324.09,5632887
2025,3,1,2025-03,755,466,7147.04,3330521
2025,3,1,2025-03,756,1371,5797.64,7948564
2025,3,1,2025-03,757,1282,7502,9617564
2025,3,1,2025-03,758,2033,6300.48,12808876
2025,3,1,2025-03,759,1720,4525.49,7783843
2025,3,1,2025-03,760,1390,6535.53,9084387
2025,3,1,2025-03,761,1401,5205.77,7293284
2025,3,1,2025-03,762,1835,6436.51,11810996
2025,3,1,2025-03,763,1478,4322.7,6388951
2025,3,1,2025-03,764,772,4610.78,3559522
2025,3,1,2025-03,765,1687,7036,11869732
2025,3,1,2025-03,766,815,4899.55,3993133
2025,3,1,2025-03,767,724,7081.43,5126955
2025,3,1,2025-03,768,1619,5113.15,8278190
2025,3,1,2025-03,769,745,6404.07,4771032
2025,3,1,2025-03,770,1324,6547.69,8669142
2025,3,1,2025-03,771,1760,5848.31,10293026
2025,3,1,2025-03,772,708,5068.5,3588498
2025,3,1,2025-03,773,1824,4796.76,8749290
2025,3,1,2025-03,774,1367,4149.78,5672749
2025,3,1,2025-03,775,1188,5118.37,6080624
2025,3,1,2025-03,776,980,6366.9,6239562
2025,3,1,2025-03,777,1968,7366.14,14496564
2025,3,1,2025-03,778,440,7160.09,3150440
2025,3,1,2025-03,779,1547,6725.16,10403823
2025,3,1,2025-03,780,1098,6872.5,7546005
2025,3,1,2025-03,781,978,6352.05,6212305
2025,3,1,2025-03,782,945,4987.42,4713112
2025,3,1,2025-03,783,1364,7256.92,9898439
2025,3,1,2025-03,784,1126,6452,7264952
2025,3,1,2025-03,785,867,6111.27,5298471
2025,3,1,2025-03,786,1125,4344.89,4888001
2025,3,1,2025-03,787,1368,5624.33,7694083
2025,3,1,2025-03,788,1987,5700.17,11326238
2025,3,1,2025-03,789,1521,7107.24,10810112
2025,3,1,2025-03,790,1629,5995.13,9766067
2025,3,1,2025-03,791,1386,5406.01,7492730
2025,3,1,2025-03,792,1167,7591.43,8859199
2025,3,1,2025-03,793,2080,4371.53,9092782
2025,3,1,2025-03,794,624,5469.68,3413080
2025,3,1,2025-03,795,1462,4208.03,6152140
2025,3,1,2025-03,796,1641,6739.23,11059076
2025,3,1,2025-03,797,1737,7367.28,12796965
2025,3,1,2025-03,798,940,5019.92,4718725
2025,3,1,2025-03,799,737,7045.96,5192873
2025,3,1,2025-03,800,613,5104.77,3129224
2025,3,1,2025-03,801,1313,7313.56,9602704
2025,3,1,2025-03,802,1346,6665.48,8971736
2025,3,1,2025-03,803,1966,6877.77,13521696
2025,3,1,2025-03,804,1263,4124.12,5208764
2025,3,1,2025-03,805,1581,7473.28,11815256
2025,3,1,2025-03,806,833,6687.96,5571071
2025,3,1,2025-03,807,373,5143.28,1918443
2025,3,1,2025-03,808,1922,6936.36,13331684
2025,3,1,2025-03,809,414,5062.06,2095693
2025,3,1,2025-03,810,1605,7086.51,11373849
2025,3,1,2025-03,811,862,4465.53,3849287
2025,3,1,2025-03,812,888,6536.61,5804510
2025,3,1,2025-03,813,1151,6071.39,6988170
2025,3,1,2025-03,814,1143,4407.19,5037418
2025,3,1,2025-03,815,674,4960.71,3343519
2025,3,1,2025-03,816,1317,4080.57,5374111
2025,3,1,2025-03,817,1792,5691.38,10198953
2025,3,1,2025-03,818,914,5142.81,4700528
2025,3,1,2025-03,819,1462,6148.96,8989780
2025,3,1,2025-03,820,795,5115.4,4066743
2025,3,1,2025-03,821,1021,5076.59,5183198
2025,3,1,2025-03,822,1753,6771.98,11871281
2025,3,1,2025-03,823,1377,4218.93,5809467
2025,3,1,2025-03,824,710,7225.69,5130240
2025,3,1,2025-03,825,1239,7057.92,8744763
2025,3,1,2025-03,826,1242,6466.69,8031629
2025,3,1,2025-03,827,1919,6165.62,11831825
2025,3,1,2025-03,828,1281,7182.79,9201154
2025,3,1,2025-03,829,1625,4760.7,7736138
2025,3,1,2025-03,830,1728,4329.7,7481722
2025,3,1,2025-03,831,1363,4910.29,6692725
2025,3,1,2025-03,832,1224,6839.16,8371132
2025,3,1,2025-03,833,749,4154.57,3111773
2025,3,1,2025-03,834,876,6114.63,5356416
2025,3,1,2025-03,835,854,7545.83,6444139
2025,3,1,2025-03,836,1966,6983.92,13730387
2025,3,1,2025-03,837,1181,5964.7,7044311
2025,3,1,2025-03,838,1013,4207.88,4262582
2025,3,1,2025-03,839,1501,6969.44,10461129
2025,3,1,2025-03,840,1765,6151.29,10857027
2025,3,1,2025-03,841,605,4531.35,2741467
2025,3,1,2025-03,842,1425,4362.99,6217261
2025,3,1,2025-03,843,1710,7297.44,12478622
2025,3,1,2025-03,844,1336,6461.05,8631963
2025,3,1,2025-03,845,922,7059.57,6508924
2025,3,1,2025-03,846,1001,7143.32,7150463
2025,3,1,2025-03,847,1895,6107.24,11573220
2025,3,1,2025-03,848,924,5854.17,5409253
2025,3,1,2025-03,849,818,5498.29,4497601
2025,3,1,2025-03,850,1670,5166.73,8628439
2025,3,1,2025-03,851,1771,5558.71,9844475
2025,3,1,2025-03,852,1587,6877.04,10913862
2025,3,1,2025-03,853,1043,6256.79,6525832
2025,3,1,2025-03,854,1288,7273.03,9367663
2025,3,1,2025-03,855,1631,5629.57,9181829
2025,3,1,2025-03,856,502,6204.93,3114875
2025,3,1,2025-03,857,746,6307.6,4705470
2025,3,1,2025-03,858,1349,6150.14,8296539
2025,3,1,2025-03,859,1436,6518.14,9360049
2025,3,1,2025-03,860,688,4867.73,3348998
2025,3,1,2025-03,861,509,5903.49,3004876
2025,3,1,2025-03,862,1938,4511.79,8743849
2025,3,1,2025-03,863,1926,5421.19,10441212
2025,3,1,2025-03,864,1532,5781.71,8857580
2025,3,1,2025-03,865,1559,6337.34,9879913
2025,3,1,2025-03,866,984,7349.62,7232026
2025,3,1,2025-03,867,1110,6212.31,6895664
2025,3,1,2025-03,868,676,6649.98,4495386
2025,3,1,2025-03,869,1945,5766.45,11215745
2025,3,1,2025-03,870,729,6372.54,4645582
2025,3,1,2025-03,871,786,4344.74,3414966
2025,3,1,2025-03,872,791,4874.67,3855864
2025,3,1,2025-03,873,766,5445.07,4170924
2025,3,1,2025-03,874,1335,5657.44,7552682
2025,3,1,2025-03,875,1679,4138.15,6947954
2025,3,1,2025-03,876,1383,4459.37,6167309
2025,3,1,2025-03,877,685,5009.98,3431836
2025,3,1,2025-03,878,1930,7560.33,14591437
2025,3,1,2025-03,879,1450,5149.4,7466630
2025,3,1,2025-03,880,825,5729.72,4727019
2025,3,1,2025-03,881,1608,4758.99,7652456
2025,3,1,2025-03,882,1101,6194.93,6820618
2025,3,1,2025-03,883,1729,5044.43,8721819
2025,3,1,2025-03,884,1745,4824.65,8419014
2025,3,1,2025-03,885,1292,5857.2,7567502
2025,3,1,2025-03,886,596,4020.98,2396504
2025,3,1,2025-03,887,1287,4090.77,5264821
2025,3,1,2025-03,888,600,4825.65,2895390
2025,3,1,2025-03,889,1148,4209.43,4832426
2025,3,1,2025-03,890,1450,4470.19,6481775
2025,3,1,2025-03,891,1877,5163.28,9691477
2025,3,1,2025-03,892,1584,6866.18,10876029
2025,3,1,2025-03,893,2194,6056.9,13288839
2025,3,1,2025-03,894,1131,5851.35,6617877
2025,3,1,2025-03,895,1172,5167.31,6056087
2025,3,1,2025-03,896,1150,7236.76,8322274
2025,3,1,2025-03,897,2069,5436.21,11247518
2025,3,1,2025-03,898,1545,4307.42,6654964
2025,3,1,2025-03,899,1028,6287.67,6463725
2025,3,1,2025-03,900,828,4410.8,3652142
2025,3,1,2025-03,901,1306,5342.97,6977919
2025,3,1,2025-03,902,772,5848.5,4515042
2025,3,1,2025-03,903,1621,7145.01,11582061
2025,3,1,2025-03,904,1141,5774.73,6588967
2025,3,1,2025-03,905,1461,6527.97,9537364
2025,3,1,2025-03,906,1685,7496.54,12631670
2025,3,1,2025-03,907,1411,4445.19,6272163
2025,3,1,2025-03,908,765,4995.48,3821542
2025,3,1,2025-03,909,500,5482.56,2741280
2025,3,1,2025-03,910,1830,5591.81,10233012
2025,3,1,2025-03,911,665,5429.7,3610750
2025,3,1,2025-03,912,997,7318.71,7296754
2025,3,1,2025-03,913,1649,6597.39,10879096
2025,3,1,2025-03,914,905,6238.39,5645743
2025,3,1,2025-03,915,865,5141.03,4446991
2025,3,1,2025-03,916,1341,7021.78,9416207
2025,3,1,2025-03,917,643,7411.45,4765562
2025,3,1,2025-03,918,999,6961.55,6954588
2025,3,1,2025-03,919,1497,4000.82,5989228
2025,3,1,2025-03,920,1377,6239.87,8592301
2025,3,1,2025-03,921,1651,4075.79,6729129
2025,3,1,2025-03,922,682,4926.88,3360132
2025,3,1,2025-03,923,1098,4257.51,4674746
2025,3,1,2025-03,924,1823,6232.64,11362103
2025,3,1,2025-03,925,1683,6545.7,11016413
2025,3,1,2025-03,926,787,4559.83,3588586
2025,3,1,2025-03,927,1389,5390.38,7487238
2025,3,1,2025-03,928,639,5640.75,3604439
2025,3,1,2025-03,929,1373,5518.74,7577230
2025,3,1,2025-03,930,1210,4478.37,5418828
2025,3,1,2025-03,931,1132,5489.25,6213831
2025,3,1,2025-03,932,656,6683.8,4384573
2025,3,1,2025-03,933,449,4267.7,1916197
2025,3,1,2025-03,934,1864,4360.24,8127487
2025,3,1,2025-03,935,1918,5297.35,10160317
2025,3,1,2025-03,936,855,7383.09,6312542
2025,3,1,2025-03,937,1152,6469.08,7452380
2025,3,1,2025-03,938,928,6447.29,5983085
2025,3,1,2025-03,939,1267,5318.07,6737995
2025,3,1,2025-03,940,1787,6121.12,10938441
2025,3,1,2025-03,941,1381,4128.67,5701693
2025,3,1,2025-03,942,1647,6352.57,10462683
2025,3,1,2025-03,943,1519,7311.45,11106093
2025,3,1,2025-03,944,1483,6221.14,9225951
2025,3,1,2025-03,945,1250,7210.02,9012525
2025,3,1,2025-03,946,962,6551.51,6302553
2025,3,1,2025-03,947,1715,4529.9,7768778
2025,3,1,2025-03,948,1191,7279.25,8669587
2025,3,1,2025-03,949,1244,4231.7,5264235
2025,3,1,2025-03,950,1519,5866.51,8911229
2025,3,1,2025-03,951,1661,4521.87,7510826
2025,3,1,2025-03,952,1085,4081.21,4428113
2025,3,1,2025-03,953,782,5587.2,4369190
2025,3,1,2025-03,954,1089,5129.75,5586298
2025,3,1,2025-03,955,1670,5800.67,9687119
2025,3,1,2025-03,956,1995,6137.98,12245270
2025,3,1,2025-03,957,1855,4263.3,7908422
2025,3,1,2025-03,958,705,4573.09,3224028
2025,3,1,2025-03,959,2034,6009.08,12222469
2025,3,1,2025-03,960,802,5263.87,4221624
2025,3,1,2025-03,961,979,6587.52,6449182
2025,3,1,2025-03,962,853,6365.44,5429720
2025,3,1,2025-03,963,752,7017.42,5277100
2025,3,1,2025-03,964,1755,6578.97,11546092
2025,3,1,2025-03,965,785,5573.76,4375402
2025,3,1,2025-03,966,1910,6386.96,12199094
2025,3,1,2025-03,967,579,4996.22,2892811
2025,3,1,2025-03,968,639,5117.41,3270025
2025,3,1,2025-03,969,649,6790.51,4407041
2025,3,1,2025-03,970,1598,5636.93,9007814
2025,3,1,2025-03,971,738,6943.3,5124155
2025,3,1,2025-03,972,889,6899.72,6133851
2025,3,1,2025-03,973,564,7116.5,4013706
2025,3,1,2025-03,974,2085,7200.74,15013543
2025,3,1,2025-03,975,327,5613.31,1835552
2025,3,1,2025-03,976,1331,5133.67,6832915
2025,3,1,2025-03,977,1789,6181.77,11059187
2025,3,1,2025-03,978,1423,5411.07,7699953
2025,3,1,2025-03,979,1067,6206.36,6622186
2025,3,1,2025-03,980,1020,6549.13,6680113
2025,3,1,2025-03,981,1105,6453.85,7131504
2025,3,1,2025-03,982,1324,5392.36,7139485
2025,3,1,2025-03,983,1696,4641.58,7872120
2025,3,1,2025-03,984,1669,5595.67,9339173
2025,3,1,2025-03,985,2034,4510.36,9174072
2025,3,1,2025-03,986,826,7279.41,6012793
2025,3,1,2025-03,987,1619,5351.24,8663658
2025,3,1,2025-03,988,1960,4576.22,8969391
2025,3,1,2025-03,989,1959,4136.22,8102855
2025,3,1,2025-03,990,2106,6347.8,13368467
2025,3,1,2025-03,991,1161,6319.44,7336870
2025,3,1,2025-03,992,857,5220.61,4474063
2025,3,1,2025-03,993,1219,4326.18,5273613
2025,3,1,2025-03,994,985,5451.56,5369787
2025,3,1,2025-03,995,1804,5165.54,9318634
2025,3,1,2025-03,996,1388,6361.9,8830317
2025,3,1,2025-03,997,2110,6231.85,13149204
2025,3,1,2025-03,998,932,5354.86,4990730
2025,3,1,2025-03,999,1405,4791.45,6731987
2025,3,1,2025-03,1000,1758,7582.7,13330387
2025,3,1,2025-03,1001,1445,5735.66,8288029
2025,3,1,2025-03,1002,1520,6570.85,9987692
2025,3,1,2025-03,1003,794,4574.16,3631883
2025,3,1,2025-03,1004,1068,5799.02,6193353
2025,3,1,2025-03,1005,1241,4196.84,5208278
2025,3,1,2025-03,1006,711,5888.41,4186660
2025,3,1,2025-03,1007,1176,7435.86,8744571
2025,3,1,2025-03,1008,1337,5432.43,7263159
2025,3,1,2025-03,1009,1654,4169.95,6897097
2025,3,1,2025-03,1010,716,4243.36,3038246
2025,3,1,2025-03,1011,1718,5459.92,9380143
2025,3,1,2025-03,1012,932,4604.3,4291208
2025,3,1,2025-03,1013,568,4119.62,2339944
2025,3,1,2025-03,1014,438,6667.39,2920317
2025,3,1,2025-03,1015,1110,5685.18,6310550
2025,3,1,2025-03,1016,373,5048.17,1882967
2025,3,1,2025-03,1017,1705,7259.41,12377294
2025,3,1,2025-03,1018,1032,4589.73,4736601
2025,3,1,2025-03,1019,1486,7446.93,11066138
2025,3,1,2025-03,1020,874,5097,4454778
2025,3,1,2025-03,1021,1851,7189.65,13308042
2025,3,1,2025-03,1022,782,6189.97,4840557
2025,3,1,2025-03,1023,1218,6972.78,8492846
2025,3,1,2025-03,1024,1363,7559.9,10304144
2025,3,1,2025-03,1025,1933,5070.18,9800658
2025,3,1,2025-03,1026,1526,7487.5,11425925
2025,3,1,2025-03,1027,1947,5443.78,10599040
2025,3,1,2025-03,1028,688,5490.58,3777519
2025,3,1,2025-03,1029,1591,5289.32,8415308
2025,3,1,2025-03,1030,923,6025.41,5561453
2025,3,1,2025-03,1031,1764,4560.87,8045375
2025,3,1,2025-03,1032,1657,6047.9,10021370
2025,3,1,2025-03,1033,1502,6006.04,9021072
2025,3,1,2025-03,1034,1252,6709.73,8400582
2025,3,1,2025-03,1035,820,6989.28,5731210
2025,3,1,2025-03,1036,960,5624.46,5399482
2025,3,1,2025-03,1037,523,5132.03,2684052
2025,3,1,2025-03,1038,847,4985.83,4222998
2025,3,1,2025-03,1039,1221,4735.95,5782595
2025,3,1,2025-03,1040,747,4263.64,3184939
2025,3,1,2025-03,1041,942,5253.78,4949061
2025,3,1,2025-03,1042,1141,5007.69,5713774
2025,3,1,2025-03,1043,937,7525.41,7051309
2025,3,1,2025-03,1044,864,6014.46,5196493
2025,3,1,2025-03,1045,1621,5321.21,8625681
2025,3,1,2025-03,1046,974,6131.29,5971876
2025,3,1,2025-03,1047,1328,4607.56,6118840
2025,3,1,2025-03,1048,1442,5639.79,8132577
2025,3,1,2025-03,1049,714,6308.08,4503969
2025,3,1,2025-03,1050,875,5618.83,4916476
2025,3,1,2025-03,1051,701,5428.23,3805189
2025,3,1,2025-03,1052,1622,7596.06,12320809
2025,3,1,2025-03,1053,947,7222,6839234
2025,3,1,2025-03,1054,1689,6281.7,10609791
2025,3,1,2025-03,1055,919,6054.63,5564205
2025,3,1,2025-03,1056,1911,6206.51,11860641
2025,3,1,2025-03,1057,778,4751.09,3696348
2025,3,1,2025-03,1058,1333,5475.19,7298428
2025,3,1,2025-03,1059,1399,4200.3,5876220
2025,3,1,2025-03,1060,1680,5777.55,9706284
2025,3,1,2025-03,1061,1921,5972.07,11472346
2025,3,1,2025-03,1062,1699,4861.64,8259926
2025,3,1,2025-03,1063,816,7408.32,6045189
2025,3,1,2025-03,1064,927,7249.85,6720611
2025,3,1,2025-03,1065,894,6672.66,5965358
2025,3,1,2025-03,1066,1062,5974.16,6344558
2025,3,1,2025-03,1067,1895,7186.86,13619100
2025,3,1,2025-03,1068,1491,4489.54,6693904
2025,3,1,2025-03,1069,1053,6930.97,7298311
2025,3,1,2025-03,1070,1262,4503.96,5683998
2025,3,1,2025-03,1071,1807,6841.88,12363277
2025,3,1,2025-03,1072,1836,5045.75,9263997
2025,3,1,2025-03,1073,1489,7202.2,10724076
2025,3,1,2025-03,1074,1886,7430.49,14013904
2025,3,1,2025-03,1075,1472,4542.99,6687281
2025,3,1,2025-03,1076,1783,5693.6,10151689
2025,3,1,2025-03,1077,1234,7584.43,9359187
2025,3,1,2025-03,1078,1504,5747.4,8644090
2025,3,1,2025-03,1079,1933,7124.75,13772142
2025,3,1,2025-03,1080,1372,6094.86,8362148
2025,3,1,2025-03,1081,1757,5422.76,9527789
2025,3,1,2025-03,1082,568,5036.61,2860794
2025,3,1,2025-03,1083,1475,4848.39,7151375
2025,3,1,2025-03,1084,1752,6795.73,11906119
2025,3,1,2025-03,1085,532,5417.33,2882020
2025,3,1,2025-03,1086,1894,5777.34,10942282
2025,3,1,2025-03,1087,1180,5795.48,6838666
2025,3,1,2025-03,1088,636,5995.52,3813151
2025,3,1,2025-03,1089,1220,7104.46,8667441
2025,3,1,2025-03,1090,1424,7621.14,10852503
2025,3,1,2025-03,1091,649,5487.85,3561615
2025,3,1,2025-03,1092,786,6963.7,5473468
2025,3,1,2025-03,1093,898,6749.05,6060647
2025,3,1,2025-03,1094,2028,6105.32,12381589
2025,3,1,2025-03,1095,1182,7453.34,8809848
2025,3,1,2025-03,1096,1474,4853,7153322
2025,3,1,2025-03,1097,1117,4454.53,4975710
2025,3,1,2025-03,1098,1545,7094.15,10960462
2025,3,1,2025-03,1099,1212,5603.57,6791527
2025,3,1,2025-03,1100,580,7054.9,4091842
2025,3,1,2025-03,1101,1500,7298.16,10947240
2025,3,1,2025-03,1102,1223,4299.29,5258032
2025,3,1,2025-03,1103,624,7131.93,4450324
2025,3,1,2025-03,1104,1775,5675.05,10073214
2025,3,1,2025-03,1105,1454,5907.54,8589563
2025,3,1,2025-03,1106,1182,6367.77,7526704
2025,3,1,2025-03,1107,1214,7345.99,8918032
2025,3,1,2025-03,1108,603,4101.45,2473174
2025,3,1,2025-03,1109,1588,5794.39,9201491
2025,3,1,2025-03,1110,662,6486.18,4293851
2025,3,1,2025-03,1111,1344,6645.42,8931444
2025,3,1,2025-03,1112,690,6601.91,4555318
2025,3,1,2025-03,1113,1629,4537.11,7390952
2025,3,1,2025-03,1114,1142,5143.59,5873980
2025,3,1,2025-03,1115,2174,5312.4,11549158
2025,3,1,2025-03,1116,1374,6834.9,9391153
2025,3,1,2025-03,1117,1699,5082,8634318
2025,3,1,2025-03,1118,975,4819.07,4698593
2025,3,1,2025-03,1119,1950,7498.07,14621236
2025,3,1,2025-03,1120,1547,4033.96,6240536
2025,3,1,2025-03,1121,894,7559.06,6757800
2025,3,1,2025-03,1122,884,6474.38,5723352
2025,3,1,2025-03,1123,1148,6994.7,8029916
2025,3,1,2025-03,1124,1978,5039.45,9968032
2025,3,1,2025-03,1125,1691,4049.42,6847569
2025,3,1,2025-03,1126,1439,6660.62,9584632
2025,3,1,2025-03,1127,1568,6992.23,10963817
2025,3,1,2025-03,1128,1900,6628.96,12595024
2025,3,1,2025-03,1129,1815,4515.62,8195850
2025,3,1,2025-03,1130,1066,6724.2,7167997
2025,3,1,2025-03,1131,1765,6786.01,11977308
2025,3,1,2025-03,1132,833,6338.59,5280045
2025,3,1,2025-03,1133,1034,6809.65,7041178
2025,3,1,2025-03,1134,1121,7078.1,7934550
2025,3,1,2025-03,1135,1265,6235.69,7888148
2025,3,1,2025-03,1136,1599,4410.41,7052246
2025,3,1,2025-03,1137,1420,5808.89,8248624
2025,3,1,2025-03,1138,1568,4246.56,6658606
2025,3,1,2025-03,1139,1239,5430.22,6728043
2025,3,1,2025-03,1140,710,5532.19,3927855
2025,3,1,2025-03,1141,786,4235.25,3328906
2025,3,1,2025-03,1142,1647,5309.72,8745109
2025,3,1,2025-03,1143,754,4458.1,3361407
2025,3,1,2025-03,1144,1644,6913.85,11366369
2025,3,1,2025-03,1145,1958,7365.07,14420807
2025,3,1,2025-03,1146,1692,4303.93,7282250
2025,3,1,2025-03,1147,663,7394.02,4902235
2025,3,1,2025-03,1148,893,5937.36,5302062
2025,3,1,2025-03,1149,1468,5177.1,7599983
2025,3,1,2025-03,1150,616,4303.04,2650673
2025,3,1,2025-03,1151,1877,5837.63,10957232
2025,3,1,2025-03,1152,822,6923.63,5691224
2025,3,1,2025-03,1153,1131,6549.34,7407304
2025,3,1,2025-03,1154,1222,4194.71,5125936
2025,3,1,2025-03,1155,1641,4332.07,7108927
2025,3,1,2025-03,1156,1401,5413.77,7584692
2025,3,1,2025-03,1157,1685,5021.89,8461885
2025,3,1,2025-03,1158,858,4796.76,4115620
2025,3,1,2025-03,1159,676,5035.22,3403809
2025,3,1,2025-03,1160,1628,6908.83,11247575
2025,3,1,2025-03,1161,1434,7325.39,10504609
2025,3,1,2025-03,1162,1032,5436.46,5610427
2025,3,1,2025-03,1163,1758,7284.26,12805729
2025,3,1,2025-03,1164,1227,5152.45,6322056
2025,3,1,2025-03,1165,894,5765.56,5154411
2025,3,1,2025-03,1166,1625,4907.97,7975451
2025,3,1,2025-03,1167,858,6382.93,5476554
2025,3,1,2025-03,1168,863,7548.72,6514545
2025,3,1,2025-03,1169,1033,6203.24,6407947
2025,3,1,2025-03,1170,899,5302.22,4766696
2025,3,1,2025-03,1171,735,6364.48,4677893
2025,3,1,2025-03,1172,546,4518.05,2466855
2025,3,1,2025-03,1173,1323,7257,9601011
2025,3,1,2025-03,1174,1850,5898.05,10911392
2025,3,1,2025-03,1175,1529,5627.71,8604769
2025,3,1,2025-03,1176,1442,6184,8917328
2025,3,1,2025-03,1177,1457,6249.76,9105900
2025,3,1,2025-03,1178,994,4330.86,4304875
2025,3,1,2025-03,1179,1950,6470.68,12617826
2025,3,1,2025-03,1180,1536,4864.94,7472548
2025,3,1,2025-03,1181,789,6664.14,5258006
2025,3,1,2025-03,1182,1611,7027.65,11321544
2025,3,1,2025-03,1183,1966,6844.37,13456031
2025,3,1,2025-03,1184,1692,6025.76,10195586
2025,3,1,2025-03,1185,1352,5882.05,7952532
2025,3,1,2025-03,1186,619,4572.28,2830241
2025,3,1,2025-03,1187,1649,6829.98,11262637
2025,3,1,2025-03,1188,1450,5048.71,7320630
2025,3,1,2025-03,1189,1177,5768.25,6789230
2025,3,1,2025-03,1190,2033,4973.43,10110983
2025,3,1,2025-03,1191,1629,4557.14,7423581
2025,3,1,2025-03,1192,616,6237.6,3842362
2025,3,1,2025-03,1193,1633,4222.27,6894967
2025,3,1,2025-03,1194,1985,6708.61,13316591
2025,3,1,2025-03,1195,1867,5165.97,9644866
2025,3,1,2025-03,1196,1852,4080.14,7556419
2025,3,1,2025-03,1197,1588,5795.54,9203318
2025,3,1,2025-03,1198,1978,4164.6,8237579
2025,3,1,2025-03,1199,1505,5003,7529515
2025,3,1,2025-03,1200,1780,6549.47,11658057
2025,3,1,2025-03,1201,1974,4203.15,8297018
2025,3,1,2025-03,1202,954,7061.43,6736604
2025,3,1,2025-03,1203,1775,3999.59,7099272
2025,3,1,2025-03,1204,1529,4868.66,7444181
2025,3,1,2025-03,1205,934,6719.18,6275714
2025,3,1,2025-03,1206,1783,5155.48,9192221
2025,3,1,2025-03,1207,960,4456.54,4278278
2025,3,1,2025-03,1208,807,5185.24,4184489
2025,3,1,2025-03,1209,1427,4976.61,7101622
2025,3,1,2025-03,1210,1120,7090.92,7941830
2025,3,1,2025-03,1211,1862,5129.86,9551799
2025,3,1,2025-03,1212,1525,6878.66,10489956
2025,3,1,2025-03,1213,1878,7186.12,13495533
2025,3,1,2025-03,1214,1646,5609.31,9232924
2025,3,1,2025-03,1215,764,7270.15,5554395
2025,3,1,2025-03,1216,1921,5475.25,10517955
2025,3,1,2025-03,1217,866,7484.09,6481222
2025,3,1,2025-03,1218,811,4333.26,3514274
2025,3,1,2025-03,1219,1696,6446.37,10933044
2025,3,1,2025-03,1220,1210,5831.58,7056212
2025,3,1,2025-03,1221,1127,5474.92,6170235
2025,3,1,2025-03,1222,762,6257.61,4768299
2025,3,1,2025-03,1223,619,6609.32,4091169
2025,3,1,2025-03,1224,852,4093.61,3487756
2025,3,1,2025-03,1225,1932,4642.31,8968943
2025,3,1,2025-03,1226,1133,6579.95,7455083
2025,3,1,2025-03,1227,1004,6484.16,6510097
2025,3,1,2025-03,1228,1038,7501.29,7786339
2025,3,1,2025-03,1229,1386,6762.13,9372312
2025,3,1,2025-03,1230,1367,7399.2,10114706
2025,3,1,2025-03,1231,1382,6543.65,9043324
2025,3,1,2025-03,1232,1385,5194.62,7194549
2025,3,1,2025-03,1233,1345,4415.11,5938323
2025,3,1,2025-03,1234,1799,6898.05,12409592
2025,3,1,2025-03,1235,1733,6237.34,10809310
2025,3,1,2025-03,1236,1243,4193.19,5212135
2025,3,1,2025-03,1237,719,5362.13,3855371
2025,3,1,2025-03,1238,1794,7478.93,13417200
2025,3,1,2025-03,1239,1245,5781.98,7198565
2025,3,1,2025-03,1240,1803,5653.67,10193567
2025,3,1,2025-03,1241,719,5831.75,4193028
2025,3,1,2025-03,1242,858,4877.14,4184586
2025,3,1,2025-03,1243,922,5417.21,4994668
2025,3,1,2025-03,1244,1402,5313.73,7449849
2025,3,1,2025-03,1245,1257,4260.27,5355159
2025,3,1,2025-03,1246,1235,6782.35,8376202
2025,3,1,2025-03,1247,886,5557.76,4924175
2025,3,1,2025-03,1248,2282,6914.98,15779984
2025,3,1,2025-03,1249,1750,7094.64,12415620
2025,3,1,2025-03,1250,1534,4781.71,7335143
2025,3,1,2025-03,1251,1451,6369.21,9241724
2025,3,1,2025-03,1252,1554,5726.57,8899090
2025,3,1,2025-03,1253,1949,7109.39,13856201
2025,3,1,2025-03,1254,1385,4866.99,6740781
2025,3,1,2025-03,1255,936,6486.46,6071327
2025,3,1,2025-03,1256,866,6208.54,5376596
2025,3,1,2025-03,1257,1127,5034.82,5674242
2025,3,1,2025-03,1258,1469,4475.85,6575024
2025,3,1,2025-03,1259,1858,6408.59,11907160
2025,3,1,2025-03,1260,1089,6645.62,7237080
2025,3,1,2025-03,1261,1091,5127.8,5594430
2025,3,1,2025-03,1262,1382,6273.39,8669825
2025,3,1,2025-03,1263,1737,5453.54,9472799
2025,3,1,2025-03,1264,636,6545.2,4162747
2025,3,1,2025-03,1265,984,4725.42,4649813
2025,3,1,2025-03,1266,1719,7257.64,12475883
2025,3,1,2025-03,1267,988,5067.71,5006897
2025,3,1,2025-03,1268,1699,5286.21,8981271
2025,3,1,2025-03,1269,742,4230.11,3138742
2025,3,1,2025-03,1270,1013,4454.4,4512307
2025,3,1,2025-03,1271,1146,5899.64,6760987
2025,3,1,2025-03,1272,1813,5078.62,9207538
2025,3,1,2025-03,1273,1029,7049.21,7253637
2025,3,1,2025-03,1274,2028,4105.57,8326096
2025,3,1,2025-03,1275,821,5442.07,4467939
2025,3,1,2025-03,1276,1840,5280.77,9716617
2025,3,1,2025-03,1277,1793,3980.1,7136319
2025,3,1,2025-03,1278,1512,4455.65,6736943
2025,3,1,2025-03,1279,617,5511.41,3400540
2025,3,1,2025-03,1280,1253,5728.55,7177873
2025,3,1,2025-03,1281,929,5443.59,5057095
2025,3,1,2025-03,1282,1949,5973.81,11642956
2025,3,1,2025-03,1283,1672,6145.03,10274490
2025,3,1,2025-03,1284,1470,4102.55,6030748
2025,3,1,2025-03,1285,1050,5708.56,5993988
2025,3,1,2025-03,1286,1141,7523.67,8584507
2025,3,1,2025-03,1287,1422,5879.82,8361104
2025,3,1,2025-03,1288,1624,6509.78,10571883
2025,3,1,2025-03,1289,599,5208.18,3119700
2025,3,1,2025-03,1290,1654,6752.59,11168784
2025,3,1,2025-03,1291,1366,6816.95,9311954
2025,3,1,2025-03,1292,1383,5894.7,8152370
2025,3,1,2025-03,1293,1683,7498.68,12620278
2025,3,1,2025-03,1294,1305,4563.67,5955589
2025,3,1,2025-03,1295,425,4115.11,1748922
2025,3,1,2025-03,1296,1374,6729.96,9246965
2025,3,1,2025-03,1297,1371,6937.1,9510764
2025,3,1,2025-03,1298,1929,4476.67,8635496
2025,3,1,2025-03,1299,816,4951.71,4040595
2025,3,1,2025-03,1300,1654,4145.74,6857054
2025,3,1,2025-03,1301,466,5112.97,2382644
2025,3,1,2025-03,1302,641,6726.69,4311808
2025,3,1,2025-03,1303,2067,5905.18,12206007
2025,3,1,2025-03,1304,1650,5252.62,8666823
2025,3,1,2025-03,1305,1993,5374.52,10711418
2025,3,1,2025-03,1306,1935,4014.56,7768174
2025,3,1,2025-03,1307,1762,5133.51,9045245
2025,3,1,2025-03,1308,1275,6375.7,8129018
2025,3,1,2025-03,1309,846,7491.93,6338173
2025,3,1,2025-03,1310,1329,7034.1,9348319
2025,3,1,2025-03,1311,1068,4120.49,4400683
2025,3,1,2025-03,1312,663,7259.86,4813287
2025,3,1,2025-03,1313,1600,6813.12,10900992
2025,3,1,2025-03,1314,1333,6817.93,9088301
2025,3,1,2025-03,1315,1706,5607.74,9566804
2025,3,1,2025-03,1316,2003,5469.07,10954547
2025,3,1,2025-03,1317,1140,5094.11,5807285
2025,3,1,2025-03,1318,1502,4290.49,6444316
2025,3,1,2025-03,1319,1690,4877.82,8243516
2025,3,1,2025-03,1320,1769,4960.14,8774488
2025,3,1,2025-03,1321,1949,5762.24,11230606
2025,3,1,2025-03,1322,686,6678.01,4581115
2025,3,1,2025-03,1323,1789,5797.79,10372246
2025,3,1,2025-03,1324,1560,4297.85,6704646
2025,3,1,2025-03,1325,1727,7449.17,12864717
2025,3,1,2025-03,1326,1523,7448.14,11343517
2025,3,1,2025-03,1327,1335,6868.86,9169928
2025,3,1,2025-03,1328,1067,7650.31,8162881
2025,3,1,2025-03,1329,989,6014.71,5948548
2025,3,1,2025-03,1330,700,7488.54,5241978
2025,3,1,2025-03,1331,682,4297.05,2930588
2025,3,1,2025-03,1332,1218,5360.07,6528565
2025,3,1,2025-03,1333,1318,4810.73,6340542
2025,3,1,2025-03,1334,1047,4785.88,5010816
2025,3,1,2025-03,1335,1361,4512.81,6141934
2025,3,1,2025-03,1336,1697,6288.4,10671415
2025,3,1,2025-03,1337,685,6819.84,4671590
2025,3,1,2025-03,1338,965,6136.16,5921394
2025,3,1,2025-03,1339,1429,4604.93,6580445
2025,3,1,2025-03,1340,665,6957.52,4626751
2025,3,1,2025-03,1341,1533,6306.71,9668186
2025,3,1,2025-03,1342,734,5454.48,4003588
2025,3,1,2025-03,1343,2018,6394.05,12903193
2025,3,1,2025-03,1344,1376,5034.41,6927348
2025,3,1,2025-03,1345,1721,5317.83,9151985
2025,3,1,2025-03,1346,1225,7260.42,8894014
2025,3,1,2025-03,1347,795,5144.01,4089488
2025,3,1,2025-03,1348,1125,5632.44,6336495
2025,3,1,2025-03,1349,1373,7242.65,9944158
2025,3,1,2025-03,1350,1128,6524.34,7359456
2025,3,1,2025-03,1351,1220,4268.15,5207143
2025,3,1,2025-03,1352,1418,4591.31,6510478
2025,3,1,2025-03,1353,1747,4125.46,7207179
2025,3,1,2025-03,1354,1133,6294.1,7131215
2025,3,1,2025-03,1355,1132,5623.92,6366277
2025,3,1,2025-03,1356,1704,4474.55,7624633
2025,3,1,2025-03,1357,963,7463.54,7187389
2025,3,1,2025-03,1358,726,5873.08,4263856
2025,3,1,2025-03,1359,1304,4939.76,6441447
2025,3,1,2025-03,1360,1501,5836.63,8760782
2025,3,1,2025-03,1361,1689,6485.22,10953537
2025,3,1,2025-03,1362,1407,4363.15,6138952
2025,3,1,2025-03,1363,1754,5049.91,8857542
2025,3,1,2025-03,1364,1780,6975.5,12416390
2025,3,1,2025-03,1365,1588,5655.01,8980156
2025,3,1,2025-03,1366,1619,5994.98,9705873
2025,3,1,2025-03,1367,1820,5545.26,10092373
2025,3,1,2025-03,1368,1879,4141.86,7782555
2025,3,1,2025-03,1369,1186,4609.32,5466654
2025,3,1,2025-03,1370,1394,5628.29,7845836
2025,3,1,2025-03,1371,1899,4816.86,9147217
2025,3,1,2025-03,1372,1060,4219.7,4472882
2025,3,1,2025-03,1373,585,7078.24,4140770
2025,3,1,2025-03,1374,525,7631.26,4006412
2025,3,1,2025-03,1375,1377,6822.95,9395202
2025,3,1,2025-03,1376,1168,7109.57,8303978
2025,3,1,2025-03,1377,1565,4867.72,7617982
2025,3,1,2025-03,1378,1808,7507.36,13573307
2025,3,1,2025-03,1379,913,4777.52,4361876
2025,3,1,2025-03,1380,933,7361.6,6868373
2025,3,1,2025-03,1381,1048,7561.28,7924221
2025,3,1,2025-03,1382,823,6686.75,5503195
2025,3,1,2025-03,1383,1772,7474.3,13244460
2025,3,1,2025-03,1384,1906,6013.51,11461750
2025,3,1,2025-03,1385,1873,4995.86,9357246
2025,3,1,2025-03,1386,1878,5599.99,10516781
2025,3,1,2025-03,1387,1695,6099.17,10338093
2025,3,1,2025-03,1388,985,4338.01,4272940
2025,3,1,2025-03,1389,667,6299.97,4202080
2025,3,1,2025-03,1390,1192,7464.29,8897434
2025,3,1,2025-03,1391,1139,4815.99,5485413
2025,3,1,2025-03,1392,625,6912.12,4320075
2025,3,1,2025-03,1393,1487,7292.11,10843368
2025,3,1,2025-03,1394,1186,7366.05,8736135
2025,3,1,2025-03,1395,1337,7433.12,9938081
2025,3,1,2025-03,1396,695,5853.85,4068426
2025,3,1,2025-03,1397,1223,7458.84,9122161
2025,3,1,2025-03,1398,1525,6751.46,10295976
2025,3,1,2025-03,1399,906,4611.8,4178291
2025,3,1,2025-03,1400,544,5784.2,3146605
2025,3,1,2025-03,1401,1839,6628.36,12189554
2025,3,1,2025-03,1402,405,4947.82,2003867
2025,3,1,2025-03,1403,1475,6329.38,9335836
2025,3,1,2025-03,1404,424,6381.31,2705675
2025,3,1,2025-03,1405,1557,4655.32,7248333
2025,3,1,2025-03,1406,1717,6068.43,10419494
2025,3,1,2025-03,1407,1463,6785.79,9927611
2025,3,1,2025-03,1408,1977,5802.49,11471523
2025,3,1,2025-03,1409,1153,4079.62,4703802
2025,3,1,2025-03,1410,959,4032.38,3867052
2025,3,1,2025-03,1411,596,5373.53,3202624
2025,3,1,2025-03,1412,1820,7265.24,13222737
2025,3,1,2025-03,1413,1453,4866.17,7070545
2025,3,1,2025-03,1414,1255,6306.06,7914105
2025,3,1,2025-03,1415,635,4854.79,3082792
2025,3,1,2025-03,1416,1138,5168.46,5881707
2025,3,1,2025-03,1417,959,7073.97,6783937
2025,3,1,2025-03,1418,1244,6692.19,8325084
2025,3,1,2025-03,1419,767,4357.18,3341957
2025,3,1,2025-03,1420,1138,5623.6,6399657
2025,3,1,2025-03,1421,1929,4143.97,7993718
2025,3,1,2025-03,1422,1390,5779.58,8033616
2025,3,1,2025-03,1423,1631,6344.87,10348483
2025,3,1,2025-03,1424,1971,4513.28,8895675
2025,3,1,2025-03,1425,1425,5167.98,7364371
2025,3,1,2025-03,1426,1001,5418.64,5424059
2025,3,1,2025-03,1427,733,7308.41,5357065
2025,3,1,2025-03,1428,1632,7630.86,12453564
2025,3,1,2025-03,1429,1896,4157.77,7883132
2025,3,1,2025-03,1430,1421,6791.52,9650750
2025,3,1,2025-03,1431,1279,5318.6,6802489
2025,3,1,2025-03,1432,1666,5411.76,9015992
2025,3,1,2025-03,1433,1763,6758.44,11915130
2025,3,1,2025-03,1434,1348,7372.41,9938009
2025,3,1,2025-03,1435,867,7468.65,6475320
2025,3,1,2025-03,1436,656,6114.81,4011315
2025,3,1,2025-03,1437,1892,5280.23,9990195
2025,3,1,2025-03,1438,604,6851.38,4138234
2025,3,1,2025-03,1439,1286,4929.46,6339286
2025,3,1,2025-03,1440,1668,6077.2,10136770
2025,3,1,2025-03,1441,680,5323.07,3619688
2025,3,1,2025-03,1442,1423,6360.87,9051518
2025,3,1,2025-03,1443,1320,4932.44,6510821
2025,3,1,2025-03,1444,1955,4716.15,9220073
2025,3,1,2025-03,1445,1903,7283.84,13861148
2025,3,1,2025-03,1446,534,4408.09,2353920
2025,3,1,2025-03,1447,734,5812.17,4266133
2025,3,1,2025-03,1448,1274,4798.97,6113888
2025,3,1,2025-03,1449,1266,4236.81,5363801
2025,3,1,2025-03,1450,1467,4118.69,6042118
2025,3,1,2025-03,1451,751,4739.7,3559515
2025,3,1,2025-03,1452,843,7185.29,6057199
2025,3,1,2025-03,1453,1876,4993.47,9367750
2025,3,1,2025-03,1454,1938,7439.2,14417170
2025,3,1,2025-03,1455,1202,6131,7369462
2025,3,1,2025-03,1456,1476,5605.3,8273423
2025,3,1,2025-03,1457,1970,6104.81,12026476
2025,3,1,2025-03,1458,1795,5866.73,10530780
2025,3,1,2025-03,1459,1332,6711.6,8939851
2025,3,1,2025-03,1460,1010,5030.1,5080401
2025,3,1,2025-03,1461,1091,5357.87,5845436
2025,3,1,2025-03,1462,970,7299.2,7080224
2025,3,1,2025-03,1463,750,7325.01,5493758
2025,3,1,2025-03,1464,2126,7224.26,15358777
2025,3,1,2025-03,1465,672,5541.2,3723686
2025,3,1,2025-03,1466,1284,6835.01,8776153
2025,3,1,2025-03,1467,960,5725.51,5496490
2025,3,1,2025-03,1468,1591,5846.74,9302163
2025,3,1,2025-03,1469,1663,4825.2,8024308
2025,3,1,2025-03,1470,496,6186.22,3068365
2025,3,1,2025-03,1471,1367,4603.34,6292766
2025,3,1,2025-03,1472,687,5223.97,3588867
2025,3,1,2025-03,1473,668,7071.6,4723829
2025,3,1,2025-03,1474,1740,4766.25,8293275
2025,3,1,2025-03,1475,716,4306.24,3083268
2025,3,1,2025-03,1476,1813,4225.84,7661448
2025,3,1,2025-03,1477,803,7482.7,6008608
2025,3,1,2025-03,1478,593,5955.65,3531700
2025,3,1,2025-03,1479,1835,5527.35,10142687
2025,3,1,2025-03,1480,820,6916.8,5671776
2025,3,1,2025-03,1481,1296,7066.23,9157834
2025,3,1,2025-03,1482,1003,5202.31,5217917
2025,3,1,2025-03,1483,935,6577.36,6149832
2025,3,1,2025-03,1484,1430,6885.2,9845836
2025,3,1,2025-03,1485,1235,6374.53,7872545
2025,3,1,2025-03,1486,1479,4620.84,6834222
2025,3,1,2025-03,1487,1483,7217.11,10702974
2025,3,1,2025-03,1488,713,5947.45,4240532
2025,3,1,2025-03,1489,598,5037.29,3012299
2025,3,1,2025-03,1490,1906,5544.5,10567817
2025,3,1,2025-03,1491,669,4208.39,2815413
2025,3,1,2025-03,1492,891,4491.96,4002336
2025,3,1,2025-03,1493,1361,6755.18,9193800
2025,3,1,2025-03,1494,1680,4136.07,6948598
2025,3,1,2025-03,1495,827,5528.84,4572351
2025,3,1,2025-03,1496,1642,5888.43,9668802
2025,3,1,2025-03,1497,1315,4300.65,5655355
2025,3,1,2025-03,1498,1701,7491.52,12743076
2025,3,1,2025-03,1499,1106,4869.16,5385291
2025,3,1,2025-03,1500,1548,5130.33,7941751
2025,3,1,2025-03,1501,1794,5133.6,9209678
2025,3,1,2025-03,1502,1011,4758.14,4810480
2025,3,1,2025-03,1503,778,4070.03,3166483
2025,3,1,2025-03,1504,1692,6679.49,11301697
2025,3,1,2025-03,1505,1387,7525.12,10437341
2025,3,1,2025-03,1506,1546,4933.51,7627206
2025,3,1,2025-03,1507,1171,6367.02,7455780
2025,3,1,2025-03,1508,840,6643.89,5580868
2025,3,1,2025-03,1509,1633,7101.75,11597158
2025,3,1,2025-03,1510,1709,5518.21,9430621
2025,3,1,2025-03,1511,630,5188.29,3268623
2025,3,1,2025-03,1512,1037,5234.81,5428498
2025,3,1,2025-03,1513,740,6611.65,4892621
2025,3,1,2025-03,1514,1229,6963.16,8557724
2025,3,1,2025-03,1515,431,4685.84,2019597
2025,3,1,2025-03,1516,1138,5398.66,6143675
2025,3,1,2025-03,1517,1287,7293.5,9386734
2025,3,1,2025-03,1518,1562,6941.55,10842701
2025,3,1,2025-03,1519,1446,7546.82,10912702
2025,3,1,2025-03,1520,1969,6653.85,13101431
2025,3,1,2025-03,1521,1256,5427.83,6817354
2025,3,1,2025-03,1522,1753,6137.79,10759546
2025,3,1,2025-03,1523,1557,6426.95,10006761
2025,3,1,2025-03,1524,905,4402.82,3984552
2025,3,1,2025-03,1525,1566,5923.55,9276279
2025,3,1,2025-03,1526,1619,6549.4,10603479
2025,3,1,2025-03,1527,1021,4613.43,4710312
2025,3,1,2025-03,1528,1797,6785.84,12194154
2025,3,1,2025-03,1529,1258,6146.37,7732133
2025,3,1,2025-03,1530,1839,7465.01,13728153
2025,3,1,2025-03,1531,1739,4193.52,7292531
2025,3,1,2025-03,1532,1232,5021.66,6186685
2025,3,1,2025-03,1533,1287,6310.12,8121124
2025,3,1,2025-03,1534,1266,5127.93,6491959
2025,3,1,2025-03,1535,1001,6502.89,6509393
2025,3,1,2025-03,1536,1536,6768.24,10396017
2025,3,1,2025-03,1537,704,4432.52,3120494
2025,3,1,2025-03,1538,1024,5838.17,5978286
2025,3,1,2025-03,1539,1664,5868.18,9764652
2025,3,1,2025-03,1540,1444,5388.17,7780517
2025,3,1,2025-03,1541,1439,7370.06,10605516
2025,3,1,2025-03,1542,933,7048.94,6576661
2025,3,1,2025-03,1543,1545,6542.56,10108255
2025,3,1,2025-03,1544,868,6588.23,5718584
2025,3,1,2025-03,1545,695,5625.05,3909410
2025,3,1,2025-03,1546,1191,7259.4,8645945
2025,3,1,2025-03,1547,1731,6467.66,11195519
2025,3,1,2025-03,1548,1398,6671.51,9326771
2025,3,1,2025-03,1549,1255,7093.93,8902882
2025,3,1,2025-03,1550,1890,4973.82,9400520
2025,3,1,2025-03,1551,1301,6913.15,8994008
2025,3,1,2025-03,1552,1593,4736.61,7545420
2025,3,1,2025-03,1553,764,5239.42,4002917
2025,3,1,2025-03,1554,1159,5252.57,6087729
2025,3,1,2025-03,1555,1834,7602.37,13942747
2025,3,1,2025-03,1556,1528,7049.22,10771208
2025,3,1,2025-03,1557,1257,6560.17,8246134
2025,3,1,2025-03,1558,1914,6579.43,12593029
2025,3,1,2025-03,1559,1067,6108.23,6517481
2025,3,1,2025-03,1560,1176,7365.09,8661346
2025,3,1,2025-03,1561,1773,5728.34,10156347
2025,3,1,2025-03,1562,1107,5415.59,5995058
2025,3,1,2025-03,1563,770,4582.19,3528286
2025,3,1,2025-03,1564,933,6939.22,6474292
2025,3,1,2025-03,1565,1241,6604.25,8195874
2025,3,1,2025-03,1566,1610,5343.81,8603534
2025,3,1,2025-03,1567,1802,4143.04,7465758
2025,3,1,2025-03,1568,1901,6931.05,13175926
2025,3,1,2025-03,1569,1703,4016.98,6840917
2025,3,1,2025-03,1570,1280,6504.72,8326042
2025,3,1,2025-03,1571,651,7450.86,4850510
2025,3,1,2025-03,1572,1551,5572.28,8642606
2025,3,1,2025-03,1573,908,4850.93,4404644
2025,3,1,2025-03,1574,900,6512.98,5861682
2025,3,1,2025-03,1575,715,6993.23,5000159
2025,3,1,2025-03,1576,1349,5985.01,8073778
2025,3,1,2025-03,1577,951,7488.28,7121354
2025,3,1,2025-03,1578,1008,4226.46,4260272
2025,3,1,2025-03,1579,1900,5837.89,11091991
2025,3,1,2025-03,1580,1792,6607.45,11840550
2025,3,1,2025-03,1581,978,7139.28,6982216
2025,3,1,2025-03,1582,784,4732.74,3710468
2025,3,1,2025-03,1583,1383,6938.01,9595268
2025,3,1,2025-03,1584,1478,6126.94,9055617
2025,3,1,2025-03,1585,2034,5420.49,11025277
2025,3,1,2025-03,1586,972,4483.04,4357515
2025,3,1,2025-03,1587,911,7160.56,6523270
2025,3,1,2025-03,1588,1290,4564.44,5888128
2025,3,1,2025-03,1589,805,5149.19,4145098
2025,3,1,2025-03,1590,1917,5180.8,9931594
2025,3,1,2025-03,1591,1717,7227.31,12409291
2025,3,1,2025-03,1592,992,6399.45,6348254
2025,3,1,2025-03,1593,1088,6822.14,7422488
2025,3,1,2025-03,1594,815,4844.47,3948243
2025,3,1,2025-03,1595,985,6270.8,6176738
2025,3,1,2025-03,1596,1223,6061.6,7413337
2025,3,1,2025-03,1597,1283,7005.64,8988236
2025,3,1,2025-03,1598,1559,7257.27,11314084
2025,3,1,2025-03,1599,1179,4072.26,4801195
2025,3,1,2025-03,1600,962,6424.04,6179926
2025,3,1,2025-03,1601,1197,4231.93,5065620
2025,3,1,2025-03,1602,1742,6052.32,10543141
2025,3,1,2025-03,1603,1310,4960.7,6498517
2025,3,1,2025-03,1604,1729,5121.48,8855039
2025,3,1,2025-03,1605,845,5253.64,4439326
2025,3,1,2025-03,1606,528,6279.98,3315829
2025,3,1,2025-03,1607,1396,5214.87,7279959
2025,3,1,2025-03,1608,1896,6705.26,12713173
2025,3,1,2025-03,1609,1447,5530.07,8002011
2025,3,1,2025-03,1610,1309,4249.54,5562648
2025,3,1,2025-03,1611,2149,6847.82,14715965
2025,3,1,2025-03,1612,1482,5113.33,7577955
2025,3,1,2025-03,1613,1951,5570.94,10868904
2025,3,1,2025-03,1614,1710,6484.03,11087691
2025,3,1,2025-03,1615,595,5199.13,3093482
2025,3,1,2025-03,1616,1500,4235.64,6353460
2025,3,1,2025-03,1617,780,5390.01,4204208
2025,3,1,2025-03,1618,1662,7433.79,12354959
2025,3,1,2025-03,1619,1036,6363.44,6592524
2025,3,1,2025-03,1620,1310,6431.94,8425841
2025,3,1,2025-03,1621,1858,6258.73,11628720
2025,3,1,2025-03,1622,1282,4736.03,6071590
2025,3,1,2025-03,1623,1659,5587.98,9270459
2025,3,1,2025-03,1624,2059,6782.53,13965229
2025,3,1,2025-03,1625,1851,4399.54,8143549
2025,3,1,2025-03,1626,1660,5046.32,8376891
2025,3,1,2025-03,1627,707,5032.8,3558190
2025,3,1,2025-03,1628,1382,5585.6,7719299
2025,3,1,2025-03,1629,734,7432.22,5455249
2025,3,1,2025-03,1630,1540,4230.99,6515725
2025,3,1,2025-03,1631,1241,5923.86,7351510
2025,3,1,2025-03,1632,1040,4691.76,4879430
2025,3,1,2025-03,1633,1085,7546.22,8187649
2025,3,1,2025-03,1634,711,4442.28,3158461
2025,3,1,2025-03,1635,1571,5427.19,8526115
2025,3,1,2025-03,1636,1280,6665.96,8532429
2025,3,1,2025-03,1637,1380,6598.27,9105613
2025,3,1,2025-03,1638,1512,5561.99,8409729
2025,3,1,2025-03,1639,1568,5204.41,8160515
2025,3,1,2025-03,1640,992,5416.69,5373356
2025,3,1,2025-03,1641,1261,4956.14,6249693
2025,3,1,2025-03,1642,1323,4710.12,6231489
2025,3,1,2025-03,1643,628,5745.19,3607979
2025,3,1,2025-03,1644,1458,5041.19,7350055
2025,3,1,2025-03,1645,872,5022.29,4379437
2025,3,1,2025-03,1646,503,6419.95,3229235
2025,3,1,2025-03,1647,975,7514.86,7326988
2025,3,1,2025-03,1648,1328,6171.38,8195593
2025,3,1,2025-03,1649,1540,4334,6674360
2025,3,1,2025-03,1650,1250,4293.57,5366962
2025,3,1,2025-03,1651,1601,7458.18,11940546
2025,3,1,2025-03,1652,959,5201.14,4987893
2025,3,1,2025-03,1653,1194,4462.79,5328571
2025,3,1,2025-03,1654,1770,6077.32,10756856
2025,3,1,2025-03,1655,2188,6249.29,13673447
2025,3,1,2025-03,1656,1602,6330.15,10140900
2025,3,1,2025-03,1657,2018,5025.46,10141378
2025,3,1,2025-03,1658,1232,4143.52,5104817
2025,3,1,2025-03,1659,1397,7513.35,10496150
2025,3,1,2025-03,1660,1749,4956.97,8669741
2025,3,1,2025-03,1661,1438,6407.32,9213726
2025,3,1,2025-03,1662,1381,6620.66,9143131
2025,3,1,2025-03,1663,1814,6194.1,11236097
2025,3,1,2025-03,1664,724,5093.24,3687506
2025,3,1,2025-03,1665,870,4931.83,4290692
2025,3,1,2025-03,1666,2006,6160.07,12357100
2025,3,1,2025-03,1667,530,7175.13,3802819
2025,3,1,2025-03,1668,1775,7369.54,13080934
2025,3,1,2025-03,1669,1886,4451.21,8394982
2025,3,1,2025-03,1670,1324,4564.14,6042921
2025,3,1,2025-03,1671,1698,7382.2,12534976
2025,3,1,2025-03,1672,1440,6599.24,9502906
2025,3,1,2025-03,1673,1707,7224.93,12332956
2025,3,1,2025-03,1674,1410,4740.95,6684740
2025,3,1,2025-03,1675,706,6149.27,4341385
2025,3,1,2025-03,1676,969,6538.37,6335681
2025,3,1,2025-03,1677,1725,6456.36,11137221
2025,3,1,2025-03,1678,1696,5500.09,9328153
2025,3,1,2025-03,1679,1476,4125.43,6089135
2025,3,1,2025-03,1680,962,6163.05,5928854
2025,3,1,2025-03,1681,679,4906.99,3331846
2025,3,1,2025-03,1682,1953,5606.8,10950080
2025,3,1,2025-03,1683,1647,7548.35,12432132
2025,3,1,2025-03,1684,1467,5461.16,8011522
2025,3,1,2025-03,1685,1523,7058.04,10749395
2025,3,1,2025-03,1686,1075,4676.92,5027689
2025,3,1,2025-03,1687,1809,6390.43,11560288
2025,3,1,2025-03,1688,1582,7490.83,11850493
2025,3,1,2025-03,1689,1876,4390.05,8235734
2025,3,1,2025-03,1690,477,4082.06,1947143
2025,3,1,2025-03,1691,1107,5686.55,6295011
2025,3,1,2025-03,1692,1120,4396.54,4924125
2025,3,1,2025-03,1693,568,6666.81,3786748
2025,3,1,2025-03,1694,1207,7287.8,8796375
2025,3,1,2025-03,1695,1789,5552.89,9934120
2025,3,1,2025-03,1696,1408,4880.74,6872082
2025,3,1,2025-03,1697,537,5589.57,3001599
2025,3,1,2025-03,1698,2083,6564.49,13673833
2025,3,1,2025-03,1699,1838,4109.26,7552820
2025,3,1,2025-03,1700,966,6130.56,5922121
2025,3,1,2025-03,1701,1684,6236.82,10502805
2025,3,1,2025-03,1702,654,6293.54,4115975
2025,3,1,2025-03,1703,1676,4939.85,8279189
2025,3,1,2025-03,1704,676,6654.89,4498706
2025,3,1,2025-03,1705,881,4324.43,3809823
2025,3,1,2025-03,1706,921,4756.96,4381160
2025,3,1,2025-03,1707,1462,7224.14,10561693
2025,3,1,2025-03,1708,1210,6764.62,8185190
2025,3,1,2025-03,1709,887,4130.7,3663931
2025,3,1,2025-03,1710,1208,4934.99,5961468
2025,3,1,2025-03,1711,1762,4828.79,8508328
2025,3,1,2025-03,1712,1710,4972.36,8502736
2025,3,1,2025-03,1713,977,4876.82,4764653
2025,3,1,2025-03,1714,1017,4261.9,4334352
2025,3,1,2025-03,1715,969,5680.95,5504841
2025,3,1,2025-03,1716,1344,6643.18,8928434
2025,3,1,2025-03,1717,560,6214.22,3479963
2025,3,1,2025-03,1718,912,6436.52,5870106
2025,3,1,2025-03,1719,905,4392.21,3974950
2025,3,1,2025-03,1720,1195,7461.77,8916815
2025,3,1,2025-03,1721,1323,6956.39,9203304
2025,3,1,2025-03,1722,1514,6890.23,10431808
2025,3,1,2025-03,1723,1175,6966.41,8185532
2025,3,1,2025-03,1724,1091,7435.84,8112501
2025,3,1,2025-03,1725,1700,5960.96,10133632
2025,3,1,2025-03,1726,1351,4793.14,6475532
2025,3,1,2025-03,1727,971,6172.7,5993692
2025,3,1,2025-03,1728,2188,6670.53,14595120
2025,3,1,2025-03,1729,616,6704.72,4130108
2025,3,1,2025-03,1730,1021,5936.35,6061013
2025,3,1,2025-03,1731,1865,4358.4,8128416
2025,3,1,2025-03,1732,1326,5394.13,7152616
2025,3,1,2025-03,1733,553,7362.26,4071330
2025,3,1,2025-03,1734,1571,6111.21,9600711
2025,3,1,2025-03,1735,1720,5971.72,10271358
2025,3,1,2025-03,1736,1829,5028.45,9197035
2025,3,1,2025-03,1737,1852,5404.08,10008356
2025,3,1,2025-03,1738,465,7214.91,3354933
2025,3,1,2025-03,1739,897,6420.03,5758767
2025,3,1,2025-03,1740,1883,6862.56,12922200
2025,3,1,2025-03,1741,1371,5704.27,7820554
2025,3,1,2025-03,1742,1234,6307.78,7783801
2025,3,1,2025-03,1743,1187,4882.3,5795290
2025,3,1,2025-03,1744,1466,6583.22,9651001
2025,3,1,2025-03,1745,950,5651.96,5369362
2025,3,1,2025-03,1746,1274,5562.34,7086421
2025,3,1,2025-03,1747,1624,6444.96,10466615
2025,3,1,2025-03,1748,1845,7360.49,13580104
2025,3,1,2025-03,1749,1101,4238.04,4666082
2025,3,1,2025-03,1750,881,6958.92,6130809
2025,3,1,2025-03,1751,2077,5082.51,10556373
2025,3,1,2025-03,1752,1096,5624.36,6164299
2025,3,1,2025-03,1753,1671,4127.6,6897220
2025,3,1,2025-03,1754,1904,5037.25,9590924
2025,3,1,2025-03,1755,1566,5859.31,9175679
2025,3,1,2025-03,1756,1965,4313.33,8475693
2025,3,1,2025-03,1757,1186,5721.22,6785367
2025,3,1,2025-03,1758,724,7355.29,5325230
2025,3,1,2025-03,1759,1848,4370.11,8075963
2025,3,1,2025-03,1760,617,6713.7,4142353
2025,3,1,2025-03,1761,1708,5544.73,9470399
2025,3,1,2025-03,1762,1156,6466.94,7475783
2025,3,1,2025-03,1763,1775,4969.97,8821697
2025,3,1,2025-03,1764,1505,4649.47,6997452
2025,3,1,2025-03,1765,1072,4506.01,4830443
2025,3,1,2025-03,1766,1557,4249.77,6616892
2025,3,1,2025-03,1767,1672,4646.32,7768647
2025,3,1,2025-03,1768,1129,6460.94,7294401
2025,3,1,2025-03,1769,857,7239.3,6204080
2025,3,1,2025-03,1770,1751,6989.17,12238037
2025,3,1,2025-03,1771,1146,6504,7453584
2025,3,1,2025-03,1772,1307,4377.73,5721693
2025,3,1,2025-03,1773,725,5030.07,3646801
2025,3,1,2025-03,1774,1367,5259.96,7190365
2025,3,1,2025-03,1775,1205,4875.56,5875050
2025,3,1,2025-03,1776,713,5821.85,4150979
2025,3,1,2025-03,1777,1171,5944.73,6961279
2025,3,1,2025-03,1778,1684,5367.6,9039038
2025,3,1,2025-03,1779,657,5377,3532689
2025,3,1,2025-03,1780,892,7014.96,6257344
2025,3,1,2025-03,1781,1568,6868.16,10769275
2025,3,1,2025-03,1782,1222,5139.55,6280530
2025,3,1,2025-03,1783,1381,7283.53,10058555
2025,3,1,2025-03,1784,847,7455.94,6315181
2025,3,1,2025-03,1785,1423,5194.9,7392343
2025,3,1,2025-03,1786,1261,5398.71,6807773
2025,3,1,2025-03,1787,1823,5782.75,10541953
2025,3,1,2025-03,1788,1311,7337.12,9618964
2025,3,1,2025-03,1789,1003,7157.83,7179303
2025,3,1,2025-03,1790,1020,4354.6,4441692
2025,3,1,2025-03,1791,1508,5501.72,8296594
2025,3,1,2025-03,1792,772,6033.82,4658109
2025,3,1,2025-03,1793,1502,5879.44,8830919
2025,3,1,2025-03,1794,1535,4701.73,7217156
2025,3,1,2025-03,1795,1573,7028.88,11056428
2025,3,1,2025-03,1796,926,6471.32,5992442
2025,3,1,2025-03,1797,1346,7049.4,9488492
2025,3,1,2025-03,1798,988,7161.88,7075937
2025,3,1,2025-03,1799,1153,6711.53,7738394
2025,3,1,2025-03,1800,2281,5628.26,12838061
2025,3,1,2025-03,1801,1198,6265.92,7506572
2025,3,1,2025-03,1802,1797,4610.14,8284422
2025,3,1,2025-03,1803,1230,6437.16,7917707
2025,3,1,2025-03,1804,1817,4628.44,8409875
2025,3,1,2025-03,1805,841,6528.42,5490401
2025,3,1,2025-03,1806,656,4819.67,3161704
2025,3,1,2025-03,1807,1769,4511.81,7981392
2025,3,1,2025-03,1808,1197,4654.98,5572011
2025,3,1,2025-03,1809,1237,3994.41,4941085
2025,3,1,2025-03,1810,833,6571.85,5474351
2025,3,1,2025-03,1811,1548,6657.96,10306522
2025,3,1,2025-03,1812,1544,5820.08,8986204
2025,3,1,2025-03,1813,1731,4645.31,8041032
2025,3,1,2025-03,1814,1528,4326.48,6610861
2025,3,1,2025-03,1815,1588,4085.82,6488282
2025,3,1,2025-03,1816,1593,4727.69,7531210
2025,3,1,2025-03,1817,2121,7195.62,15261910
2025,3,1,2025-03,1818,1164,4968.53,5783369
2025,3,1,2025-03,1819,1767,5365.68,9481157
2025,3,1,2025-03,1820,1452,4481.94,6507777
2025,3,1,2025-03,1821,1728,4798.56,8291912
2025,3,1,2025-03,1822,1386,5880.05,8149749
2025,3,1,2025-03,1823,683,6254.83,4272049
2025,3,1,2025-03,1824,912,4910.17,4478075
2025,3,1,2025-03,1825,1321,4226.79,5583590
2025,3,1,2025-03,1826,780,5491.64,4283479
2025,3,1,2025-03,1827,1795,4870.69,8742889
2025,3,1,2025-03,1828,2238,4874.78,10909758
2025,3,1,2025-03,1829,1873,7478.16,14006594
2025,3,1,2025-03,1830,1123,6225.77,6991540
2025,3,1,2025-03,1831,1618,5900.26,9546621
2025,3,1,2025-03,1832,1821,5512.93,10039046
2025,3,1,2025-03,1833,1835,5606.22,10287414
2025,3,1,2025-03,1834,1511,5936.41,8969916
2025,3,1,2025-03,1835,1150,6460.32,7429368
2025,3,1,2025-03,1836,1466,6555.69,9610642
2025,3,1,2025-03,1837,1910,4624.98,8833712
2025,3,1,2025-03,1838,1160,5761.53,6683375
2025,3,1,2025-03,1839,705,5574.01,3929677
2025,3,1,2025-03,1840,1725,7151.19,12335803
2025,3,1,2025-03,1841,948,6323.02,5994223
2025,3,1,2025-03,1842,1672,5903.78,9871120
2025,3,1,2025-03,1843,1825,4447.19,8116122
2025,3,1,2025-03,1844,932,6235.25,5811253
2025,3,1,2025-03,1845,1034,4445.36,4596502
2025,3,1,2025-03,1846,1504,5144.14,7736787
2025,3,1,2025-03,1847,939,4537.68,4260882
2025,3,1,2025-03,1848,953,6505.06,6199322
2025,3,1,2025-03,1849,875,4810.07,4208811
2025,3,1,2025-03,1850,1811,5441.26,9854122
2025,3,1,2025-03,1851,1216,7211.54,8769233
2025,3,1,2025-03,1852,827,4741.55,3921262
2025,3,1,2025-03,1853,1712,5900.88,10102307
2025,3,1,2025-03,1854,1364,5587.8,7621759
2025,3,1,2025-03,1855,952,4044.44,3850307
2025,3,1,2025-03,1856,1838,6891.64,12666834
2025,3,1,2025-03,1857,1186,4228.25,5014704
2025,3,1,2025-03,1858,759,5776,4383984
2025,3,1,2025-03,1859,1045,6057.59,6330182
2025,3,1,2025-03,1860,1770,6330.88,11205658
2025,3,1,2025-03,1861,1745,6521.7,11380366
2025,3,1,2025-03,1862,1156,4871.72,5631708
2025,3,1,2025-03,1863,1529,4092.53,6257478
2025,3,1,2025-03,1864,1386,6675.4,9252104
2025,3,1,2025-03,1865,1254,6014.81,7542572
2025,3,1,2025-03,1866,1684,6961.84,11723739
2025,3,1,2025-03,1867,1011,6942.35,7018716
2025,3,1,2025-03,1868,825,7101.56,5858787
2025,3,1,2025-03,1869,984,5776.4,5683978
2025,3,1,2025-03,1870,1820,5269.3,9590126
2025,3,1,2025-03,1871,1063,6870.4,7303235
2025,3,1,2025-03,1872,970,5597.57,5429643
2025,3,1,2025-03,1873,1787,4719.31,8433407
2025,3,1,2025-03,1874,1245,7154.11,8906867
2025,3,1,2025-03,1875,542,7168.97,3885582
2025,3,1,2025-03,1876,763,5708.29,4355425
2025,3,1,2025-03,1877,1944,4216.28,8196448
2025,3,1,2025-03,1878,833,5398.89,4497275
2025,3,1,2025-03,1879,2069,6910.18,14297162
2025,3,1,2025-03,1880,1293,7244.06,9366570
2025,3,1,2025-03,1881,657,4746.37,3118365
2025,3,1,2025-03,1882,598,4234.9,2532470
2025,3,1,2025-03,1883,1974,7098.37,14012182
2025,3,1,2025-03,1884,1230,5522.36,6792503
2025,3,1,2025-03,1885,1347,6010.5,8096144
2025,3,1,2025-03,1886,809,7512.97,6077993
2025,3,1,2025-03,1887,2128,4257.99,9061003
2025,3,1,2025-03,1888,1995,6317.34,12603093
2025,3,1,2025-03,1889,1342,4308.59,5782128
2025,3,1,2025-03,1890,754,5320.32,4011521
2025,3,1,2025-03,1891,1482,6914.47,10247245
2025,3,1,2025-03,1892,935,5574.55,5212204
2025,3,1,2025-03,1893,1111,7626.7,8473264
2025,3,1,2025-03,1894,1510,5965.08,9007271
2025,3,1,2025-03,1895,1574,5197.88,8181463
2025,3,1,2025-03,1896,1986,4821.48,9575459
2025,3,1,2025-03,1897,1316,5311.4,6989802
2025,3,1,2025-03,1898,1847,5335.41,9854502
2025,3,1,2025-03,1899,1567,4250.37,6660330
2025,3,1,2025-03,1900,543,5295.51,2875462
2025,3,1,2025-03,1901,1172,5598.4,6561325
2025,3,1,2025-03,1902,1150,6683.65,7686198
2025,3,1,2025-03,1903,1400,6472.93,9062102
2025,3,1,2025-03,1904,1164,6579.99,7659108
2025,3,1,2025-03,1905,569,4121.41,2345082
2025,3,1,2025-03,1906,850,4780.01,4063008
2025,3,1,2025-03,1907,1581,6385.34,10095223
2025,3,1,2025-03,1908,1028,5765.37,5926800
2025,3,1,2025-03,1909,755,4042.43,3052035
2025,3,1,2025-03,1910,1587,6943.06,11018636
2025,3,1,2025-03,1911,1688,6815.08,11503855
2025,3,1,2025-03,1912,728,6025.09,4386266
2025,3,1,2025-03,1913,1772,4359.49,7725016
2025,3,1,2025-03,1914,1303,6725.48,8763300
2025,3,1,2025-03,1915,660,6070.89,4006787
2025,3,1,2025-03,1916,521,6821.5,3554002
2025,3,1,2025-03,1917,803,6728.09,5402656
2025,3,1,2025-03,1918,1672,6951.53,11622958
2025,3,1,2025-03,1919,793,5898.68,4677653
2025,3,1,2025-03,1920,1500,4505.53,6758295
2025,3,1,2025-03,1921,995,6348.29,6316549
2025,3,1,2025-03,1922,1772,6239.6,11056571
2025,3,1,2025-03,1923,727,6717.39,4883543
2025,3,1,2025-03,1924,1085,4608.91,5000667
2025,3,1,2025-03,1925,519,4758.48,2469651
2025,3,1,2025-03,1926,1370,7271.62,9962119
2025,3,1,2025-03,1927,1760,6634.03,11675893
2025,3,1,2025-03,1928,1910,7339.03,14017547
2025,3,1,2025-03,1929,793,6815.82,5404945
2025,3,1,2025-03,1930,2156,6110.56,13174367
2025,3,1,2025-03,1931,1176,6435.87,7568583
2025,3,1,2025-03,1932,1729,7211.23,12468217
2025,3,1,2025-03,1933,1256,6121.49,7688591
2025,3,1,2025-03,1934,1744,6205.35,10822130
2025,3,1,2025-03,1935,1637,4579.75,7497051
2025,3,1,2025-03,1936,1765,5719.24,10094459
2025,3,1,2025-03,1937,1870,6640.77,12418240
2025,3,1,2025-03,1938,920,4992.04,4592677
2025,3,1,2025-03,1939,970,4730.28,4588372
2025,3,1,2025-03,1940,885,5111.15,4523368
2025,3,1,2025-03,1941,667,4902.66,3270074
2025,3,1,2025-03,1942,1081,4812.14,5201923
2025,3,1,2025-03,1943,1622,5592.81,9071538
2025,3,1,2025-03,1944,574,7233.12,4151811
2025,3,1,2025-03,1945,1537,5815.43,8938316
2025,3,1,2025-03,1946,1708,4773.18,8152591
2025,3,1,2025-03,1947,1681,4363.74,7335447
2025,3,1,2025-03,1948,658,6568.3,4321941
2025,3,1,2025-03,1949,858,5325.44,4569228
2025,3,1,2025-03,1950,1342,6927.15,9296235
2025,3,1,2025-03,1951,1097,6403.11,7024212
2025,3,1,2025-03,1952,1760,6884.29,12116350
2025,3,1,2025-03,1953,1316,4984.04,6558997
2025,3,1,2025-03,1954,1610,6541.29,10531477
2025,3,1,2025-03,1955,493,4989.69,2459917
2025,3,1,2025-03,1956,1652,7407.83,12237735
2025,3,1,2025-03,1957,1411,6296.01,8883670
2025,3,1,2025-03,1958,1769,5165.73,9138176
2025,3,1,2025-03,1959,1739,5033.77,8753726
2025,3,1,2025-03,1960,726,4742.43,3443004
2025,3,1,2025-03,1961,1550,6467.32,10024346
2025,3,1,2025-03,1962,1955,4827.72,9438193
2025,3,1,2025-03,1963,1745,6147.99,10728243
2025,3,1,2025-03,1964,733,4951.75,3629633
2025,3,1,2025-03,1965,1526,6397.75,9762966
2025,3,1,2025-03,1966,1147,6924.07,7941908
2025,3,1,2025-03,1967,2022,6805.3,13760317
2025,3,1,2025-03,1968,1241,6821.6,8465606
2025,3,1,2025-03,1969,1022,4734.87,4839037
2025,3,1,2025-03,1970,1331,4405,5863055
2025,3,1,2025-03,1971,895,6507.55,5824257
2025,3,1,2025-03,1972,1055,5328.63,5621705
2025,3,1,2025-03,1973,1597,5608.05,8956056
2025,3,1,2025-03,1974,1131,4061.41,4593455
2025,3,1,2025-03,1975,950,4926.17,4679862
2025,3,1,2025-03,1976,1765,4188.21,7392191
2025,3,1,2025-03,1977,1050,7188.82,7548261
2025,3,1,2025-03,1978,1515,4890.21,7408668
2025,3,1,2025-03,1979,1428,6035.4,8618551
2025,3,1,2025-03,1980,1445,4157.45,6007515
2025,3,1,2025-03,1981,1438,6472.25,9307096
2025,3,1,2025-03,1982,533,5242.41,2794205
2025,3,1,2025-03,1983,1016,7189.17,7304197
2025,3,1,2025-03,1984,810,7156.37,5796660
2025,3,1,2025-03,1985,1839,5285.62,9720255
2025,3,1,2025-03,1986,785,7238.86,5682505
2025,3,1,2025-03,1987,1526,7635.44,11651681
2025,3,1,2025-03,1988,1890,6950.98,13137352
2025,3,1,2025-03,1989,1504,7029.92,10573000
2025,3,1,2025-03,1990,678,4916,3333048
2025,3,1,2025-03,1991,1602,6120,9804240
2025,3,1,2025-03,1992,678,4294.58,2911725
2025,3,1,2025-03,1993,1160,4313.89,5004112
2025,3,1,2025-03,1994,1333,7566.04,10085531
2025,3,1,2025-03,1995,992,5179.32,5137885
2025,3,1,2025-03,1996,1132,6705.73,7590886
2025,3,1,2025-03,1997,2045,6938.97,14190194
2025,3,1,2025-03,1998,1644,7095.36,11664772
2025,3,1,2025-03,1999,903,7532.15,6801531
2025,3,1,2025-03,2000,1496,4919.98,7360290
2025,3,1,2025-03,2001,672,4170.02,2802253
2025,3,1,2025-03,2002,1314,5564.74,7312068
2025,3,1,2025-03,2003,1235,4499.76,5557204
2025,3,1,2025-03,2004,1066,4100.31,4370930
2025,3,1,2025-03,2005,1812,5303.17,9609344
2025,3,1,2025-03,2006,1780,6863.26,12216603
2025,3,1,2025-03,2007,1440,6007.2,8650368
2025,3,1,2025-03,2008,886,5117.9,4534459
2025,3,1,2025-03,2009,871,6360.83,5540283
2025,3,1,2025-03,2010,1968,4897.41,9638103
2025,3,1,2025-03,2011,1539,4097.16,6305529
2025,3,1,2025-03,2012,911,6765.54,6163407
2025,3,1,2025-03,2013,1373,6291.46,8638175
2025,3,1,2025-03,2014,1831,6714.89,12294964
2025,3,1,2025-03,2015,773,4214.05,3257461
2025,3,1,2025-03,2016,1852,7061.65,13078176
2025,3,1,2025-03,2017,1465,6317.5,9255138
2025,3,1,2025-03,2018,1689,6182.6,10442411
2025,3,1,2025-03,2019,1849,6293.32,11636349
2025,3,1,2025-03,2020,958,7164.44,6863534
2025,3,1,2025-03,2021,550,6106.9,3358795
2025,3,1,2025-03,2022,1568,6140.89,9628916
2025,3,1,2025-03,2023,1446,7655.16,11069361
2025,3,1,2025-03,2024,1315,6673.93,8776218
2025,3,1,2025-03,2025,961,5671.8,5450600
2025,3,1,2025-03,2026,1232,6587.63,8115960
2025,3,1,2025-03,2027,1098,5467.66,6003491
2025,3,1,2025-03,2028,1917,4881.33,9357510
2025,3,1,2025-03,2029,1278,6107.52,7805411
2025,3,1,2025-03,2030,1065,7266.13,7738428
2025,3,1,2025-03,2031,766,7355.96,5634665
2025,3,1,2025-03,2032,323,5200.4,1679729
2025,3,1,2025-03,2033,993,5999.15,5957156
2025,3,1,2025-03,2034,933,4753.24,4434773
2025,3,1,2025-03,2035,1305,7636.6,9965763
2025,3,1,2025-03,2036,1414,7551.44,10677736
2025,3,1,2025-03,2037,1298,6389.8,8293960
2025,3,1,2025-03,2038,1131,6867.65,7767312
2025,3,1,2025-03,2039,1028,6676.34,6863278
2025,3,1,2025-03,2040,620,6155.94,3816683
2025,3,1,2025-03,2041,996,4329.17,4311853
2025,3,1,2025-03,2042,849,5686.41,4827762
2025,3,1,2025-03,2043,1623,6413.91,10409776
2025,3,1,2025-03,2044,805,6484.49,5220014
2025,3,1,2025-03,2045,1529,5412.46,8275651
2025,3,1,2025-03,2046,1725,7380.73,12731759
2025,3,1,2025-03,2047,1436,4662.92,6695953
2025,3,1,2025-03,2048,447,5867.45,2622750
2025,3,1,2025-03,2049,712,6460.23,4599684
2025,3,1,2025-03,2050,1781,6497.45,11571958
2025,3,1,2025-03,2051,1891,6302.62,11918254
2025,3,1,2025-03,2052,631,5105.66,3221671
2025,3,1,2025-03,2053,2011,4582.19,9214784
2025,3,1,2025-03,2054,1865,6394.34,11925444
2025,3,1,2025-03,2055,1115,6179.32,6889942
2025,3,1,2025-03,2056,905,4584.53,4149000
2025,3,1,2025-03,2057,1378,6587.72,9077878
2025,3,1,2025-03,2058,2035,5688.1,11575284
2025,3,1,2025-03,2059,821,6408.9,5261707
2025,3,1,2025-03,2060,1845,7021.48,12954631
2025,3,1,2025-03,2061,1510,4708.46,7109775
2025,3,1,2025-03,2062,961,4112.13,3951757
2025,3,1,2025-03,2063,659,6803.38,4483427
2025,3,1,2025-03,2064,1294,6119.16,7918193
2025,3,1,2025-03,2065,1390,6572.69,9136039
2025,3,1,2025-03,2066,1462,7035.55,10285974
2025,3,1,2025-03,2067,1916,6912.02,13243430
2025,3,1,2025-03,2068,1826,7494.9,13685687
2025,3,1,2025-03,2069,719,5972.26,4294055
2025,3,1,2025-03,2070,1733,5725.86,9922915
2025,3,1,2025-03,2071,1576,5452.67,8593408
2025,3,1,2025-03,2072,1099,4603.73,5059499
2025,3,1,2025-03,2073,758,6086.36,4613461
2025,3,1,2025-03,2074,1210,4947.47,5986439
2025,3,1,2025-03,2075,1611,7294.3,11751117
2025,3,1,2025-03,2076,1859,6174.67,11478712
2025,3,1,2025-03,2077,1591,5998.87,9544202
2025,3,1,2025-03,2078,1681,5193.94,8731013
2025,3,1,2025-03,2079,1331,4220.91,5618031
2025,3,1,2025-03,2080,1613,4167.7,6722500
2025,3,1,2025-03,2081,694,5542.1,3846217
2025,3,1,2025-03,2082,887,4383.62,3888271
2025,3,1,2025-03,2083,706,6304.73,4451139
2025,3,1,2025-03,2084,1915,7220.24,13826760
2025,4,1,2025-04,1,1706,7115.29,12138685
2025,4,1,2025-04,2,1820,4822.03,8776095
2025,4,1,2025-04,3,1495,4484.26,6703969
2025,4,1,2025-04,4,1932,5020.01,9698659
2025,4,1,2025-04,5,1442,4232.74,6103611
2025,4,1,2025-04,6,1682,5958.58,10022332
2025,4,1,2025-04,7,1659,7470.96,12394323
2025,4,1,2025-04,8,569,4208.17,2394449
2025,4,1,2025-04,9,1027,4481.23,4602223
2025,4,1,2025-04,10,1869,5659.32,10577269
2025,4,1,2025-04,11,848,7384.85,6262353
2025,4,1,2025-04,12,2170,5182.01,11244962
2025,4,1,2025-04,13,556,5874.91,3266450
2025,4,1,2025-04,14,1923,4127.33,7936856
2025,4,1,2025-04,15,1653,4635.93,7663192
2025,4,1,2025-04,16,1420,7565.96,10743663
2025,4,1,2025-04,17,763,7543.25,5755500
2025,4,1,2025-04,18,1795,3960.43,7108972
2025,4,1,2025-04,19,1266,7360.86,9318849
2025,4,1,2025-04,20,807,6381.28,5149693
2025,4,1,2025-04,21,2015,7144.53,14396228
2025,4,1,2025-04,22,1462,5647.61,8256806
2025,4,1,2025-04,23,944,5862.21,5533926
2025,4,1,2025-04,24,1683,5792.7,9749114
2025,4,1,2025-04,25,1438,6531.61,9392455
2025,4,1,2025-04,26,940,4420.21,4154997
2025,4,1,2025-04,27,1494,4106.01,6134379
2025,4,1,2025-04,28,1019,5100.78,5197695
2025,4,1,2025-04,29,1797,6618.49,11893427
2025,4,1,2025-04,30,519,4831.64,2507621
2025,4,1,2025-04,31,939,6442.9,6049883
2025,4,1,2025-04,32,1311,7544.03,9890223
2025,4,1,2025-04,33,1333,4359.48,5811187
2025,4,1,2025-04,34,1104,6506.15,7182790
2025,4,1,2025-04,35,1706,5651,9640606
2025,4,1,2025-04,36,1231,7133.14,8780895
2025,4,1,2025-04,37,2073,4572.33,9478440
2025,4,1,2025-04,38,1219,6503.41,7927657
2025,4,1,2025-04,39,1743,7021.74,12238893
2025,4,1,2025-04,40,967,7416.56,7171814
2025,4,1,2025-04,41,1824,6490.4,11838490
2025,4,1,2025-04,42,1407,5805.11,8167790
2025,4,1,2025-04,43,1611,6231.89,10039575
2025,4,1,2025-04,44,860,7190.05,6183443
2025,4,1,2025-04,45,2027,6012.47,12187277
2025,4,1,2025-04,46,1410,4116.38,5804096
2025,4,1,2025-04,47,1699,7349.32,12486495
2025,4,1,2025-04,48,1285,6467.1,8310224
2025,4,1,2025-04,49,545,6481.59,3532467
2025,4,1,2025-04,50,1544,4777.32,7376182
2025,4,1,2025-04,51,576,6377.12,3673221
2025,4,1,2025-04,52,1982,5491.63,10884411
2025,4,1,2025-04,53,1047,6407.38,6708527
2025,4,1,2025-04,54,1186,4422.45,5245026
2025,4,1,2025-04,55,1066,6392.14,6814021
2025,4,1,2025-04,56,700,7583.11,5308177
2025,4,1,2025-04,57,1225,4264.14,5223572
2025,4,1,2025-04,58,1282,7534.96,9659819
2025,4,1,2025-04,59,1936,5529.37,10704860
2025,4,1,2025-04,60,1174,7159.61,8405382
2025,4,1,2025-04,61,1601,6836.63,10945445
2025,4,1,2025-04,62,1940,5981.46,11604032
2025,4,1,2025-04,63,529,6631.47,3508048
2025,4,1,2025-04,64,1638,7167.17,11739824
2025,4,1,2025-04,65,1433,5411.2,7754250
2025,4,1,2025-04,66,2097,5179.74,10861915
2025,4,1,2025-04,67,2048,6439.33,13187748
2025,4,1,2025-04,68,981,6865.87,6735418
2025,4,1,2025-04,69,1324,6805.81,9010892
2025,4,1,2025-04,70,481,6975.56,3355244
2025,4,1,2025-04,71,729,5608.18,4088363
2025,4,1,2025-04,72,1792,6945.58,12446479
2025,4,1,2025-04,73,1872,4512.85,8448055
2025,4,1,2025-04,74,1739,6018.65,10466432
2025,4,1,2025-04,75,1374,4043.69,5556030
2025,4,1,2025-04,76,1894,5182.38,9815428
2025,4,1,2025-04,77,1381,5335.85,7368809
2025,4,1,2025-04,78,1390,5506.04,7653396
2025,4,1,2025-04,79,2053,6487.79,13319433
2025,4,1,2025-04,80,1367,5454.71,7456589
2025,4,1,2025-04,81,1004,5650.78,5673383
2025,4,1,2025-04,82,1430,4918.56,7033541
2025,4,1,2025-04,83,871,5355.72,4664832
2025,4,1,2025-04,84,715,4842.07,3462080
2025,4,1,2025-04,85,1651,4340.36,7165934
2025,4,1,2025-04,86,827,6140.26,5077995
2025,4,1,2025-04,87,1431,6390.42,9144691
2025,4,1,2025-04,88,1776,6139.03,10902917
2025,4,1,2025-04,89,1337,5767.9,7711682
2025,4,1,2025-04,90,1993,5398.48,10759171
2025,4,1,2025-04,91,1720,7119.62,12245746
2025,4,1,2025-04,92,1709,5933.92,10141069
2025,4,1,2025-04,93,875,5742.28,5024495
2025,4,1,2025-04,94,1418,4106.91,5823598
2025,4,1,2025-04,95,896,5264.35,4716858
2025,4,1,2025-04,96,1299,5446.21,7074627
2025,4,1,2025-04,97,1787,5469.21,9773478
2025,4,1,2025-04,98,1249,6123.45,7648189
2025,4,1,2025-04,99,697,5926.5,4130770
2025,4,1,2025-04,100,1323,6212.22,8218767
2025,4,1,2025-04,101,708,6829.16,4835045
2025,4,1,2025-04,102,855,6904.82,5903621
2025,4,1,2025-04,103,905,6586.69,5960954
2025,4,1,2025-04,104,1739,7531.49,13097261
2025,4,1,2025-04,105,1918,4120.59,7903292
2025,4,1,2025-04,106,534,4680.6,2499440
2025,4,1,2025-04,107,817,4172.61,3409022
2025,4,1,2025-04,108,1153,6313.18,7279097
2025,4,1,2025-04,109,2010,7130.79,14332888
2025,4,1,2025-04,110,1795,4890.21,8777927
2025,4,1,2025-04,111,1164,7306.66,8504952
2025,4,1,2025-04,112,1965,4297.18,8443959
2025,4,1,2025-04,113,1635,7444.63,12171970
2025,4,1,2025-04,114,1712,5301.07,9075432
2025,4,1,2025-04,115,1288,4431.49,5707759
2025,4,1,2025-04,116,1021,5786.92,5908445
2025,4,1,2025-04,117,1020,5023.71,5124184
2025,4,1,2025-04,118,947,5052.67,4784878
2025,4,1,2025-04,119,846,5074.85,4293323
2025,4,1,2025-04,120,893,6905.44,6166558
2025,4,1,2025-04,121,1617,5845.57,9452287
2025,4,1,2025-04,122,1086,5127.4,5568356
2025,4,1,2025-04,123,1481,6192.17,9170604
2025,4,1,2025-04,124,787,6546.09,5151773
2025,4,1,2025-04,125,714,5068.28,3618752
2025,4,1,2025-04,126,1378,5510.71,7593758
2025,4,1,2025-04,127,1667,4506.1,7511669
2025,4,1,2025-04,128,1855,4686.15,8692808
2025,4,1,2025-04,129,1557,6487.69,10101333
2025,4,1,2025-04,130,1061,4651.27,4934997
2025,4,1,2025-04,131,744,5919.94,4404435
2025,4,1,2025-04,132,1587,6647.16,10549043
2025,4,1,2025-04,133,616,4374.53,2694710
2025,4,1,2025-04,134,1052,6156.49,6476627
2025,4,1,2025-04,135,1327,5025.34,6668626
2025,4,1,2025-04,136,1398,7470.51,10443773
2025,4,1,2025-04,137,1083,5802.58,6284194
2025,4,1,2025-04,138,1950,6938.95,13530952
2025,4,1,2025-04,139,1378,5959.23,8211819
2025,4,1,2025-04,140,1805,4216.72,7611180
2025,4,1,2025-04,141,1867,6304.23,11769997
2025,4,1,2025-04,142,1068,7415.76,7920032
2025,4,1,2025-04,143,1198,6231.39,7465205
2025,4,1,2025-04,144,940,6937.35,6521109
2025,4,1,2025-04,145,1488,7176.45,10678558
2025,4,1,2025-04,146,1451,4803.35,6969661
2025,4,1,2025-04,147,1060,4786.12,5073287
2025,4,1,2025-04,148,858,6299.36,5404851
2025,4,1,2025-04,149,1665,5481.64,9126931
2025,4,1,2025-04,150,1514,7084.83,10726433
2025,4,1,2025-04,151,2111,7251.12,15307114
2025,4,1,2025-04,152,1281,5314.99,6808502
2025,4,1,2025-04,153,1180,4815.5,5682290
2025,4,1,2025-04,154,1951,6874.24,13411642
2025,4,1,2025-04,155,1166,5005.94,5836926
2025,4,1,2025-04,156,1724,6988.77,12048639
2025,4,1,2025-04,157,811,5577.04,4522979
2025,4,1,2025-04,158,1000,6459,6459000
2025,4,1,2025-04,159,2142,4372.45,9365788
2025,4,1,2025-04,160,1010,6179.4,6241194
2025,4,1,2025-04,161,1311,5724.19,7504413
2025,4,1,2025-04,162,1933,6209.53,12003021
2025,4,1,2025-04,163,1080,4603.76,4972061
2025,4,1,2025-04,164,1699,6695.84,11376232
2025,4,1,2025-04,165,1231,7117.65,8761827
2025,4,1,2025-04,166,1687,4887.38,8245010
2025,4,1,2025-04,167,1817,4378.61,7955934
2025,4,1,2025-04,168,1609,4099.41,6595951
2025,4,1,2025-04,169,1141,6289.09,7175852
2025,4,1,2025-04,170,1446,6218.97,8992631
2025,4,1,2025-04,171,1122,5997.57,6729274
2025,4,1,2025-04,172,1593,4967.64,7913451
2025,4,1,2025-04,173,1310,5365.76,7029146
2025,4,1,2025-04,174,1285,6124.17,7869558
2025,4,1,2025-04,175,1483,5766.5,8551720
2025,4,1,2025-04,176,1865,7501.32,13989962
2025,4,1,2025-04,177,1858,4488.99,8340543
2025,4,1,2025-04,178,1878,6568.94,12336469
2025,4,1,2025-04,179,2171,5365.23,11647914
2025,4,1,2025-04,180,1602,5572.39,8926969
2025,4,1,2025-04,181,988,6680.75,6600581
2025,4,1,2025-04,182,1965,6514.66,12801307
2025,4,1,2025-04,183,1718,7553.48,12976879
2025,4,1,2025-04,184,1994,4495.53,8964087
2025,4,1,2025-04,185,1720,4405.34,7577185
2025,4,1,2025-04,186,1232,6664.89,8211144
2025,4,1,2025-04,187,1088,6089.25,6625104
2025,4,1,2025-04,188,1473,4992.81,7354409
2025,4,1,2025-04,189,1812,4306.41,7803215
2025,4,1,2025-04,190,1980,4468.16,8846957
2025,4,1,2025-04,191,1282,7248.99,9293205
2025,4,1,2025-04,192,2043,4814.38,9835778
2025,4,1,2025-04,193,2137,5286.39,11297015
2025,4,1,2025-04,194,1318,4864.57,6411503
2025,4,1,2025-04,195,936,5329.33,4988253
2025,4,1,2025-04,196,1777,4298.9,7639145
2025,4,1,2025-04,197,2028,5943.21,12052830
2025,4,1,2025-04,198,1361,4318.4,5877342
2025,4,1,2025-04,199,1154,6927.94,7994843
2025,4,1,2025-04,200,2020,4879.25,9856085
2025,4,1,2025-04,201,2127,5885,12517395
2025,4,1,2025-04,202,1899,7157.81,13592681
2025,4,1,2025-04,203,1714,6363.51,10907056
2025,4,1,2025-04,204,1297,5976.61,7751663
2025,4,1,2025-04,205,1198,5245.12,6283654
2025,4,1,2025-04,206,1610,5145.22,8283804
2025,4,1,2025-04,207,1709,6417.45,10967422
2025,4,1,2025-04,208,1796,7635.5,13713358
2025,4,1,2025-04,209,1765,6394.3,11285940
2025,4,1,2025-04,210,1646,6054.18,9965180
2025,4,1,2025-04,211,1851,6646.74,12303116
2025,4,1,2025-04,212,1265,5651.64,7149325
2025,4,1,2025-04,213,697,4259.29,2968725
2025,4,1,2025-04,214,679,5977.44,4058682
2025,4,1,2025-04,215,1213,7523.49,9125993
2025,4,1,2025-04,216,878,4664.63,4095545
2025,4,1,2025-04,217,1348,6528.25,8800081
2025,4,1,2025-04,218,1844,4688.16,8644967
2025,4,1,2025-04,219,949,5939.9,5636965
2025,4,1,2025-04,220,2169,4366.74,9471459
2025,4,1,2025-04,221,1806,5638.34,10182842
2025,4,1,2025-04,222,1886,6715.49,12665414
2025,4,1,2025-04,223,1373,5324.56,7310621
2025,4,1,2025-04,224,1939,6422.86,12453926
2025,4,1,2025-04,225,771,6890.8,5312807
2025,4,1,2025-04,226,1350,7355.14,9929439
2025,4,1,2025-04,227,2137,4954.93,10588685
2025,4,1,2025-04,228,836,5396.54,4511507
2025,4,1,2025-04,229,1753,4597.73,8059821
2025,4,1,2025-04,230,851,7608.56,6474885
2025,4,1,2025-04,231,1104,7379.41,8146869
2025,4,1,2025-04,232,1410,5869.2,8275572
2025,4,1,2025-04,233,829,7009.6,5810958
2025,4,1,2025-04,234,715,5912.34,4227323
2025,4,1,2025-04,235,1585,6304.05,9991919
2025,4,1,2025-04,236,844,4257.33,3593187
2025,4,1,2025-04,237,1690,6716.46,11350817
2025,4,1,2025-04,238,1149,4541.74,5218459
2025,4,1,2025-04,239,789,7038.17,5553116
2025,4,1,2025-04,240,1028,6872.22,7064642
2025,4,1,2025-04,241,1809,6588.94,11919392
2025,4,1,2025-04,242,1697,4214.16,7151430
2025,4,1,2025-04,243,886,5173.4,4583632
2025,4,1,2025-04,244,2008,5035.62,10111525
2025,4,1,2025-04,245,1008,5404.79,5448028
2025,4,1,2025-04,246,1925,4367.17,8406802
2025,4,1,2025-04,247,1186,7449.73,8835380
2025,4,1,2025-04,248,1113,6016.06,6695875
2025,4,1,2025-04,249,1531,5136.21,7863538
2025,4,1,2025-04,250,724,5541.67,4012169
2025,4,1,2025-04,251,1821,5745.11,10461845
2025,4,1,2025-04,252,777,6201.62,4818659
2025,4,1,2025-04,253,1755,5918.03,10386143
2025,4,1,2025-04,254,1545,7241.16,11187592
2025,4,1,2025-04,255,1067,5808.57,6197744
2025,4,1,2025-04,256,1642,7616.28,12505932
2025,4,1,2025-04,257,1198,7080.2,8482080
2025,4,1,2025-04,258,966,4795.83,4632772
2025,4,1,2025-04,259,1265,7375.04,9329426
2025,4,1,2025-04,260,1427,4504.62,6428093
2025,4,1,2025-04,261,917,6894.13,6321917
2025,4,1,2025-04,262,782,5483.07,4287761
2025,4,1,2025-04,263,2236,7224.53,16154049
2025,4,1,2025-04,264,1639,7156.57,11729618
2025,4,1,2025-04,265,805,6923.81,5573667
2025,4,1,2025-04,266,441,6812.31,3004229
2025,4,1,2025-04,267,1025,5139.15,5267629
2025,4,1,2025-04,268,1196,4274.04,5111752
2025,4,1,2025-04,269,1521,5554.33,8448136
2025,4,1,2025-04,270,1356,4706.94,6382611
2025,4,1,2025-04,271,561,6545.23,3671874
2025,4,1,2025-04,272,1543,5228.65,8067807
2025,4,1,2025-04,273,1791,7470.35,13379397
2025,4,1,2025-04,274,820,6285.68,5154258
2025,4,1,2025-04,275,1058,6973.62,7378090
2025,4,1,2025-04,276,1587,4585.74,7277569
2025,4,1,2025-04,277,1774,7156.5,12695631
2025,4,1,2025-04,278,1449,7366.02,10673363
2025,4,1,2025-04,279,507,5775.79,2928326
2025,4,1,2025-04,280,1804,6205.57,11194848
2025,4,1,2025-04,281,1506,6801.73,10243405
2025,4,1,2025-04,282,1342,4674.6,6273313
2025,4,1,2025-04,283,753,5851.35,4406067
2025,4,1,2025-04,284,1801,5408.08,9739952
2025,4,1,2025-04,285,1122,4650.92,5218332
2025,4,1,2025-04,286,887,5302.76,4703548
2025,4,1,2025-04,287,684,4303.91,2943874
2025,4,1,2025-04,288,1550,4140.57,6417884
2025,4,1,2025-04,289,1075,4563.2,4905440
2025,4,1,2025-04,290,1218,7516.22,9154756
2025,4,1,2025-04,291,2089,6067.57,12675154
2025,4,1,2025-04,292,1856,7464.73,13854539
2025,4,1,2025-04,293,872,5644.09,4921646
2025,4,1,2025-04,294,991,5164.99,5118505
2025,4,1,2025-04,295,1993,5884.76,11728327
2025,4,1,2025-04,296,1731,5666.94,9809473
2025,4,1,2025-04,297,956,4446.13,4250500
2025,4,1,2025-04,298,2128,6266.89,13335942
2025,4,1,2025-04,299,685,4832.2,3310057
2025,4,1,2025-04,300,749,6297.01,4716460
2025,4,1,2025-04,301,1646,6374.22,10491966
2025,4,1,2025-04,302,1388,4649.03,6452854
2025,4,1,2025-04,303,967,4281.29,4140007
2025,4,1,2025-04,304,1353,6885.6,9316217
2025,4,1,2025-04,305,1684,5685.4,9574214
2025,4,1,2025-04,306,1452,4310.45,6258773
2025,4,1,2025-04,307,665,7577.57,5039084
2025,4,1,2025-04,308,1243,4263.46,5299481
2025,4,1,2025-04,309,1231,6478.76,7975354
2025,4,1,2025-04,310,1866,7549.01,14086453
2025,4,1,2025-04,311,1446,4913.43,7104820
2025,4,1,2025-04,312,1901,4487.96,8531612
2025,4,1,2025-04,313,1610,4546.09,7319205
2025,4,1,2025-04,314,1696,5139.97,8717389
2025,4,1,2025-04,315,898,4440.93,3987955
2025,4,1,2025-04,316,1240,6516.34,8080262
2025,4,1,2025-04,317,1607,4249.55,6829027
2025,4,1,2025-04,318,1483,5775.74,8565422
2025,4,1,2025-04,319,953,7634.95,7276107
2025,4,1,2025-04,320,1588,7005.72,11125083
2025,4,1,2025-04,321,808,6246.96,5047544
2025,4,1,2025-04,322,1903,5084.86,9676489
2025,4,1,2025-04,323,1925,6324.7,12175048
2025,4,1,2025-04,324,1178,5982.92,7047880
2025,4,1,2025-04,325,734,5583.34,4098172
2025,4,1,2025-04,326,873,4544.17,3967060
2025,4,1,2025-04,327,1901,7276.3,13832246
2025,4,1,2025-04,328,971,5682.6,5517805
2025,4,1,2025-04,329,988,4780.76,4723391
2025,4,1,2025-04,330,1779,5433.55,9666285
2025,4,1,2025-04,331,508,5544.48,2816596
2025,4,1,2025-04,332,574,6951.55,3990190
2025,4,1,2025-04,333,1848,6788.67,12545462
2025,4,1,2025-04,334,1292,6850.92,8851389
2025,4,1,2025-04,335,748,4141.45,3097805
2025,4,1,2025-04,336,1286,5515.4,7092804
2025,4,1,2025-04,337,1443,5775.93,8334667
2025,4,1,2025-04,338,1117,4055.46,4529949
2025,4,1,2025-04,339,1622,4960.43,8045817
2025,4,1,2025-04,340,1412,6747.26,9527131
2025,4,1,2025-04,341,1150,4519.83,5197804
2025,4,1,2025-04,342,1335,5892.85,7866955
2025,4,1,2025-04,343,1708,4756.74,8124512
2025,4,1,2025-04,344,1684,4123.48,6943940
2025,4,1,2025-04,345,741,4926.59,3650603
2025,4,1,2025-04,346,1734,7585.92,13153985
2025,4,1,2025-04,347,1564,6869.02,10743147
2025,4,1,2025-04,348,810,7492.45,6068884
2025,4,1,2025-04,349,1093,5786.72,6324885
2025,4,1,2025-04,350,1455,4442.66,6464070
2025,4,1,2025-04,351,1996,5972.03,11920172
2025,4,1,2025-04,352,1092,5588.09,6102194
2025,4,1,2025-04,353,741,7066.59,5236343
2025,4,1,2025-04,354,1464,4359.83,6382791
2025,4,1,2025-04,355,967,5751.5,5561700
2025,4,1,2025-04,356,1865,4567.8,8518947
2025,4,1,2025-04,357,962,5235.54,5036589
2025,4,1,2025-04,358,988,6604.74,6525483
2025,4,1,2025-04,359,881,5739.88,5056834
2025,4,1,2025-04,360,1208,5321.38,6428227
2025,4,1,2025-04,361,1768,5497.67,9719881
2025,4,1,2025-04,362,1214,5758.53,6990855
2025,4,1,2025-04,363,1505,6883.72,10359999
2025,4,1,2025-04,364,1859,7278.48,13530694
2025,4,1,2025-04,365,501,7578.42,3796788
2025,4,1,2025-04,366,594,6759.16,4014941
2025,4,1,2025-04,367,1516,5184.7,7860005
2025,4,1,2025-04,368,1433,6498.22,9311949
2025,4,1,2025-04,369,1891,5629.34,10645082
2025,4,1,2025-04,370,1790,4933.6,8831144
2025,4,1,2025-04,371,1936,7060.94,13669980
2025,4,1,2025-04,372,829,4216.32,3495329
2025,4,1,2025-04,373,731,7288.76,5328084
2025,4,1,2025-04,374,1016,5627.45,5717489
2025,4,1,2025-04,375,1200,6362.11,7634532
2025,4,1,2025-04,376,1699,6372.31,10826555
2025,4,1,2025-04,377,1373,7219.52,9912401
2025,4,1,2025-04,378,1164,6294.47,7326763
2025,4,1,2025-04,379,1940,6266.78,12157553
2025,4,1,2025-04,380,1390,4218.71,5864007
2025,4,1,2025-04,381,1493,5954.16,8889561
2025,4,1,2025-04,382,795,4684.77,3724392
2025,4,1,2025-04,383,1111,6674.13,7414958
2025,4,1,2025-04,384,1894,5824.38,11031376
2025,4,1,2025-04,385,1196,6398.32,7652391
2025,4,1,2025-04,386,1633,4192.2,6845863
2025,4,1,2025-04,387,2004,4330.13,8677581
2025,4,1,2025-04,388,989,6641.05,6567998
2025,4,1,2025-04,389,1731,4355.32,7539059
2025,4,1,2025-04,390,1525,4241.94,6468958
2025,4,1,2025-04,391,1904,4083.4,7774794
2025,4,1,2025-04,392,1355,7424.23,10059832
2025,4,1,2025-04,393,1078,6691.49,7213426
2025,4,1,2025-04,394,1420,5198.41,7381742
2025,4,1,2025-04,395,1177,5041.36,5933681
2025,4,1,2025-04,396,1152,5273.74,6075348
2025,4,1,2025-04,397,1454,6840.88,9946640
2025,4,1,2025-04,398,1409,6377.65,8986109
2025,4,1,2025-04,399,623,4754.4,2961991
2025,4,1,2025-04,400,1276,4617.67,5892147
2025,4,1,2025-04,401,551,4393.08,2420587
2025,4,1,2025-04,402,1002,6370.47,6383211
2025,4,1,2025-04,403,1022,6825.66,6975825
2025,4,1,2025-04,404,1115,5062.65,5644855
2025,4,1,2025-04,405,1316,4163.51,5479179
2025,4,1,2025-04,406,1604,4404.52,7064850
2025,4,1,2025-04,407,1060,7495.14,7944848
2025,4,1,2025-04,408,1713,5062.82,8672611
2025,4,1,2025-04,409,1800,6772.43,12190374
2025,4,1,2025-04,410,1886,6224.29,11739011
2025,4,1,2025-04,411,1127,5428.41,6117818
2025,4,1,2025-04,412,1266,4762.61,6029464
2025,4,1,2025-04,413,1376,4437.88,6106523
2025,4,1,2025-04,414,563,6244.48,3515642
2025,4,1,2025-04,415,1271,6719.82,8540891
2025,4,1,2025-04,416,1598,6357.25,10158886
2025,4,1,2025-04,417,1680,5864.49,9852343
2025,4,1,2025-04,418,735,4199.97,3086978
2025,4,1,2025-04,419,830,7513.14,6235906
2025,4,1,2025-04,420,1263,6848.87,8650123
2025,4,1,2025-04,421,2119,5077.6,10759434
2025,4,1,2025-04,422,910,7549.67,6870200
2025,4,1,2025-04,423,1302,6147.63,8004214
2025,4,1,2025-04,424,1497,6153.79,9212224
2025,4,1,2025-04,425,1673,6791.79,11362665
2025,4,1,2025-04,426,1793,6942.13,12447239
2025,4,1,2025-04,427,984,6436.88,6333890
2025,4,1,2025-04,428,1248,4518.74,5639388
2025,4,1,2025-04,429,1522,5244.89,7982723
2025,4,1,2025-04,430,1013,7360.1,7455781
2025,4,1,2025-04,431,1543,4840.9,7469509
2025,4,1,2025-04,432,1471,5389.07,7927322
2025,4,1,2025-04,433,611,5601.86,3422736
2025,4,1,2025-04,434,1873,5665.89,10612212
2025,4,1,2025-04,435,1969,6210.69,12228849
2025,4,1,2025-04,436,1150,7388.25,8496488
2025,4,1,2025-04,437,1572,4952.33,7785063
2025,4,1,2025-04,438,1579,4485.32,7082320
2025,4,1,2025-04,439,1400,4748.55,6647970
2025,4,1,2025-04,440,2105,7104.31,14954573
2025,4,1,2025-04,441,739,6423.41,4746900
2025,4,1,2025-04,442,1528,5045.49,7709509
2025,4,1,2025-04,443,1450,6972.37,10109936
2025,4,1,2025-04,444,1460,7097.89,10362919
2025,4,1,2025-04,445,1262,7099.85,8960011
2025,4,1,2025-04,446,902,7368.3,6646207
2025,4,1,2025-04,447,834,4905.05,4090812
2025,4,1,2025-04,448,1301,6813.89,8864871
2025,4,1,2025-04,449,1861,5625.54,10469130
2025,4,1,2025-04,450,1411,7048.56,9945518
2025,4,1,2025-04,451,615,6602.53,4060556
2025,4,1,2025-04,452,1375,6848.39,9416536
2025,4,1,2025-04,453,1747,6461.87,11288887
2025,4,1,2025-04,454,1916,4699.57,9004376
2025,4,1,2025-04,455,1247,5967.05,7440911
2025,4,1,2025-04,456,2199,7524.78,16546991
2025,4,1,2025-04,457,694,7481.43,5192112
2025,4,1,2025-04,458,1203,4167.07,5012985
2025,4,1,2025-04,459,1813,4593.87,8328686
2025,4,1,2025-04,460,2108,4495.65,9476830
2025,4,1,2025-04,461,1543,6617.08,10210154
2025,4,1,2025-04,462,1738,6934.69,12052491
2025,4,1,2025-04,463,1014,4774.23,4841069
2025,4,1,2025-04,464,1095,5845.04,6400319
2025,4,1,2025-04,465,1330,7053.71,9381434
2025,4,1,2025-04,466,1862,6669.75,12419074
2025,4,1,2025-04,467,1865,5899.52,11002605
2025,4,1,2025-04,468,1110,6118.5,6791535
2025,4,1,2025-04,469,1050,5847.52,6139896
2025,4,1,2025-04,470,2035,5108.84,10396489
2025,4,1,2025-04,471,1652,6072.17,10031225
2025,4,1,2025-04,472,1742,6451.72,11238896
2025,4,1,2025-04,473,1766,7158.24,12641452
2025,4,1,2025-04,474,1363,6401.33,8725013
2025,4,1,2025-04,475,2088,6737.8,14068526
2025,4,1,2025-04,476,1287,4550.01,5855863
2025,4,1,2025-04,477,1312,5748.63,7542203
2025,4,1,2025-04,478,1519,4080.91,6198902
2025,4,1,2025-04,479,865,4903.57,4241588
2025,4,1,2025-04,480,1804,6707.06,12099536
2025,4,1,2025-04,481,685,7443.16,5098565
2025,4,1,2025-04,482,1930,4380.35,8454076
2025,4,1,2025-04,483,1630,5403.87,8808308
2025,4,1,2025-04,484,1730,6972.98,12063255
2025,4,1,2025-04,485,1257,4749.34,5969920
2025,4,1,2025-04,486,1898,5963.36,11318457
2025,4,1,2025-04,487,1807,6587.85,11904245
2025,4,1,2025-04,488,1775,6297.24,11177601
2025,4,1,2025-04,489,1640,4810.67,7889499
2025,4,1,2025-04,490,1608,5307.76,8534878
2025,4,1,2025-04,491,634,6846.27,4340535
2025,4,1,2025-04,492,1638,5999.25,9826772
2025,4,1,2025-04,493,1584,4110.51,6511048
2025,4,1,2025-04,494,1294,6731.51,8710574
2025,4,1,2025-04,495,1741,4133.26,7196006
2025,4,1,2025-04,496,1506,6686.24,10069477
2025,4,1,2025-04,497,830,4801.7,3985411
2025,4,1,2025-04,498,1050,7498.27,7873184
2025,4,1,2025-04,499,1208,5301.76,6404526
2025,4,1,2025-04,500,698,5208.85,3635777
2025,4,1,2025-04,501,1241,4463.91,5539712
2025,4,1,2025-04,502,1865,5085.29,9484066
2025,4,1,2025-04,503,1899,7158.73,13594428
2025,4,1,2025-04,504,899,7558.44,6795038
2025,4,1,2025-04,505,637,5363.86,3416779
2025,4,1,2025-04,506,1126,5710.86,6430428
2025,4,1,2025-04,507,1622,6637.86,10766609
2025,4,1,2025-04,508,1340,7284.2,9760828
2025,4,1,2025-04,509,2022,6143.79,12422743
2025,4,1,2025-04,510,1813,5434.04,9851915
2025,4,1,2025-04,511,1345,5554.58,7470910
2025,4,1,2025-04,512,1192,6592.69,7858486
2025,4,1,2025-04,513,1435,4086.42,5864013
2025,4,1,2025-04,514,1597,6301.52,10063527
2025,4,1,2025-04,515,1897,5310.21,10073468
2025,4,1,2025-04,516,1067,6828.38,7285881
2025,4,1,2025-04,517,1850,4416.99,8171432
2025,4,1,2025-04,518,1265,6129.14,7753362
2025,4,1,2025-04,519,812,5763.36,4679848
2025,4,1,2025-04,520,785,6260.26,4914304
2025,4,1,2025-04,521,957,4377.47,4189239
2025,4,1,2025-04,522,1504,6155.19,9257406
2025,4,1,2025-04,523,860,6115.44,5259278
2025,4,1,2025-04,524,2008,6107.98,12264824
2025,4,1,2025-04,525,1347,6205.86,8359293
2025,4,1,2025-04,526,1380,6361.98,8779532
2025,4,1,2025-04,527,1002,6922.34,6936185
2025,4,1,2025-04,528,1208,4980.66,6016637
2025,4,1,2025-04,529,1061,7054.51,7484835
2025,4,1,2025-04,530,2081,5857.9,12190290
2025,4,1,2025-04,531,2040,4340.44,8854498
2025,4,1,2025-04,532,2023,4212.51,8521908
2025,4,1,2025-04,533,1794,5199.57,9328029
2025,4,1,2025-04,534,1652,6772.99,11188979
2025,4,1,2025-04,535,970,6524.56,6328823
2025,4,1,2025-04,536,853,6858.68,5850454
2025,4,1,2025-04,537,651,5855.89,3812184
2025,4,1,2025-04,538,1893,5633.02,10663307
2025,4,1,2025-04,539,1820,4608.19,8386906
2025,4,1,2025-04,540,1020,5237.27,5342015
2025,4,1,2025-04,541,1354,5685.79,7698560
2025,4,1,2025-04,542,541,4354.19,2355617
2025,4,1,2025-04,543,1256,4892.63,6145143
2025,4,1,2025-04,544,1497,6241.63,9343720
2025,4,1,2025-04,545,707,6609.09,4672627
2025,4,1,2025-04,546,1183,7630.06,9026361
2025,4,1,2025-04,547,1317,7453.24,9815917
2025,4,1,2025-04,548,1487,6320.91,9399193
2025,4,1,2025-04,549,1647,5507.47,9070803
2025,4,1,2025-04,550,979,6336.71,6203639
2025,4,1,2025-04,551,711,6861.05,4878207
2025,4,1,2025-04,552,1341,4585.27,6148847
2025,4,1,2025-04,553,1688,5563.82,9391728
2025,4,1,2025-04,554,1415,7072.81,10008026
2025,4,1,2025-04,555,1570,5377.42,8442549
2025,4,1,2025-04,556,1040,6011.79,6252262
2025,4,1,2025-04,557,1726,6207.32,10713834
2025,4,1,2025-04,558,1892,4728.33,8946000
2025,4,1,2025-04,559,1505,5337.96,8033630
2025,4,1,2025-04,560,1649,5243.64,8646762
2025,4,1,2025-04,561,1547,4173.48,6456374
2025,4,1,2025-04,562,1281,4105.01,5258518
2025,4,1,2025-04,563,1294,6900.56,8929325
2025,4,1,2025-04,564,1887,4991.26,9418508
2025,4,1,2025-04,565,1064,5891.44,6268492
2025,4,1,2025-04,566,1443,5062.9,7305765
2025,4,1,2025-04,567,659,7402.82,4878458
2025,4,1,2025-04,568,1240,5076.79,6295220
2025,4,1,2025-04,569,1684,5578.76,9394632
2025,4,1,2025-04,570,1616,7092.71,11461819
2025,4,1,2025-04,571,1477,7060.35,10428137
2025,4,1,2025-04,572,654,4723.22,3088986
2025,4,1,2025-04,573,1308,6909.85,9038084
2025,4,1,2025-04,574,1694,5621.23,9522364
2025,4,1,2025-04,575,575,5804.91,3337823
2025,4,1,2025-04,576,1894,4632.17,8773330
2025,4,1,2025-04,577,945,4394.76,4153048
2025,4,1,2025-04,578,782,6695.65,5235998
2025,4,1,2025-04,579,1612,5755.06,9277157
2025,4,1,2025-04,580,1504,5583.47,8397539
2025,4,1,2025-04,581,1771,6608.28,11703264
2025,4,1,2025-04,582,708,6773.29,4795489
2025,4,1,2025-04,583,1258,4653.29,5853839
2025,4,1,2025-04,584,1196,6258.84,7485573
2025,4,1,2025-04,585,1996,4538.49,9058826
2025,4,1,2025-04,586,928,6681.41,6200348
2025,4,1,2025-04,587,1254,6431.07,8064562
2025,4,1,2025-04,588,1731,7485.19,12956864
2025,4,1,2025-04,589,664,4152.27,2757107
2025,4,1,2025-04,590,952,4269.89,4064935
2025,4,1,2025-04,591,1032,5000.07,5160072
2025,4,1,2025-04,592,1909,4969.55,9486871
2025,4,1,2025-04,593,580,4883.99,2832714
2025,4,1,2025-04,594,918,7288.69,6691017
2025,4,1,2025-04,595,1225,4954.59,6069373
2025,4,1,2025-04,596,1325,5036.47,6673323
2025,4,1,2025-04,597,1114,6765.62,7536901
2025,4,1,2025-04,598,2132,5663.5,12074582
2025,4,1,2025-04,599,1432,6796.31,9732316
2025,4,1,2025-04,600,2193,4290.07,9408124
2025,4,1,2025-04,601,731,5822.35,4256138
2025,4,1,2025-04,602,1600,4170.49,6672784
2025,4,1,2025-04,603,1917,4274.48,8194178
2025,4,1,2025-04,604,1480,7238.05,10712314
2025,4,1,2025-04,605,927,4572.34,4238559
2025,4,1,2025-04,606,1595,5997.15,9565454
2025,4,1,2025-04,607,1693,5555.51,9405478
2025,4,1,2025-04,608,1376,5277.83,7262294
2025,4,1,2025-04,609,2191,7307.86,16011521
2025,4,1,2025-04,610,1737,4131.39,7176224
2025,4,1,2025-04,611,1670,6346.45,10598572
2025,4,1,2025-04,612,1080,7527.26,8129441
2025,4,1,2025-04,613,1764,6001.79,10587158
2025,4,1,2025-04,614,767,7359.39,5644652
2025,4,1,2025-04,615,1574,4235.28,6666331
2025,4,1,2025-04,616,1995,5561.67,11095532
2025,4,1,2025-04,617,1551,5012.5,7774388
2025,4,1,2025-04,618,1079,6578.69,7098407
2025,4,1,2025-04,619,2107,7569.93,15949843
2025,4,1,2025-04,620,1317,4895.5,6447374
2025,4,1,2025-04,621,1851,6388.9,11825854
2025,4,1,2025-04,622,1730,4754.3,8224939
2025,4,1,2025-04,623,1817,5969.79,10847108
2025,4,1,2025-04,624,1269,5802.77,7363715
2025,4,1,2025-04,625,813,7425.74,6037127
2025,4,1,2025-04,626,1282,6226.64,7982552
2025,4,1,2025-04,627,1217,5282.82,6429192
2025,4,1,2025-04,628,1307,4445.26,5809955
2025,4,1,2025-04,629,1672,4508.26,7537811
2025,4,1,2025-04,630,1689,4877.3,8237760
2025,4,1,2025-04,631,1576,5051.07,7960486
2025,4,1,2025-04,632,1066,7078.61,7545798
2025,4,1,2025-04,633,1315,6063.26,7973187
2025,4,1,2025-04,634,1652,5912.83,9767995
2025,4,1,2025-04,635,1739,4500.64,7826613
2025,4,1,2025-04,636,1917,7160.59,13726851
2025,4,1,2025-04,637,1637,6566.53,10749410
2025,4,1,2025-04,638,701,4246.4,2976726
2025,4,1,2025-04,639,2235,6537.39,14611067
2025,4,1,2025-04,640,1479,5993.11,8863810
2025,4,1,2025-04,641,1097,4385.04,4810389
2025,4,1,2025-04,642,1169,5573.51,6515433
2025,4,1,2025-04,643,1693,5798.31,9816539
2025,4,1,2025-04,644,611,4710.99,2878415
2025,4,1,2025-04,645,1773,7406.67,13132026
2025,4,1,2025-04,646,2251,7077.2,15930777
2025,4,1,2025-04,647,953,6479.77,6175221
2025,4,1,2025-04,648,1877,5732.81,10760484
2025,4,1,2025-04,649,1876,5502.59,10322859
2025,4,1,2025-04,650,1046,6389.54,6683459
2025,4,1,2025-04,651,1209,5852.81,7076047
2025,4,1,2025-04,652,2042,4289.4,8758955
2025,4,1,2025-04,653,710,5878.27,4173572
2025,4,1,2025-04,654,1893,6998.03,13247271
2025,4,1,2025-04,655,1626,5761.51,9368215
2025,4,1,2025-04,656,1603,4227.65,6776923
2025,4,1,2025-04,657,1902,6914.24,13150884
2025,4,1,2025-04,658,2050,4734.19,9705090
2025,4,1,2025-04,659,964,4972.59,4793577
2025,4,1,2025-04,660,1663,4694.98,7807752
2025,4,1,2025-04,661,1850,5237.32,9689042
2025,4,1,2025-04,662,891,6778.17,6039349
2025,4,1,2025-04,663,689,5902.58,4066878
2025,4,1,2025-04,664,1312,4751.66,6234178
2025,4,1,2025-04,665,714,7170.97,5120073
2025,4,1,2025-04,666,1739,7162.98,12456422
2025,4,1,2025-04,667,2117,7132.13,15098719
2025,4,1,2025-04,668,873,4961.6,4331477
2025,4,1,2025-04,669,1076,5621.88,6049143
2025,4,1,2025-04,670,1343,7506.26,10080907
2025,4,1,2025-04,671,1695,6889.21,11677211
2025,4,1,2025-04,672,1534,4141.59,6353199
2025,4,1,2025-04,673,1171,4336.91,5078522
2025,4,1,2025-04,674,1094,5770.34,6312752
2025,4,1,2025-04,675,1521,7300.87,11104623
2025,4,1,2025-04,676,1474,6013.32,8863634
2025,4,1,2025-04,677,1943,5804.09,11277347
2025,4,1,2025-04,678,1664,4377.18,7283628
2025,4,1,2025-04,679,1076,6405.29,6892092
2025,4,1,2025-04,680,848,7072.84,5997768
2025,4,1,2025-04,681,833,5329.78,4439707
2025,4,1,2025-04,682,1045,6845.61,7153662
2025,4,1,2025-04,683,1734,7470.35,12953587
2025,4,1,2025-04,684,2046,4696.61,9609264
2025,4,1,2025-04,685,2018,5912.9,11932232
2025,4,1,2025-04,686,1407,5052.03,7108206
2025,4,1,2025-04,687,1304,6844.91,8925763
2025,4,1,2025-04,688,1464,6108.87,8943386
2025,4,1,2025-04,689,1774,6311.47,11196548
2025,4,1,2025-04,690,832,6793.12,5651876
2025,4,1,2025-04,691,641,5541.74,3552255
2025,4,1,2025-04,692,1235,7381.14,9115708
2025,4,1,2025-04,693,1103,6022.85,6643204
2025,4,1,2025-04,694,703,4614.49,3243986
2025,4,1,2025-04,695,1377,6538.09,9002950
2025,4,1,2025-04,696,1760,6933.81,12203506
2025,4,1,2025-04,697,760,5258.42,3996399
2025,4,1,2025-04,698,1559,7168.03,11174959
2025,4,1,2025-04,699,1620,7284,11800080
2025,4,1,2025-04,700,806,5048.46,4069059
2025,4,1,2025-04,701,1311,7603.66,9968398
2025,4,1,2025-04,702,1846,4535.53,8372588
2025,4,1,2025-04,703,1853,4787.24,8870756
2025,4,1,2025-04,704,1882,4653.77,8758395
2025,4,1,2025-04,705,2241,7165.22,16057258
2025,4,1,2025-04,706,699,6362.24,4447206
2025,4,1,2025-04,707,1722,4573.56,7875670
2025,4,1,2025-04,708,1847,5600.92,10344899
2025,4,1,2025-04,709,1607,6244.64,10035136
2025,4,1,2025-04,710,1983,4372.85,8671362
2025,4,1,2025-04,711,1958,7193.19,14084266
2025,4,1,2025-04,712,1914,6937.87,13279083
2025,4,1,2025-04,713,1192,5856.49,6980936
2025,4,1,2025-04,714,1359,7527.68,10230117
2025,4,1,2025-04,715,1469,5496.22,8073947
2025,4,1,2025-04,716,1546,7602.72,11753805
2025,4,1,2025-04,717,1917,6455.36,12374925
2025,4,1,2025-04,718,1232,6276.67,7732857
2025,4,1,2025-04,719,1460,4647.77,6785744
2025,4,1,2025-04,720,1420,7160.61,10168066
2025,4,1,2025-04,721,1025,5636.93,5777853
2025,4,1,2025-04,722,1524,4549.37,6933240
2025,4,1,2025-04,723,2215,4065.79,9005725
2025,4,1,2025-04,724,1169,6081.82,7109648
2025,4,1,2025-04,725,1129,5953.41,6721400
2025,4,1,2025-04,726,1633,6663.89,10882132
2025,4,1,2025-04,727,1784,7165.31,12782913
2025,4,1,2025-04,728,1760,4287.9,7546704
2025,4,1,2025-04,729,1251,6705.84,8389006
2025,4,1,2025-04,730,668,4761.06,3180388
2025,4,1,2025-04,731,1382,7072.55,9774264
2025,4,1,2025-04,732,1860,7062.52,13136287
2025,4,1,2025-04,733,1972,5980.83,11794197
2025,4,1,2025-04,734,1104,6566.32,7249217
2025,4,1,2025-04,735,1078,5108.52,5506985
2025,4,1,2025-04,736,1409,5756.97,8111571
2025,4,1,2025-04,737,662,6997.14,4632107
2025,4,1,2025-04,738,1390,5673.43,7886068
2025,4,1,2025-04,739,1073,5302.7,5689797
2025,4,1,2025-04,740,1802,5786.74,10427705
2025,4,1,2025-04,741,1787,6935.61,12393935
2025,4,1,2025-04,742,1743,5291.23,9222614
2025,4,1,2025-04,743,1419,4727.84,6708805
2025,4,1,2025-04,744,1220,6474.87,7899341
2025,4,1,2025-04,745,1290,6990.06,9017177
2025,4,1,2025-04,746,1394,4418.11,6158845
2025,4,1,2025-04,747,1634,4938.64,8069738
2025,4,1,2025-04,748,1429,4535.89,6481787
2025,4,1,2025-04,749,1801,5282.62,9513999
2025,4,1,2025-04,750,1150,5667.06,6517119
2025,4,1,2025-04,751,1338,6726.7,9000325
2025,4,1,2025-04,752,940,6407.2,6022768
2025,4,1,2025-04,753,1440,6211.04,8943898
2025,4,1,2025-04,754,990,5249.44,5196946
2025,4,1,2025-04,755,776,7032.36,5457111
2025,4,1,2025-04,756,1407,5662.07,7966532
2025,4,1,2025-04,757,1315,7656.44,10068219
2025,4,1,2025-04,758,1748,6267.59,10955747
2025,4,1,2025-04,759,1964,4543.16,8922766
2025,4,1,2025-04,760,1418,6529.79,9259242
2025,4,1,2025-04,761,1619,5220.79,8452459
2025,4,1,2025-04,762,1752,6462.13,11321652
2025,4,1,2025-04,763,1392,4305.29,5992964
2025,4,1,2025-04,764,953,4611.56,4394817
2025,4,1,2025-04,765,1772,7035.82,12467473
2025,4,1,2025-04,766,595,4950.03,2945268
2025,4,1,2025-04,767,767,6960.48,5338688
2025,4,1,2025-04,768,1819,4964.08,9029662
2025,4,1,2025-04,769,782,6373.86,4984359
2025,4,1,2025-04,770,1453,6497.6,9441013
2025,4,1,2025-04,771,1940,5935.23,11514346
2025,4,1,2025-04,772,806,4980.44,4014235
2025,4,1,2025-04,773,1882,4803.49,9040168
2025,4,1,2025-04,774,1385,4107.59,5689012
2025,4,1,2025-04,775,1387,5043.35,6995126
2025,4,1,2025-04,776,1397,6313.01,8819275
2025,4,1,2025-04,777,2086,7324.48,15278865
2025,4,1,2025-04,778,792,7141.37,5655965
2025,4,1,2025-04,779,1731,6755.34,11693494
2025,4,1,2025-04,780,1061,6886.8,7306895
2025,4,1,2025-04,781,814,6332.78,5154883
2025,4,1,2025-04,782,939,4997.65,4692793
2025,4,1,2025-04,783,1431,7328.42,10486969
2025,4,1,2025-04,784,1079,6491.58,7004415
2025,4,1,2025-04,785,1025,6078.64,6230606
2025,4,1,2025-04,786,1238,4461.3,5523089
2025,4,1,2025-04,787,1385,5613.8,7775113
2025,4,1,2025-04,788,2081,5741.38,11947812
2025,4,1,2025-04,789,1541,7177.56,11060620
2025,4,1,2025-04,790,1575,5986.23,9428312
2025,4,1,2025-04,791,1353,5351.39,7240431
2025,4,1,2025-04,792,1472,7488.03,11022380
2025,4,1,2025-04,793,2159,4378.21,9452555
2025,4,1,2025-04,794,757,5517.89,4177043
2025,4,1,2025-04,795,1684,4230.96,7124937
2025,4,1,2025-04,796,1717,6732.5,11559702
2025,4,1,2025-04,797,1785,7300.1,13030678
2025,4,1,2025-04,798,950,5026.38,4775061
2025,4,1,2025-04,799,483,7079.6,3419447
2025,4,1,2025-04,800,679,5044.89,3425480
2025,4,1,2025-04,801,1087,7250.67,7881478
2025,4,1,2025-04,802,1245,6803.8,8470731
2025,4,1,2025-04,803,1957,6895.88,13495237
2025,4,1,2025-04,804,1087,4110.16,4467744
2025,4,1,2025-04,805,1417,7359.9,10428978
2025,4,1,2025-04,806,1085,6599.18,7160110
2025,4,1,2025-04,807,567,5090.92,2886552
2025,4,1,2025-04,808,1965,7035.54,13824836
2025,4,1,2025-04,809,687,5097.11,3501715
2025,4,1,2025-04,810,1535,7206.28,11061640
2025,4,1,2025-04,811,783,4383.88,3432578
2025,4,1,2025-04,812,884,6617.38,5849764
2025,4,1,2025-04,813,1355,5950.83,8063375
2025,4,1,2025-04,814,1111,4348.19,4830839
2025,4,1,2025-04,815,827,4926.89,4074538
2025,4,1,2025-04,816,1314,4154.96,5459617
2025,4,1,2025-04,817,1948,5734.52,11170845
2025,4,1,2025-04,818,713,5057.81,3606219
2025,4,1,2025-04,819,1436,6212.83,8921624
2025,4,1,2025-04,820,723,5171.2,3738778
2025,4,1,2025-04,821,755,5062.4,3822112
2025,4,1,2025-04,822,1606,6702.8,10764697
2025,4,1,2025-04,823,1369,4209.58,5762915
2025,4,1,2025-04,824,811,7275.67,5900568
2025,4,1,2025-04,825,1372,7031.21,9646820
2025,4,1,2025-04,826,1361,6381.88,8685739
2025,4,1,2025-04,827,1731,6190.08,10715028
2025,4,1,2025-04,828,1639,7264.31,11906204
2025,4,1,2025-04,829,1711,4734.98,8101551
2025,4,1,2025-04,830,1860,4376.13,8139602
2025,4,1,2025-04,831,1470,4875.73,7167323
2025,4,1,2025-04,832,1014,6961.13,7058586
2025,4,1,2025-04,833,836,4118.57,3443125
2025,4,1,2025-04,834,1328,6160.02,8180507
2025,4,1,2025-04,835,580,7621.18,4420284
2025,4,1,2025-04,836,2053,7102.59,14581617
2025,4,1,2025-04,837,1380,5960.21,8225090
2025,4,1,2025-04,838,1348,4330.47,5837474
2025,4,1,2025-04,839,1621,7041.75,11414677
2025,4,1,2025-04,840,1920,6164.61,11836051
2025,4,1,2025-04,841,758,4549.02,3448157
2025,4,1,2025-04,842,1505,4359.04,6560355
2025,4,1,2025-04,843,2140,7297.9,15617506
2025,4,1,2025-04,844,1357,6481.92,8795965
2025,4,1,2025-04,845,1003,6984.08,7005032
2025,4,1,2025-04,846,1079,7180.24,7747479
2025,4,1,2025-04,847,1802,6001.26,10814271
2025,4,1,2025-04,848,972,5921.42,5755620
2025,4,1,2025-04,849,778,5648.84,4394798
2025,4,1,2025-04,850,1432,5201.78,7448949
2025,4,1,2025-04,851,1909,5592.36,10675815
2025,4,1,2025-04,852,1470,6832.83,10044260
2025,4,1,2025-04,853,1091,6264.73,6834820
2025,4,1,2025-04,854,1089,7244.55,7889315
2025,4,1,2025-04,855,1803,5701.1,10279083
2025,4,1,2025-04,856,625,6228.53,3892831
2025,4,1,2025-04,857,620,6295.57,3903253
2025,4,1,2025-04,858,1358,6195.77,8413856
2025,4,1,2025-04,859,1620,6578.79,10657640
2025,4,1,2025-04,860,812,4885.37,3966920
2025,4,1,2025-04,861,1008,5913.68,5960989
2025,4,1,2025-04,862,1823,4426.87,8070184
2025,4,1,2025-04,863,1749,5441.74,9517603
2025,4,1,2025-04,864,1334,5738.81,7655573
2025,4,1,2025-04,865,1751,6403.46,11212458
2025,4,1,2025-04,866,763,7474.92,5703364
2025,4,1,2025-04,867,1232,6225.94,7670358
2025,4,1,2025-04,868,534,6729.3,3593446
2025,4,1,2025-04,869,1987,5867.65,11659021
2025,4,1,2025-04,870,757,6246.42,4728540
2025,4,1,2025-04,871,772,4324.34,3338390
2025,4,1,2025-04,872,738,4978.93,3674450
2025,4,1,2025-04,873,708,5352.22,3789372
2025,4,1,2025-04,874,1209,5676.78,6863227
2025,4,1,2025-04,875,1686,4207.67,7094132
2025,4,1,2025-04,876,1500,4531.2,6796800
2025,4,1,2025-04,877,861,5020.61,4322745
2025,4,1,2025-04,878,2015,7468.88,15049793
2025,4,1,2025-04,879,1422,5290.64,7523290
2025,4,1,2025-04,880,877,5784.35,5072875
2025,4,1,2025-04,881,1439,4783.68,6883716
2025,4,1,2025-04,882,1054,6228.93,6565292
2025,4,1,2025-04,883,1716,5054.92,8674243
2025,4,1,2025-04,884,1681,4745.92,7977892
2025,4,1,2025-04,885,1197,5883.7,7042789
2025,4,1,2025-04,886,707,4082.23,2886137
2025,4,1,2025-04,887,1210,4043.45,4892574
2025,4,1,2025-04,888,609,4868.54,2964941
2025,4,1,2025-04,889,1272,4219.48,5367179
2025,4,1,2025-04,890,1485,4451.01,6609750
2025,4,1,2025-04,891,1931,5184.27,10010825
2025,4,1,2025-04,892,1583,6943.04,10990832
2025,4,1,2025-04,893,2096,6127.29,12842800
2025,4,1,2025-04,894,1113,5801.12,6456647
2025,4,1,2025-04,895,1111,5136.73,5706907
2025,4,1,2025-04,896,1179,7375.17,8695325
2025,4,1,2025-04,897,2283,5500.62,12557915
2025,4,1,2025-04,898,1397,4496.88,6282141
2025,4,1,2025-04,899,1276,6202.45,7914326
2025,4,1,2025-04,900,814,4449.23,3621673
2025,4,1,2025-04,901,1060,5296.68,5614481
2025,4,1,2025-04,902,1011,5823.74,5887801
2025,4,1,2025-04,903,1605,7264.34,11659266
2025,4,1,2025-04,904,1016,5723.29,5814863
2025,4,1,2025-04,905,1673,6612.53,11062763
2025,4,1,2025-04,906,1513,7564.8,11445542
2025,4,1,2025-04,907,1480,4506.1,6669028
2025,4,1,2025-04,908,942,5064.21,4770486
2025,4,1,2025-04,909,777,5496.35,4270664
2025,4,1,2025-04,910,1579,5605.91,8851732
2025,4,1,2025-04,911,809,5543.19,4484441
2025,4,1,2025-04,912,1100,7300.91,8031001
2025,4,1,2025-04,913,1494,6543.71,9776303
2025,4,1,2025-04,914,885,6239.7,5522134
2025,4,1,2025-04,915,702,5098.88,3579414
2025,4,1,2025-04,916,1350,7044.17,9509630
2025,4,1,2025-04,917,596,7450.96,4440772
2025,4,1,2025-04,918,885,6989.26,6185495
2025,4,1,2025-04,919,1459,4049.34,5907987
2025,4,1,2025-04,920,1252,6287.87,7872413
2025,4,1,2025-04,921,1777,4292.12,7627097
2025,4,1,2025-04,922,233,4952.31,1153888
2025,4,1,2025-04,923,1076,4204.69,4524246
2025,4,1,2025-04,924,1843,6145.56,11326267
2025,4,1,2025-04,925,1239,6463.17,8007868
2025,4,1,2025-04,926,782,4374.92,3421187
2025,4,1,2025-04,927,1199,5431.01,6511781
2025,4,1,2025-04,928,623,5680.57,3538995
2025,4,1,2025-04,929,1380,5259.9,7258662
2025,4,1,2025-04,930,1136,4508.54,5121701
2025,4,1,2025-04,931,1041,5520.71,5747059
2025,4,1,2025-04,932,500,6707.46,3353730
2025,4,1,2025-04,933,656,4224.71,2771410
2025,4,1,2025-04,934,1579,4401.64,6950190
2025,4,1,2025-04,935,2209,5332.26,11778962
2025,4,1,2025-04,936,766,7411.02,5676841
2025,4,1,2025-04,937,1257,6380.19,8019899
2025,4,1,2025-04,938,1056,6481.73,6844707
2025,4,1,2025-04,939,1265,5387.38,6815036
2025,4,1,2025-04,940,1911,6191.22,11831421
2025,4,1,2025-04,941,1334,4044.78,5395737
2025,4,1,2025-04,942,1681,6369.65,10707382
2025,4,1,2025-04,943,1697,7308.27,12402134
2025,4,1,2025-04,944,1461,6290.49,9190406
2025,4,1,2025-04,945,1400,7068.36,9895704
2025,4,1,2025-04,946,1163,6534.82,7599996
2025,4,1,2025-04,947,1910,4456.25,8511438
2025,4,1,2025-04,948,1430,7252.23,10370689
2025,4,1,2025-04,949,1120,4327.17,4846430
2025,4,1,2025-04,950,1709,5992.14,10240567
2025,4,1,2025-04,951,1743,4630.22,8070473
2025,4,1,2025-04,952,1173,4090.07,4797652
2025,4,1,2025-04,953,657,5557.57,3651323
2025,4,1,2025-04,954,1144,5080.18,5811726
2025,4,1,2025-04,955,1601,5812.81,9306309
2025,4,1,2025-04,956,1996,6125.13,12225759
2025,4,1,2025-04,957,2185,4187.97,9150714
2025,4,1,2025-04,958,578,4496.29,2598856
2025,4,1,2025-04,959,1874,5992.61,11230151
2025,4,1,2025-04,960,720,5211.52,3752294
2025,4,1,2025-04,961,1420,6672.2,9474524
2025,4,1,2025-04,962,1193,6379.75,7611042
2025,4,1,2025-04,963,864,7031.27,6075017
2025,4,1,2025-04,964,1856,6556.2,12168307
2025,4,1,2025-04,965,535,5533.37,2960353
2025,4,1,2025-04,966,2021,6460.64,13056953
2025,4,1,2025-04,967,527,5050.68,2661708
2025,4,1,2025-04,968,650,5189.89,3373428
2025,4,1,2025-04,969,853,6875.97,5865202
2025,4,1,2025-04,970,1859,5660.66,10523167
2025,4,1,2025-04,971,457,7017.86,3207162
2025,4,1,2025-04,972,967,7022.6,6790854
2025,4,1,2025-04,973,728,7077.45,5152384
2025,4,1,2025-04,974,2176,7320.08,15928494
2025,4,1,2025-04,975,433,5628.01,2436928
2025,4,1,2025-04,976,1132,5161.71,5843056
2025,4,1,2025-04,977,1869,6158.31,11509881
2025,4,1,2025-04,978,1302,5291.32,6889299
2025,4,1,2025-04,979,1191,6211.19,7397527
2025,4,1,2025-04,980,751,6561.89,4927979
2025,4,1,2025-04,981,1132,6485.38,7341450
2025,4,1,2025-04,982,1214,5329.98,6470596
2025,4,1,2025-04,983,1791,4682.49,8386340
2025,4,1,2025-04,984,1870,5614.59,10499283
2025,4,1,2025-04,985,2299,4550.04,10460542
2025,4,1,2025-04,986,894,7211.89,6447430
2025,4,1,2025-04,987,1261,5283.29,6662229
2025,4,1,2025-04,988,2039,4550.88,9279244
2025,4,1,2025-04,989,1982,4217.21,8358510
2025,4,1,2025-04,990,2102,6363.32,13375699
2025,4,1,2025-04,991,1156,6241.93,7215671
2025,4,1,2025-04,992,1005,5387.32,5414257
2025,4,1,2025-04,993,1276,4308.72,5497927
2025,4,1,2025-04,994,1195,5553.84,6636839
2025,4,1,2025-04,995,1989,5169.36,10281857
2025,4,1,2025-04,996,1536,6474.55,9944909
2025,4,1,2025-04,997,2041,6176.22,12605665
2025,4,1,2025-04,998,986,5461.55,5385088
2025,4,1,2025-04,999,1354,4802.93,6503167
2025,4,1,2025-04,1000,1679,7547.01,12671430
2025,4,1,2025-04,1001,1540,5653.7,8706698
2025,4,1,2025-04,1002,1411,6495.65,9165362
2025,4,1,2025-04,1003,801,4545.58,3641010
2025,4,1,2025-04,1004,1085,5784.08,6275727
2025,4,1,2025-04,1005,1671,4116.29,6878321
2025,4,1,2025-04,1006,649,5867.98,3808319
2025,4,1,2025-04,1007,1038,7531.76,7817967
2025,4,1,2025-04,1008,1469,5370.6,7889411
2025,4,1,2025-04,1009,1821,4288.57,7809486
2025,4,1,2025-04,1010,461,4065.58,1874232
2025,4,1,2025-04,1011,1956,5428.25,10617657
2025,4,1,2025-04,1012,979,4600.64,4504027
2025,4,1,2025-04,1013,687,4154.68,2854265
2025,4,1,2025-04,1014,733,6743.28,4942824
2025,4,1,2025-04,1015,1251,5641.5,7057516
2025,4,1,2025-04,1016,784,5101.24,3999372
2025,4,1,2025-04,1017,1324,7290.17,9652185
2025,4,1,2025-04,1018,904,4467.8,4038891
2025,4,1,2025-04,1019,1627,7439.07,12103367
2025,4,1,2025-04,1020,1341,5251.4,7042127
2025,4,1,2025-04,1021,2188,7330.46,16039046
2025,4,1,2025-04,1022,666,6152.45,4097532
2025,4,1,2025-04,1023,1351,7067.27,9547882
2025,4,1,2025-04,1024,1054,7611.9,8022943
2025,4,1,2025-04,1025,1873,5124.78,9598713
2025,4,1,2025-04,1026,1604,7399.92,11869472
2025,4,1,2025-04,1027,2064,5445.08,11238645
2025,4,1,2025-04,1028,776,5500.84,4268652
2025,4,1,2025-04,1029,2001,5207.21,10419627
2025,4,1,2025-04,1030,1028,6003.17,6171259
2025,4,1,2025-04,1031,1990,4567.66,9089643
2025,4,1,2025-04,1032,1793,6095.3,10928873
2025,4,1,2025-04,1033,1417,6064.06,8592773
2025,4,1,2025-04,1034,1432,6806.84,9747395
2025,4,1,2025-04,1035,972,7023.33,6826677
2025,4,1,2025-04,1036,1149,5615.64,6452370
2025,4,1,2025-04,1037,759,5121.74,3887401
2025,4,1,2025-04,1038,786,4966.53,3903693
2025,4,1,2025-04,1039,1112,4740.76,5271725
2025,4,1,2025-04,1040,751,4302.07,3230855
2025,4,1,2025-04,1041,491,5241.15,2573405
2025,4,1,2025-04,1042,1261,5057.91,6378025
2025,4,1,2025-04,1043,980,7639.72,7486926
2025,4,1,2025-04,1044,732,6053.5,4431162
2025,4,1,2025-04,1045,1364,5322.49,7259876
2025,4,1,2025-04,1046,988,6043.88,5971353
2025,4,1,2025-04,1047,1317,4567.42,6015292
2025,4,1,2025-04,1048,1358,5623.62,7636876
2025,4,1,2025-04,1049,566,6342.12,3589640
2025,4,1,2025-04,1050,693,5868.29,4066725
2025,4,1,2025-04,1051,794,5499.4,4366524
2025,4,1,2025-04,1052,1322,7563.74,9999264
2025,4,1,2025-04,1053,486,7158.83,3479191
2025,4,1,2025-04,1054,1732,6193.82,10727696
2025,4,1,2025-04,1055,1042,6062.4,6317021
2025,4,1,2025-04,1056,2021,6239.38,12609787
2025,4,1,2025-04,1057,961,4832.22,4643763
2025,4,1,2025-04,1058,1436,5527.72,7937806
2025,4,1,2025-04,1059,1434,4288.21,6149293
2025,4,1,2025-04,1060,1350,5714.59,7714696
2025,4,1,2025-04,1061,2216,5956.64,13199914
2025,4,1,2025-04,1062,1616,4819.3,7787989
2025,4,1,2025-04,1063,729,7569.3,5518020
2025,4,1,2025-04,1064,625,7330.95,4581844
2025,4,1,2025-04,1065,660,6707.07,4426666
2025,4,1,2025-04,1066,858,5974.05,5125735
2025,4,1,2025-04,1067,1998,7215.05,14415670
2025,4,1,2025-04,1068,1669,4504.48,7517977
2025,4,1,2025-04,1069,1126,6877.11,7743626
2025,4,1,2025-04,1070,991,4465.22,4425033
2025,4,1,2025-04,1071,1930,6888.2,13294226
2025,4,1,2025-04,1072,1984,5004.2,9928333
2025,4,1,2025-04,1073,1545,7214.22,11145970
2025,4,1,2025-04,1074,1664,7420.52,12347745
2025,4,1,2025-04,1075,1477,4601.91,6797021
2025,4,1,2025-04,1076,1779,5759.07,10245386
2025,4,1,2025-04,1077,798,7554.86,6028778
2025,4,1,2025-04,1078,1530,5764.25,8819302
2025,4,1,2025-04,1079,1944,7087.36,13777828
2025,4,1,2025-04,1080,1119,6129.38,6858776
2025,4,1,2025-04,1081,1898,5348.03,10150561
2025,4,1,2025-04,1082,484,5128.8,2482339
2025,4,1,2025-04,1083,1369,4782.14,6546750
2025,4,1,2025-04,1084,1944,6820.76,13259557
2025,4,1,2025-04,1085,482,5434.33,2619347
2025,4,1,2025-04,1086,1951,5916.51,11543111
2025,4,1,2025-04,1087,1014,5815.36,5896775
2025,4,1,2025-04,1088,691,6104.64,4218306
2025,4,1,2025-04,1089,1265,7189.11,9094224
2025,4,1,2025-04,1090,1862,7540.45,14040318
2025,4,1,2025-04,1091,893,5513.22,4923305
2025,4,1,2025-04,1092,874,7054.49,6165624
2025,4,1,2025-04,1093,1153,6691.05,7714781
2025,4,1,2025-04,1094,1778,6095.43,10837675
2025,4,1,2025-04,1095,1040,7548.53,7850471
2025,4,1,2025-04,1096,1354,4837.81,6550395
2025,4,1,2025-04,1097,952,4471.85,4257201
2025,4,1,2025-04,1098,1527,7067.5,10792072
2025,4,1,2025-04,1099,1072,5669.78,6078004
2025,4,1,2025-04,1100,866,7035.59,6092821
2025,4,1,2025-04,1101,1553,7262.01,11277902
2025,4,1,2025-04,1102,1149,4315.28,4958257
2025,4,1,2025-04,1103,566,7282.01,4121618
2025,4,1,2025-04,1104,1692,5681.96,9613876
2025,4,1,2025-04,1105,1524,5895.55,8984818
2025,4,1,2025-04,1106,1084,6278.61,6806013
2025,4,1,2025-04,1107,1437,7315.53,10512417
2025,4,1,2025-04,1108,706,4080.32,2880706
2025,4,1,2025-04,1109,1697,5751.48,9760262
2025,4,1,2025-04,1110,772,6551.83,5058013
2025,4,1,2025-04,1111,1192,6543.11,7799387
2025,4,1,2025-04,1112,865,6550.75,5666399
2025,4,1,2025-04,1113,1845,4594.83,8477461
2025,4,1,2025-04,1114,1185,5115.18,6061488
2025,4,1,2025-04,1115,2160,5183.91,11197246
2025,4,1,2025-04,1116,1755,6897.73,12105516
2025,4,1,2025-04,1117,2180,5030.43,10966337
2025,4,1,2025-04,1118,1256,4788.9,6014858
2025,4,1,2025-04,1119,1864,7401.07,13795594
2025,4,1,2025-04,1120,1668,4066.74,6783322
2025,4,1,2025-04,1121,1218,7667.24,9338698
2025,4,1,2025-04,1122,687,6373.35,4378491
2025,4,1,2025-04,1123,1014,6997.16,7095120
2025,4,1,2025-04,1124,1835,5091.63,9343141
2025,4,1,2025-04,1125,1682,4117.4,6925467
2025,4,1,2025-04,1126,1463,6724.95,9838602
2025,4,1,2025-04,1127,1791,7020.82,12574289
2025,4,1,2025-04,1128,1744,6766.26,11800357
2025,4,1,2025-04,1129,1461,4530.67,6619309
2025,4,1,2025-04,1130,1022,6817.69,6967679
2025,4,1,2025-04,1131,1858,6783.75,12604208
2025,4,1,2025-04,1132,890,6350.74,5652159
2025,4,1,2025-04,1133,1058,6720.24,7110014
2025,4,1,2025-04,1134,930,7097.74,6600898
2025,4,1,2025-04,1135,1517,6204.95,9412909
2025,4,1,2025-04,1136,1770,4384.25,7760122
2025,4,1,2025-04,1137,1472,5823.26,8571839
2025,4,1,2025-04,1138,1735,4285.75,7435776
2025,4,1,2025-04,1139,1601,5531.78,8856380
2025,4,1,2025-04,1140,845,5442.81,4599174
2025,4,1,2025-04,1141,904,4242.28,3835021
2025,4,1,2025-04,1142,1576,5324.59,8391554
2025,4,1,2025-04,1143,375,4477.32,1678995
2025,4,1,2025-04,1144,1806,6932.33,12519788
2025,4,1,2025-04,1145,1931,7407.99,14304829
2025,4,1,2025-04,1146,1864,4312.03,8037624
2025,4,1,2025-04,1147,565,7478.6,4225409
2025,4,1,2025-04,1148,1035,5891.58,6097785
2025,4,1,2025-04,1149,1269,5083.42,6450860
2025,4,1,2025-04,1150,769,4322.24,3323803
2025,4,1,2025-04,1151,1924,5896.48,11344828
2025,4,1,2025-04,1152,544,6842.61,3722380
2025,4,1,2025-04,1153,1089,6595.95,7182990
2025,4,1,2025-04,1154,1466,4297.67,6300384
2025,4,1,2025-04,1155,2006,4289.08,8603894
2025,4,1,2025-04,1156,1300,5555.64,7222332
2025,4,1,2025-04,1157,1849,4984.91,9217099
2025,4,1,2025-04,1158,509,4838.85,2462975
2025,4,1,2025-04,1159,740,5095.14,3770404
2025,4,1,2025-04,1160,1963,6855.38,13457111
2025,4,1,2025-04,1161,1278,7402.43,9460306
2025,4,1,2025-04,1162,915,5511.92,5043407
2025,4,1,2025-04,1163,1940,7329.88,14219967
2025,4,1,2025-04,1164,1386,5133.93,7115627
2025,4,1,2025-04,1165,650,5780.26,3757169
2025,4,1,2025-04,1166,1320,4843.72,6393710
2025,4,1,2025-04,1167,871,6381.94,5558670
2025,4,1,2025-04,1168,897,7511.44,6737762
2025,4,1,2025-04,1169,1106,6181.98,6837270
2025,4,1,2025-04,1170,903,5373.03,4851846
2025,4,1,2025-04,1171,944,6371.38,6014583
2025,4,1,2025-04,1172,648,4518.77,2928163
2025,4,1,2025-04,1173,1355,7238.06,9807571
2025,4,1,2025-04,1174,1798,5896.05,10601098
2025,4,1,2025-04,1175,1646,5630.16,9267243
2025,4,1,2025-04,1176,1675,6100.77,10218790
2025,4,1,2025-04,1177,1273,6241.72,7945710
2025,4,1,2025-04,1178,1445,4221.5,6100068
2025,4,1,2025-04,1179,1919,6490.66,12455577
2025,4,1,2025-04,1180,1622,4895.18,7939982
2025,4,1,2025-04,1181,803,6588.91,5290895
2025,4,1,2025-04,1182,1619,6904,11177576
2025,4,1,2025-04,1183,1888,6923.66,13071870
2025,4,1,2025-04,1184,1697,6004.52,10189670
2025,4,1,2025-04,1185,1567,5945.1,9315972
2025,4,1,2025-04,1186,811,4564.18,3701550
2025,4,1,2025-04,1187,1778,6802.16,12094240
2025,4,1,2025-04,1188,1328,5042.62,6696599
2025,4,1,2025-04,1189,1183,5807.41,6870166
2025,4,1,2025-04,1190,2125,5089.75,10815719
2025,4,1,2025-04,1191,1524,4556.85,6944639
2025,4,1,2025-04,1192,843,6282.93,5296510
2025,4,1,2025-04,1193,1739,4230.53,7356892
2025,4,1,2025-04,1194,1993,6783.82,13520153
2025,4,1,2025-04,1195,1847,5178.12,9563988
2025,4,1,2025-04,1196,1637,4005.33,6556725
2025,4,1,2025-04,1197,1361,5886.05,8010914
2025,4,1,2025-04,1198,1872,4267.63,7989003
2025,4,1,2025-04,1199,1204,5029.6,6055638
2025,4,1,2025-04,1200,2171,6545.65,14210606
2025,4,1,2025-04,1201,1836,4304.32,7902732
2025,4,1,2025-04,1202,1249,7059.02,8816716
2025,4,1,2025-04,1203,1556,4049.56,6301115
2025,4,1,2025-04,1204,1350,4948.35,6680273
2025,4,1,2025-04,1205,1454,6682.28,9716035
2025,4,1,2025-04,1206,1678,5280.31,8860360
2025,4,1,2025-04,1207,1407,4433.51,6237949
2025,4,1,2025-04,1208,883,5388.25,4757825
2025,4,1,2025-04,1209,1489,5005.65,7453413
2025,4,1,2025-04,1210,1399,7112.03,9949730
2025,4,1,2025-04,1211,1974,5166.91,10199480
2025,4,1,2025-04,1212,1584,6890.55,10914631
2025,4,1,2025-04,1213,1687,7270.02,12264524
2025,4,1,2025-04,1214,1867,5610.35,10474523
2025,4,1,2025-04,1215,1165,7273.34,8473441
2025,4,1,2025-04,1216,1925,5369.87,10337000
2025,4,1,2025-04,1217,1249,7446.53,9300716
2025,4,1,2025-04,1218,857,4262.35,3652834
2025,4,1,2025-04,1219,1633,6541.91,10682939
2025,4,1,2025-04,1220,1188,5798.66,6888808
2025,4,1,2025-04,1221,856,5471.53,4683630
2025,4,1,2025-04,1222,1187,6266.29,7438086
2025,4,1,2025-04,1223,709,6559.99,4651033
2025,4,1,2025-04,1224,696,4066.18,2830061
2025,4,1,2025-04,1225,1832,4626.19,8475180
2025,4,1,2025-04,1226,1288,6638.98,8551006
2025,4,1,2025-04,1227,1087,6468.17,7030901
2025,4,1,2025-04,1228,763,7484.21,5710452
2025,4,1,2025-04,1229,1178,6810.55,8022828
2025,4,1,2025-04,1230,1670,7485.71,12501136
2025,4,1,2025-04,1231,1585,6605.08,10469052
2025,4,1,2025-04,1232,1606,5177.73,8315434
2025,4,1,2025-04,1233,1407,4462.24,6278372
2025,4,1,2025-04,1234,1917,6884.28,13197165
2025,4,1,2025-04,1235,1851,6340.33,11735951
2025,4,1,2025-04,1236,1280,4212.32,5391770
2025,4,1,2025-04,1237,715,5337.45,3816277
2025,4,1,2025-04,1238,1477,7457.1,11014137
2025,4,1,2025-04,1239,1205,5854.39,7054540
2025,4,1,2025-04,1240,1857,5597.1,10393815
2025,4,1,2025-04,1241,574,5680.27,3260475
2025,4,1,2025-04,1242,1014,4876.73,4945004
2025,4,1,2025-04,1243,679,5428.83,3686176
2025,4,1,2025-04,1244,1456,5433.43,7911074
2025,4,1,2025-04,1245,1258,4200.49,5284216
2025,4,1,2025-04,1246,1125,6793.91,7643149
2025,4,1,2025-04,1247,847,5556.24,4706135
2025,4,1,2025-04,1248,2215,6996.55,15497358
2025,4,1,2025-04,1249,1636,7021.35,11486929
2025,4,1,2025-04,1250,1741,4817.3,8386919
2025,4,1,2025-04,1251,1525,6368.28,9711627
2025,4,1,2025-04,1252,1758,5761.28,10128330
2025,4,1,2025-04,1253,2019,7178.6,14493593
2025,4,1,2025-04,1254,1219,4752.74,5793590
2025,4,1,2025-04,1255,759,6488.39,4924688
2025,4,1,2025-04,1256,958,6177.82,5918352
2025,4,1,2025-04,1257,1074,5167.76,5550174
2025,4,1,2025-04,1258,1606,4502.19,7230517
2025,4,1,2025-04,1259,1905,6317.19,12034247
2025,4,1,2025-04,1260,942,6683.09,6295471
2025,4,1,2025-04,1261,775,5204.24,4033286
2025,4,1,2025-04,1262,1680,6230.56,10467341
2025,4,1,2025-04,1263,1403,5510.32,7730979
2025,4,1,2025-04,1264,857,6546.76,5610573
2025,4,1,2025-04,1265,1194,4827.1,5763557
2025,4,1,2025-04,1266,1468,7171.85,10528276
2025,4,1,2025-04,1267,1445,5032.42,7271847
2025,4,1,2025-04,1268,2065,5342.53,11032324
2025,4,1,2025-04,1269,468,4335.26,2028902
2025,4,1,2025-04,1270,1252,4540.13,5684243
2025,4,1,2025-04,1271,711,5854.13,4162286
2025,4,1,2025-04,1272,1589,4943.97,7855968
2025,4,1,2025-04,1273,1072,7110.88,7622863
2025,4,1,2025-04,1274,1904,4017.49,7649301
2025,4,1,2025-04,1275,634,5362.39,3399755
2025,4,1,2025-04,1276,1754,5267.77,9239669
2025,4,1,2025-04,1277,1955,4102.18,8019762
2025,4,1,2025-04,1278,1572,4449.09,6993969
2025,4,1,2025-04,1279,663,5445.31,3610241
2025,4,1,2025-04,1280,1495,5767.59,8622547
2025,4,1,2025-04,1281,1170,5505.88,6441880
2025,4,1,2025-04,1282,2022,5947.69,12026229
2025,4,1,2025-04,1283,1750,6119.43,10709002
2025,4,1,2025-04,1284,1527,4102.31,6264227
2025,4,1,2025-04,1285,857,5728.06,4908947
2025,4,1,2025-04,1286,978,7397.02,7234286
2025,4,1,2025-04,1287,1527,5883.14,8983555
2025,4,1,2025-04,1288,1482,6379.29,9454108
2025,4,1,2025-04,1289,502,5238.08,2629516
2025,4,1,2025-04,1290,1844,6838.88,12610895
2025,4,1,2025-04,1291,1645,6798.05,11182792
2025,4,1,2025-04,1292,1389,5837.88,8108815
2025,4,1,2025-04,1293,1867,7492.2,13987937
2025,4,1,2025-04,1294,1660,4488.97,7451690
2025,4,1,2025-04,1295,693,4171.34,2890739
2025,4,1,2025-04,1296,1458,6818.44,9941286
2025,4,1,2025-04,1297,1325,6939.82,9195262
2025,4,1,2025-04,1298,2013,4480.14,9018522
2025,4,1,2025-04,1299,540,5020.37,2711000
2025,4,1,2025-04,1300,2195,4179.08,9173081
2025,4,1,2025-04,1301,776,5011.46,3888893
2025,4,1,2025-04,1302,456,6825.71,3112524
2025,4,1,2025-04,1303,2052,5905.9,12118907
2025,4,1,2025-04,1304,1972,5302.03,10455603
2025,4,1,2025-04,1305,1928,5406.92,10424542
2025,4,1,2025-04,1306,2100,4086.7,8582070
2025,4,1,2025-04,1307,1977,5130.63,10143256
2025,4,1,2025-04,1308,1401,6345.53,8890088
2025,4,1,2025-04,1309,780,7539.99,5881192
2025,4,1,2025-04,1310,1168,7056.84,8242389
2025,4,1,2025-04,1311,1156,4148.67,4795863
2025,4,1,2025-04,1312,924,7280.93,6727579
2025,4,1,2025-04,1313,1532,6797.02,10413035
2025,4,1,2025-04,1314,1356,6872.48,9319083
2025,4,1,2025-04,1315,1842,5714.23,10525612
2025,4,1,2025-04,1316,2028,5388.96,10928811
2025,4,1,2025-04,1317,1359,5046.26,6857867
2025,4,1,2025-04,1318,1543,4322.03,6668892
2025,4,1,2025-04,1319,1636,4798.69,7850657
2025,4,1,2025-04,1320,1786,4899.52,8750543
2025,4,1,2025-04,1321,1899,5749.74,10918756
2025,4,1,2025-04,1322,766,6713.51,5142549
2025,4,1,2025-04,1323,1637,5769.4,9444508
2025,4,1,2025-04,1324,1721,4307.93,7413948
2025,4,1,2025-04,1325,1746,7443.31,12996019
2025,4,1,2025-04,1326,1886,7447.81,14046570
2025,4,1,2025-04,1327,1369,6875.11,9412026
2025,4,1,2025-04,1328,881,7587.76,6684817
2025,4,1,2025-04,1329,1137,6009.38,6832665
2025,4,1,2025-04,1330,942,7472.03,7038652
2025,4,1,2025-04,1331,788,4313.07,3398699
2025,4,1,2025-04,1332,1128,5377.68,6066023
2025,4,1,2025-04,1333,1414,4798.57,6785178
2025,4,1,2025-04,1334,1103,4705.5,5190166
2025,4,1,2025-04,1335,1454,4573.35,6649651
2025,4,1,2025-04,1336,1520,6309.12,9589862
2025,4,1,2025-04,1337,703,6856.4,4820049
2025,4,1,2025-04,1338,836,6095.35,5095713
2025,4,1,2025-04,1339,1317,4571.93,6021232
2025,4,1,2025-04,1340,738,6879.79,5077285
2025,4,1,2025-04,1341,1725,6331.75,10922269
2025,4,1,2025-04,1342,614,5397.39,3313997
2025,4,1,2025-04,1343,2031,6399.18,12996735
2025,4,1,2025-04,1344,1439,5040.06,7252646
2025,4,1,2025-04,1345,1720,5285.77,9091524
2025,4,1,2025-04,1346,1208,7278.96,8792984
2025,4,1,2025-04,1347,616,5051.72,3111860
2025,4,1,2025-04,1348,1155,5731.8,6620229
2025,4,1,2025-04,1349,1402,7166.4,10047293
2025,4,1,2025-04,1350,1453,6631.12,9635017
2025,4,1,2025-04,1351,1251,4172.34,5219597
2025,4,1,2025-04,1352,1645,4562.76,7505740
2025,4,1,2025-04,1353,1898,4077,7738146
2025,4,1,2025-04,1354,1218,6284.8,7654886
2025,4,1,2025-04,1355,1011,5680.04,5742520
2025,4,1,2025-04,1356,1636,4544.43,7434687
2025,4,1,2025-04,1357,1045,7448.48,7783662
2025,4,1,2025-04,1358,936,5906.94,5528896
2025,4,1,2025-04,1359,1265,4883.36,6177450
2025,4,1,2025-04,1360,1337,5859.35,7833951
2025,4,1,2025-04,1361,1936,6441.14,12470047
2025,4,1,2025-04,1362,1547,4431.43,6855422
2025,4,1,2025-04,1363,2004,5048.44,10117074
2025,4,1,2025-04,1364,1587,6931.61,11000465
2025,4,1,2025-04,1365,1533,5684.49,8714323
2025,4,1,2025-04,1366,1433,5951.91,8529087
2025,4,1,2025-04,1367,2081,5628.21,11712305
2025,4,1,2025-04,1368,1973,4153.2,8194264
2025,4,1,2025-04,1369,1161,4715.45,5474637
2025,4,1,2025-04,1370,1311,5682.72,7450046
2025,4,1,2025-04,1371,1731,4825.59,8353096
2025,4,1,2025-04,1372,940,4263.76,4007934
2025,4,1,2025-04,1373,612,7072.6,4328431
2025,4,1,2025-04,1374,606,7554.7,4578148
2025,4,1,2025-04,1375,1184,6863.95,8126917
2025,4,1,2025-04,1376,1401,7085.18,9926337
2025,4,1,2025-04,1377,1572,4886.33,7681311
2025,4,1,2025-04,1378,1792,7483.34,13410145
2025,4,1,2025-04,1379,1078,4833.81,5210847
2025,4,1,2025-04,1380,1006,7464.76,7509549
2025,4,1,2025-04,1381,1162,7544.38,8766570
2025,4,1,2025-04,1382,1043,6644.51,6930224
2025,4,1,2025-04,1383,1714,7496.55,12849087
2025,4,1,2025-04,1384,2148,6136.92,13182104
2025,4,1,2025-04,1385,1733,4988.94,8645833
2025,4,1,2025-04,1386,2177,5619.3,12233216
2025,4,1,2025-04,1387,1785,6217.67,11098541
2025,4,1,2025-04,1388,1073,4377.17,4696703
2025,4,1,2025-04,1389,303,6255.77,1895498
2025,4,1,2025-04,1390,1419,7467.09,10595801
2025,4,1,2025-04,1391,980,4761.78,4666544
2025,4,1,2025-04,1392,548,6831.37,3743591
2025,4,1,2025-04,1393,1818,7251.96,13184063
2025,4,1,2025-04,1394,1475,7428.62,10957214
2025,4,1,2025-04,1395,1494,7454.05,11136351
2025,4,1,2025-04,1396,515,5878.15,3027247
2025,4,1,2025-04,1397,1358,7517.36,10208575
2025,4,1,2025-04,1398,1501,6803.86,10212594
2025,4,1,2025-04,1399,818,4603.98,3766056
2025,4,1,2025-04,1400,617,5751.7,3548799
2025,4,1,2025-04,1401,1919,6666.08,12792208
2025,4,1,2025-04,1402,718,4921.24,3533450
2025,4,1,2025-04,1403,1608,6289.91,10114175
2025,4,1,2025-04,1404,529,6414.25,3393138
2025,4,1,2025-04,1405,1588,4539.26,7208345
2025,4,1,2025-04,1406,1507,6070.15,9147716
2025,4,1,2025-04,1407,1606,6784.85,10896469
2025,4,1,2025-04,1408,1966,5778.72,11360964
2025,4,1,2025-04,1409,1011,4196.5,4242662
2025,4,1,2025-04,1410,724,4036.07,2922115
2025,4,1,2025-04,1411,653,5369.37,3506199
2025,4,1,2025-04,1412,1811,7381.8,13368440
2025,4,1,2025-04,1413,1283,4846.79,6218432
2025,4,1,2025-04,1414,1166,6334.82,7386400
2025,4,1,2025-04,1415,851,4825.99,4106917
2025,4,1,2025-04,1416,1204,5177.86,6234143
2025,4,1,2025-04,1417,789,7059.44,5569898
2025,4,1,2025-04,1418,1398,6683.28,9343225
2025,4,1,2025-04,1419,977,4403.08,4301809
2025,4,1,2025-04,1420,1346,5591.15,7525688
2025,4,1,2025-04,1421,1838,4076.61,7492809
2025,4,1,2025-04,1422,1745,5781.84,10089311
2025,4,1,2025-04,1423,1795,6362.32,11420364
2025,4,1,2025-04,1424,1974,4423.82,8732621
2025,4,1,2025-04,1425,1261,5077.37,6402564
2025,4,1,2025-04,1426,1433,5542.9,7942976
2025,4,1,2025-04,1427,743,7350.97,5461771
2025,4,1,2025-04,1428,1763,7534.14,13282689
2025,4,1,2025-04,1429,2210,4310.6,9526426
2025,4,1,2025-04,1430,1423,6718.35,9560212
2025,4,1,2025-04,1431,1327,5424.36,7198126
2025,4,1,2025-04,1432,2037,5512.96,11229900
2025,4,1,2025-04,1433,1930,6747.58,13022829
2025,4,1,2025-04,1434,1558,7267.54,11322827
2025,4,1,2025-04,1435,648,7447.02,4825669
2025,4,1,2025-04,1436,1039,6104.33,6342399
2025,4,1,2025-04,1437,1888,5237.4,9888211
2025,4,1,2025-04,1438,716,6843.35,4899839
2025,4,1,2025-04,1439,1239,4886.81,6054758
2025,4,1,2025-04,1440,1553,6060.08,9411304
2025,4,1,2025-04,1441,927,5360.61,4969285
2025,4,1,2025-04,1442,1544,6382.85,9855120
2025,4,1,2025-04,1443,1084,4960.43,5377106
2025,4,1,2025-04,1444,1669,4755.11,7936279
2025,4,1,2025-04,1445,1945,7283.14,14165707
2025,4,1,2025-04,1446,671,4381.87,2940235
2025,4,1,2025-04,1447,759,5910.83,4486320
2025,4,1,2025-04,1448,958,4827.8,4625032
2025,4,1,2025-04,1449,1490,4312.59,6425759
2025,4,1,2025-04,1450,1273,4127.19,5253913
2025,4,1,2025-04,1451,1002,4726.02,4735472
2025,4,1,2025-04,1452,706,7062.2,4985913
2025,4,1,2025-04,1453,2102,4914.28,10329817
2025,4,1,2025-04,1454,1699,7460.49,12675373
2025,4,1,2025-04,1455,1349,6024.41,8126929
2025,4,1,2025-04,1456,1588,5666.62,8998593
2025,4,1,2025-04,1457,2173,6175.59,13419557
2025,4,1,2025-04,1458,1790,5859.47,10488451
2025,4,1,2025-04,1459,1587,6733.02,10685303
2025,4,1,2025-04,1460,910,4957.63,4511443
2025,4,1,2025-04,1461,1326,5235.93,6942843
2025,4,1,2025-04,1462,709,7185.62,5094605
2025,4,1,2025-04,1463,823,7369.56,6065148
2025,4,1,2025-04,1464,1766,7240.8,12787253
2025,4,1,2025-04,1465,745,5615.68,4183682
2025,4,1,2025-04,1466,1108,6814.93,7550942
2025,4,1,2025-04,1467,1109,5746.18,6372514
2025,4,1,2025-04,1468,1531,5835.46,8934089
2025,4,1,2025-04,1469,1687,4728.92,7977688
2025,4,1,2025-04,1470,697,6163.34,4295848
2025,4,1,2025-04,1471,1352,4683.71,6332376
2025,4,1,2025-04,1472,543,5307.56,2882005
2025,4,1,2025-04,1473,656,7077.95,4643135
2025,4,1,2025-04,1474,1565,4803.35,7517243
2025,4,1,2025-04,1475,843,4294.85,3620559
2025,4,1,2025-04,1476,1968,4278.9,8420875
2025,4,1,2025-04,1477,782,7424.01,5805576
2025,4,1,2025-04,1478,613,5837.62,3578461
2025,4,1,2025-04,1479,1924,5502.39,10586598
2025,4,1,2025-04,1480,573,6926.21,3968718
2025,4,1,2025-04,1481,1410,7127.22,10049380
2025,4,1,2025-04,1482,1164,5228.15,6085567
2025,4,1,2025-04,1483,917,6555.53,6011421
2025,4,1,2025-04,1484,1862,6767.78,12601606
2025,4,1,2025-04,1485,1618,6370.33,10307194
2025,4,1,2025-04,1486,1595,4638.62,7398599
2025,4,1,2025-04,1487,1693,7185.78,12165526
2025,4,1,2025-04,1488,773,6055.96,4681257
2025,4,1,2025-04,1489,733,5033.29,3689402
2025,4,1,2025-04,1490,1968,5652.22,11123569
2025,4,1,2025-04,1491,867,4181.95,3625751
2025,4,1,2025-04,1492,956,4500.67,4302641
2025,4,1,2025-04,1493,1434,6799.47,9750440
2025,4,1,2025-04,1494,1904,4040.45,7693017
2025,4,1,2025-04,1495,983,5575.43,5480648
2025,4,1,2025-04,1496,1621,5907,9575247
2025,4,1,2025-04,1497,1221,4218.03,5150215
2025,4,1,2025-04,1498,1825,7517.21,13718908
2025,4,1,2025-04,1499,1137,4752.84,5403979
2025,4,1,2025-04,1500,1481,5105.96,7561927
2025,4,1,2025-04,1501,1740,5155.53,8970622
2025,4,1,2025-04,1502,1153,4929.88,5684152
2025,4,1,2025-04,1503,679,4092.93,2779099
2025,4,1,2025-04,1504,1900,6659.08,12652252
2025,4,1,2025-04,1505,1372,7498.64,10288134
2025,4,1,2025-04,1506,1752,4836.65,8473811
2025,4,1,2025-04,1507,1407,6411.23,9020601
2025,4,1,2025-04,1508,937,6722.72,6299189
2025,4,1,2025-04,1509,1713,7040.74,12060788
2025,4,1,2025-04,1510,1680,5554.73,9331946
2025,4,1,2025-04,1511,649,5175.57,3358945
2025,4,1,2025-04,1512,1040,5245.28,5455091
2025,4,1,2025-04,1513,756,6607.35,4995157
2025,4,1,2025-04,1514,1290,6919.78,8926516
2025,4,1,2025-04,1515,656,4743.55,3111769
2025,4,1,2025-04,1516,1188,5282.81,6275978
2025,4,1,2025-04,1517,1300,7235.55,9406215
2025,4,1,2025-04,1518,1595,6939.84,11069045
2025,4,1,2025-04,1519,1245,7599.31,9461141
2025,4,1,2025-04,1520,2108,6717.62,14160743
2025,4,1,2025-04,1521,1209,5473.07,6616942
2025,4,1,2025-04,1522,1551,6109.69,9476129
2025,4,1,2025-04,1523,1590,6425.03,10215798
2025,4,1,2025-04,1524,1033,4378.29,4522774
2025,4,1,2025-04,1525,1456,5988.92,8719868
2025,4,1,2025-04,1526,1526,6646.59,10142696
2025,4,1,2025-04,1527,952,4662.2,4438414
2025,4,1,2025-04,1528,2099,6867.24,14414337
2025,4,1,2025-04,1529,1034,6143.55,6352431
2025,4,1,2025-04,1530,1666,7349.93,12244983
2025,4,1,2025-04,1531,1833,4254.2,7797949
2025,4,1,2025-04,1532,1637,5023.12,8222847
2025,4,1,2025-04,1533,1681,6201.56,10424822
2025,4,1,2025-04,1534,1226,5054.55,6196878
2025,4,1,2025-04,1535,706,6595.61,4656501
2025,4,1,2025-04,1536,1553,6741.53,10469596
2025,4,1,2025-04,1537,330,4329.09,1428600
2025,4,1,2025-04,1538,1307,5977.53,7812632
2025,4,1,2025-04,1539,1768,5921.94,10469990
2025,4,1,2025-04,1540,1542,5331.35,8220942
2025,4,1,2025-04,1541,1365,7346.02,10027317
2025,4,1,2025-04,1542,699,7011.02,4900703
2025,4,1,2025-04,1543,1718,6572.99,11292397
2025,4,1,2025-04,1544,1224,6590.6,8066894
2025,4,1,2025-04,1545,723,5712.61,4130217
2025,4,1,2025-04,1546,1086,7303.85,7931981
2025,4,1,2025-04,1547,1747,6491.25,11340214
2025,4,1,2025-04,1548,1558,6626.66,10324336
2025,4,1,2025-04,1549,1428,7098.99,10137358
2025,4,1,2025-04,1550,2175,4962.04,10792437
2025,4,1,2025-04,1551,1257,6930.94,8712192
2025,4,1,2025-04,1552,1860,4809.18,8945075
2025,4,1,2025-04,1553,582,5233.96,3046165
2025,4,1,2025-04,1554,1228,5224.75,6415993
2025,4,1,2025-04,1555,2000,7508.26,15016520
2025,4,1,2025-04,1556,1754,7054.71,12373961
2025,4,1,2025-04,1557,1464,6417.26,9394869
2025,4,1,2025-04,1558,2112,6609.76,13959813
2025,4,1,2025-04,1559,788,6024.21,4747077
2025,4,1,2025-04,1560,1443,7472.17,10782341
2025,4,1,2025-04,1561,1528,5819.24,8891799
2025,4,1,2025-04,1562,1197,5446.58,6519556
2025,4,1,2025-04,1563,872,4631.81,4038938
2025,4,1,2025-04,1564,932,6839.82,6374712
2025,4,1,2025-04,1565,1498,6752.23,10114841
2025,4,1,2025-04,1566,1563,5402.92,8444764
2025,4,1,2025-04,1567,1731,4142.55,7170754
2025,4,1,2025-04,1568,1884,7019.02,13223834
2025,4,1,2025-04,1569,1811,4068.02,7367184
2025,4,1,2025-04,1570,1218,6608.91,8049652
2025,4,1,2025-04,1571,542,7512.68,4071873
2025,4,1,2025-04,1572,1305,5565.67,7263199
2025,4,1,2025-04,1573,1120,4899.05,5486936
2025,4,1,2025-04,1574,964,6609.88,6371924
2025,4,1,2025-04,1575,578,6933.47,4007546
2025,4,1,2025-04,1576,1501,5968.28,8958388
2025,4,1,2025-04,1577,1342,7469.55,10024136
2025,4,1,2025-04,1578,738,4223.28,3116781
2025,4,1,2025-04,1579,1819,5870.71,10678821
2025,4,1,2025-04,1580,2049,6613.66,13551389
2025,4,1,2025-04,1581,1027,7135.49,7328148
2025,4,1,2025-04,1582,875,4751.24,4157335
2025,4,1,2025-04,1583,1647,6909.04,11379189
2025,4,1,2025-04,1584,1527,6055.83,9247252
2025,4,1,2025-04,1585,1830,5439.54,9954358
2025,4,1,2025-04,1586,659,4542.8,2993705
2025,4,1,2025-04,1587,1175,7149.71,8400909
2025,4,1,2025-04,1588,1312,4598.8,6033626
2025,4,1,2025-04,1589,586,5168.4,3028682
2025,4,1,2025-04,1590,2029,5015.87,10177200
2025,4,1,2025-04,1591,1851,7179.25,13288792
2025,4,1,2025-04,1592,918,6389.58,5865634
2025,4,1,2025-04,1593,832,6950.18,5782550
2025,4,1,2025-04,1594,685,4934.87,3380386
2025,4,1,2025-04,1595,910,6244.73,5682704
2025,4,1,2025-04,1596,1157,6122.79,7084068
2025,4,1,2025-04,1597,1152,7037.45,8107142
2025,4,1,2025-04,1598,1476,7281.33,10747243
2025,4,1,2025-04,1599,888,3973.07,3528086
2025,4,1,2025-04,1600,1246,6498.1,8096633
2025,4,1,2025-04,1601,1383,4239.03,5862578
2025,4,1,2025-04,1602,2098,5982.41,12551096
2025,4,1,2025-04,1603,1393,5032.11,7009729
2025,4,1,2025-04,1604,1894,5200.92,9850542
2025,4,1,2025-04,1605,922,5325.41,4910028
2025,4,1,2025-04,1606,514,6339.71,3258611
2025,4,1,2025-04,1607,1498,5299.59,7938786
2025,4,1,2025-04,1608,1822,6672.51,12157313
2025,4,1,2025-04,1609,1333,5512.79,7348549
2025,4,1,2025-04,1610,1580,4227.15,6678897
2025,4,1,2025-04,1611,2091,6876.63,14379033
2025,4,1,2025-04,1612,1922,5076.55,9757129
2025,4,1,2025-04,1613,2049,5592.23,11458479
2025,4,1,2025-04,1614,1908,6474.31,12352983
2025,4,1,2025-04,1615,754,5267.87,3971974
2025,4,1,2025-04,1616,1473,4228.93,6229214
2025,4,1,2025-04,1617,898,5334.85,4790695
2025,4,1,2025-04,1618,1806,7374.11,13317643
2025,4,1,2025-04,1619,1063,6284.96,6680912
2025,4,1,2025-04,1620,1253,6487.67,8129051
2025,4,1,2025-04,1621,1732,6285.54,10886555
2025,4,1,2025-04,1622,1380,4755.56,6562673
2025,4,1,2025-04,1623,1996,5603.06,11183708
2025,4,1,2025-04,1624,1972,6684.28,13181400
2025,4,1,2025-04,1625,1880,4360.75,8198210
2025,4,1,2025-04,1626,1566,5048.13,7905372
2025,4,1,2025-04,1627,935,5011.65,4685893
2025,4,1,2025-04,1628,1528,5636.24,8612175
2025,4,1,2025-04,1629,902,7538.93,6800115
2025,4,1,2025-04,1630,1368,4257,5823576
2025,4,1,2025-04,1631,1344,5869.26,7888285
2025,4,1,2025-04,1632,1136,4726.65,5369474
2025,4,1,2025-04,1633,875,7497.28,6560120
2025,4,1,2025-04,1634,409,4471.01,1828643
2025,4,1,2025-04,1635,1690,5452.3,9214387
2025,4,1,2025-04,1636,1060,6635.87,7034022
2025,4,1,2025-04,1637,1486,6522.31,9692153
2025,4,1,2025-04,1638,1552,5524.91,8574660
2025,4,1,2025-04,1639,1794,5311.34,9528544
2025,4,1,2025-04,1640,987,5402.72,5332485
2025,4,1,2025-04,1641,1268,4940.78,6264909
2025,4,1,2025-04,1642,1440,4809.85,6926184
2025,4,1,2025-04,1643,649,5792.23,3759157
2025,4,1,2025-04,1644,1473,5033.29,7414036
2025,4,1,2025-04,1645,771,5021.62,3871669
2025,4,1,2025-04,1646,547,6390.18,3495428
2025,4,1,2025-04,1647,546,7430.05,4056807
2025,4,1,2025-04,1648,1267,6137.98,7776821
2025,4,1,2025-04,1649,1706,4307.58,7348731
2025,4,1,2025-04,1650,1329,4331.34,5756351
2025,4,1,2025-04,1651,1665,7488.93,12469068
2025,4,1,2025-04,1652,906,5091.04,4612482
2025,4,1,2025-04,1653,1133,4400.49,4985755
2025,4,1,2025-04,1654,1855,6144.63,11398289
2025,4,1,2025-04,1655,1834,6336.35,11620866
2025,4,1,2025-04,1656,1506,6396.22,9632707
2025,4,1,2025-04,1657,1737,4970.52,8633793
2025,4,1,2025-04,1658,1233,4084.95,5036743
2025,4,1,2025-04,1659,1703,7501.11,12774390
2025,4,1,2025-04,1660,1682,4920.97,8277072
2025,4,1,2025-04,1661,1559,6412.7,9997399
2025,4,1,2025-04,1662,1200,6583.03,7899636
2025,4,1,2025-04,1663,1910,6226.1,11891851
2025,4,1,2025-04,1664,672,5139.97,3454060
2025,4,1,2025-04,1665,944,5026.21,4744742
2025,4,1,2025-04,1666,2005,6112.57,12255703
2025,4,1,2025-04,1667,658,7155.28,4708174
2025,4,1,2025-04,1668,1860,7434.49,13828151
2025,4,1,2025-04,1669,1875,4387.24,8226075
2025,4,1,2025-04,1670,1429,4519.47,6458323
2025,4,1,2025-04,1671,1888,7441.71,14049948
2025,4,1,2025-04,1672,1438,6641.34,9550247
2025,4,1,2025-04,1673,1738,7223.47,12554391
2025,4,1,2025-04,1674,1395,4811.95,6712670
2025,4,1,2025-04,1675,558,6232.49,3477729
2025,4,1,2025-04,1676,636,6466.89,4112942
2025,4,1,2025-04,1677,1860,6507.47,12103894
2025,4,1,2025-04,1678,1723,5466.83,9419348
2025,4,1,2025-04,1679,1413,4130.85,5836891
2025,4,1,2025-04,1680,1176,6138.43,7218794
2025,4,1,2025-04,1681,530,5023.05,2662216
2025,4,1,2025-04,1682,1992,5674.63,11303863
2025,4,1,2025-04,1683,1570,7521.4,11808598
2025,4,1,2025-04,1684,1544,5472.94,8450219
2025,4,1,2025-04,1685,1731,7004.38,12124582
2025,4,1,2025-04,1686,1091,4829.27,5268734
2025,4,1,2025-04,1687,1785,6463,11536455
2025,4,1,2025-04,1688,1911,7516.02,14363114
2025,4,1,2025-04,1689,1946,4386.76,8536635
2025,4,1,2025-04,1690,772,4123.76,3183543
2025,4,1,2025-04,1691,713,5501.47,3922548
2025,4,1,2025-04,1692,693,4318.82,2992942
2025,4,1,2025-04,1693,522,6715.44,3505460
2025,4,1,2025-04,1694,1562,7215.62,11270798
2025,4,1,2025-04,1695,1903,5560.56,10581746
2025,4,1,2025-04,1696,1656,4972.89,8235106
2025,4,1,2025-04,1697,562,5641.32,3170422
2025,4,1,2025-04,1698,1933,6673.67,12900204
2025,4,1,2025-04,1699,1831,4111.06,7527351
2025,4,1,2025-04,1700,668,6076.82,4059316
2025,4,1,2025-04,1701,1514,6184.79,9363772
2025,4,1,2025-04,1702,664,6313.22,4191978
2025,4,1,2025-04,1703,1690,4963.36,8388078
2025,4,1,2025-04,1704,634,6627.67,4201943
2025,4,1,2025-04,1705,1009,4382.54,4421983
2025,4,1,2025-04,1706,1322,4666.18,6168690
2025,4,1,2025-04,1707,1271,7213.46,9168308
2025,4,1,2025-04,1708,1288,6658.44,8576071
2025,4,1,2025-04,1709,1171,4065.67,4760900
2025,4,1,2025-04,1710,1307,4969.65,6495333
2025,4,1,2025-04,1711,1702,4780.51,8136428
2025,4,1,2025-04,1712,1952,5025.61,9809991
2025,4,1,2025-04,1713,845,4940.49,4174714
2025,4,1,2025-04,1714,734,4355.94,3197260
2025,4,1,2025-04,1715,1079,5664.04,6111499
2025,4,1,2025-04,1716,1206,6698.14,8077957
2025,4,1,2025-04,1717,516,6161.04,3179097
2025,4,1,2025-04,1718,646,6456.37,4170815
2025,4,1,2025-04,1719,1277,4322.51,5519845
2025,4,1,2025-04,1720,1309,7449.51,9751409
2025,4,1,2025-04,1721,1291,7050.63,9102363
2025,4,1,2025-04,1722,1617,6974.95,11278494
2025,4,1,2025-04,1723,906,6990.29,6333203
2025,4,1,2025-04,1724,1028,7334.7,7540072
2025,4,1,2025-04,1725,2100,5918.15,12428115
2025,4,1,2025-04,1726,1241,4738.16,5880057
2025,4,1,2025-04,1727,885,6295.19,5571243
2025,4,1,2025-04,1728,1890,6724.61,12709513
2025,4,1,2025-04,1729,617,6665.55,4112644
2025,4,1,2025-04,1730,911,5882.78,5359213
2025,4,1,2025-04,1731,1675,4286.7,7180222
2025,4,1,2025-04,1732,1036,5318.61,5510080
2025,4,1,2025-04,1733,786,7347.65,5775253
2025,4,1,2025-04,1734,1644,6149.85,10110353
2025,4,1,2025-04,1735,1645,6036.14,9929450
2025,4,1,2025-04,1736,1765,5045.02,8904460
2025,4,1,2025-04,1737,1746,5268.75,9199238
2025,4,1,2025-04,1738,560,7291.9,4083464
2025,4,1,2025-04,1739,1037,6440.16,6678446
2025,4,1,2025-04,1740,1787,6848.9,12238984
2025,4,1,2025-04,1741,1532,5677.02,8697195
2025,4,1,2025-04,1742,1088,6308.14,6863256
2025,4,1,2025-04,1743,1038,4967.48,5156244
2025,4,1,2025-04,1744,1536,6543.88,10051400
2025,4,1,2025-04,1745,1266,5614.46,7107906
2025,4,1,2025-04,1746,1421,5750.67,8171702
2025,4,1,2025-04,1747,1507,6318.42,9521859
2025,4,1,2025-04,1748,1716,7359.02,12628078
2025,4,1,2025-04,1749,1018,4276.38,4353355
2025,4,1,2025-04,1750,1135,6926.8,7861918
2025,4,1,2025-04,1751,1922,5085.12,9773601
2025,4,1,2025-04,1752,1146,5675.99,6504685
2025,4,1,2025-04,1753,1721,4126.21,7101207
2025,4,1,2025-04,1754,1804,5064.96,9137188
2025,4,1,2025-04,1755,1595,5883.61,9384358
2025,4,1,2025-04,1756,2090,4264.56,8912930
2025,4,1,2025-04,1757,1041,5827.39,6066313
2025,4,1,2025-04,1758,1022,7384.86,7547327
2025,4,1,2025-04,1759,1831,4466.18,8177576
2025,4,1,2025-04,1760,502,6775.02,3401060
2025,4,1,2025-04,1761,1590,5525.52,8785577
2025,4,1,2025-04,1762,877,6407.56,5619430
2025,4,1,2025-04,1763,1883,4994.83,9405265
2025,4,1,2025-04,1764,1399,4612.82,6453335
2025,4,1,2025-04,1765,979,4636.09,4538732
2025,4,1,2025-04,1766,1667,4233.91,7057928
2025,4,1,2025-04,1767,1669,4742.89,7915883
2025,4,1,2025-04,1768,1280,6423.73,8222374
2025,4,1,2025-04,1769,761,7168.76,5455426
2025,4,1,2025-04,1770,1400,6880.25,9632350
2025,4,1,2025-04,1771,1177,6499.48,7649888
2025,4,1,2025-04,1772,1570,4392.27,6895864
2025,4,1,2025-04,1773,768,5032.82,3865206
2025,4,1,2025-04,1774,1395,5059.4,7057863
2025,4,1,2025-04,1775,1346,4999.87,6729825
2025,4,1,2025-04,1776,663,5823.37,3860894
2025,4,1,2025-04,1777,961,6023.12,5788218
2025,4,1,2025-04,1778,1861,5384.23,10020052
2025,4,1,2025-04,1779,597,5295.06,3161151
2025,4,1,2025-04,1780,825,6993.36,5769522
2025,4,1,2025-04,1781,1975,6869.75,13567756
2025,4,1,2025-04,1782,1298,5114.35,6638426
2025,4,1,2025-04,1783,1211,7299.05,8839150
2025,4,1,2025-04,1784,1117,7410.56,8277596
2025,4,1,2025-04,1785,1240,5174.65,6416566
2025,4,1,2025-04,1786,1142,5398.96,6165612
2025,4,1,2025-04,1787,1660,5871.87,9747304
2025,4,1,2025-04,1788,1705,7433.83,12674680
2025,4,1,2025-04,1789,781,7158.59,5590859
2025,4,1,2025-04,1790,1192,4386.03,5228148
2025,4,1,2025-04,1791,1556,5401.9,8405356
2025,4,1,2025-04,1792,865,6043.38,5227524
2025,4,1,2025-04,1793,1554,5815.87,9037862
2025,4,1,2025-04,1794,1633,4774.33,7796481
2025,4,1,2025-04,1795,1236,7088.41,8761275
2025,4,1,2025-04,1796,604,6497.79,3924665
2025,4,1,2025-04,1797,1640,7066.03,11588289
2025,4,1,2025-04,1798,1282,7209.03,9241976
2025,4,1,2025-04,1799,964,6690.25,6449401
2025,4,1,2025-04,1800,1913,5597.71,10708419
2025,4,1,2025-04,1801,1168,6224.06,7269702
2025,4,1,2025-04,1802,1883,4673.29,8799805
2025,4,1,2025-04,1803,1186,6456.36,7657243
2025,4,1,2025-04,1804,1637,4634.41,7586529
2025,4,1,2025-04,1805,963,6586.13,6342443
2025,4,1,2025-04,1806,735,4816.37,3540032
2025,4,1,2025-04,1807,1914,4469.06,8553781
2025,4,1,2025-04,1808,1300,4605.49,5987137
2025,4,1,2025-04,1809,1239,4023.8,4985488
2025,4,1,2025-04,1810,853,6567.69,5602240
2025,4,1,2025-04,1811,1688,6700.21,11309954
2025,4,1,2025-04,1812,1529,5882.74,8994709
2025,4,1,2025-04,1813,1507,4606.55,6942071
2025,4,1,2025-04,1814,1661,4399.59,7307719
2025,4,1,2025-04,1815,1604,4166.39,6682890
2025,4,1,2025-04,1816,1675,4638.09,7768801
2025,4,1,2025-04,1817,2030,7202.66,14621400
2025,4,1,2025-04,1818,1544,4875.48,7527741
2025,4,1,2025-04,1819,2017,5325.18,10740888
2025,4,1,2025-04,1820,1276,4359.63,5562888
2025,4,1,2025-04,1821,1936,4831.73,9354229
2025,4,1,2025-04,1822,1562,5832.38,9110178
2025,4,1,2025-04,1823,559,6193.07,3461926
2025,4,1,2025-04,1824,1102,5002.53,5512788
2025,4,1,2025-04,1825,1311,4248.54,5569836
2025,4,1,2025-04,1826,694,5502.74,3818902
2025,4,1,2025-04,1827,1932,4872.99,9414617
2025,4,1,2025-04,1828,2135,4875.93,10410111
2025,4,1,2025-04,1829,1952,7413.13,14470430
2025,4,1,2025-04,1830,941,6213.58,5846979
2025,4,1,2025-04,1831,1524,6092.65,9285199
2025,4,1,2025-04,1832,1768,5525.96,9769897
2025,4,1,2025-04,1833,1702,5542.13,9432705
2025,4,1,2025-04,1834,1597,6003.12,9586983
2025,4,1,2025-04,1835,1439,6528.89,9395073
2025,4,1,2025-04,1836,1417,6588.7,9336188
2025,4,1,2025-04,1837,1645,4605.44,7575949
2025,4,1,2025-04,1838,813,5822.94,4734050
2025,4,1,2025-04,1839,395,5518.97,2179993
2025,4,1,2025-04,1840,1608,7213.5,11599308
2025,4,1,2025-04,1841,919,6328.63,5816011
2025,4,1,2025-04,1842,1561,5903.07,9214692
2025,4,1,2025-04,1843,1811,4486.54,8125124
2025,4,1,2025-04,1844,1061,6084.39,6455538
2025,4,1,2025-04,1845,1161,4415.41,5126291
2025,4,1,2025-04,1846,1353,5283.51,7148589
2025,4,1,2025-04,1847,887,4585.58,4067409
2025,4,1,2025-04,1848,950,6483.52,6159344
2025,4,1,2025-04,1849,770,4732.83,3644279
2025,4,1,2025-04,1850,1491,5482.27,8174065
2025,4,1,2025-04,1851,1116,7277.35,8121523
2025,4,1,2025-04,1852,1025,4794.62,4914486
2025,4,1,2025-04,1853,1522,5859.7,8918463
2025,4,1,2025-04,1854,1472,5510.75,8111824
2025,4,1,2025-04,1855,1092,4135.85,4516348
2025,4,1,2025-04,1856,1870,6835.38,12782161
2025,4,1,2025-04,1857,1408,4258.46,5995912
2025,4,1,2025-04,1858,590,5701.22,3363720
2025,4,1,2025-04,1859,959,6086.74,5837184
2025,4,1,2025-04,1860,1933,6315.62,12208093
2025,4,1,2025-04,1861,1943,6455.47,12542978
2025,4,1,2025-04,1862,1368,4905.45,6710656
2025,4,1,2025-04,1863,1671,4179.25,6983527
2025,4,1,2025-04,1864,1303,6696.3,8725279
2025,4,1,2025-04,1865,1265,5906.39,7471583
2025,4,1,2025-04,1866,1680,7060.91,11862329
2025,4,1,2025-04,1867,868,6866.31,5959957
2025,4,1,2025-04,1868,752,7023.76,5281868
2025,4,1,2025-04,1869,895,5702.12,5103397
2025,4,1,2025-04,1870,1987,5196.76,10325962
2025,4,1,2025-04,1871,1264,6879.92,8696219
2025,4,1,2025-04,1872,854,5680.93,4851514
2025,4,1,2025-04,1873,1859,4669.52,8680638
2025,4,1,2025-04,1874,1065,7149.03,7613717
2025,4,1,2025-04,1875,738,7191.71,5307482
2025,4,1,2025-04,1876,1015,5759.87,5846268
2025,4,1,2025-04,1877,1932,4274.02,8257407
2025,4,1,2025-04,1878,833,5338.03,4446579
2025,4,1,2025-04,1879,1923,6947.83,13360677
2025,4,1,2025-04,1880,1033,7199.95,7437548
2025,4,1,2025-04,1881,673,4926.71,3315676
2025,4,1,2025-04,1882,590,4195.41,2475292
2025,4,1,2025-04,1883,1904,7237.43,13780067
2025,4,1,2025-04,1884,1287,5511.74,7093609
2025,4,1,2025-04,1885,1428,6017.89,8593547
2025,4,1,2025-04,1886,709,7522.86,5333708
2025,4,1,2025-04,1887,1957,4261.19,8339149
2025,4,1,2025-04,1888,2080,6386.51,13283941
2025,4,1,2025-04,1889,1336,4314,5763504
2025,4,1,2025-04,1890,658,5315.97,3497908
2025,4,1,2025-04,1891,1690,6856.08,11586775
2025,4,1,2025-04,1892,771,5571.43,4295573
2025,4,1,2025-04,1893,1011,7625.41,7709290
2025,4,1,2025-04,1894,1586,6148.13,9750934
2025,4,1,2025-04,1895,1901,5178.41,9844157
2025,4,1,2025-04,1896,2136,4799.84,10252458
2025,4,1,2025-04,1897,1259,5307.48,6682117
2025,4,1,2025-04,1898,1919,5397.74,10358263
2025,4,1,2025-04,1899,1518,4292.22,6515590
2025,4,1,2025-04,1900,835,5395.9,4505576
2025,4,1,2025-04,1901,1252,5752.83,7202543
2025,4,1,2025-04,1902,1185,6569.23,7784538
2025,4,1,2025-04,1903,1695,6385.22,10822948
2025,4,1,2025-04,1904,1086,6630.88,7201136
2025,4,1,2025-04,1905,349,4021.41,1403472
2025,4,1,2025-04,1906,923,4813.11,4442501
2025,4,1,2025-04,1907,1393,6369.8,8873131
2025,4,1,2025-04,1908,1230,5831.96,7173311
2025,4,1,2025-04,1909,904,4008.39,3623585
2025,4,1,2025-04,1910,1547,6949.1,10750258
2025,4,1,2025-04,1911,1685,6845.22,11534196
2025,4,1,2025-04,1912,673,6053.67,4074120
2025,4,1,2025-04,1913,1756,4279.24,7514345
2025,4,1,2025-04,1914,1505,6763.8,10179519
2025,4,1,2025-04,1915,442,6140.07,2713911
2025,4,1,2025-04,1916,640,6908.82,4421645
2025,4,1,2025-04,1917,744,6718.76,4998757
2025,4,1,2025-04,1918,1509,6876.45,10376563
2025,4,1,2025-04,1919,900,5946.09,5351481
2025,4,1,2025-04,1920,1286,4504.57,5792877
2025,4,1,2025-04,1921,776,6484.16,5031708
2025,4,1,2025-04,1922,2133,6276.1,13386921
2025,4,1,2025-04,1923,894,6733.69,6019919
2025,4,1,2025-04,1924,1108,4582.16,5077033
2025,4,1,2025-04,1925,741,4709.05,3489406
2025,4,1,2025-04,1926,1309,7197.74,9421842
2025,4,1,2025-04,1927,1653,6715.89,11101366
2025,4,1,2025-04,1928,1945,7286.56,14172359
2025,4,1,2025-04,1929,947,6743.56,6386151
2025,4,1,2025-04,1930,2013,6165.37,12410890
2025,4,1,2025-04,1931,1268,6301.42,7990201
2025,4,1,2025-04,1932,2050,7248.13,14858666
2025,4,1,2025-04,1933,1162,6065.45,7048053
2025,4,1,2025-04,1934,1885,6333.88,11939364
2025,4,1,2025-04,1935,1809,4529.03,8193015
2025,4,1,2025-04,1936,1766,5753.38,10160469
2025,4,1,2025-04,1937,1878,6607.18,12408284
2025,4,1,2025-04,1938,700,5016.22,3511354
2025,4,1,2025-04,1939,657,4723.47,3103320
2025,4,1,2025-04,1940,917,5228.28,4794333
2025,4,1,2025-04,1941,415,4910.83,2037994
2025,4,1,2025-04,1942,915,4758.1,4353662
2025,4,1,2025-04,1943,1626,5611.23,9123860
2025,4,1,2025-04,1944,897,7243.32,6497258
2025,4,1,2025-04,1945,1268,5844.84,7411257
2025,4,1,2025-04,1946,1782,4767.9,8496398
2025,4,1,2025-04,1947,2001,4328.48,8661288
2025,4,1,2025-04,1948,649,6467.6,4197472
2025,4,1,2025-04,1949,1111,5352.07,5946150
2025,4,1,2025-04,1950,1528,6941.81,10607086
2025,4,1,2025-04,1951,1152,6408.07,7382097
2025,4,1,2025-04,1952,1673,6895.57,11536289
2025,4,1,2025-04,1953,1259,5101.34,6422587
2025,4,1,2025-04,1954,1575,6454.66,10166090
2025,4,1,2025-04,1955,652,5035.55,3283179
2025,4,1,2025-04,1956,1631,7445.67,12143888
2025,4,1,2025-04,1957,1774,6373.82,11307157
2025,4,1,2025-04,1958,1551,5150.35,7988193
2025,4,1,2025-04,1959,1667,4994.99,8326648
2025,4,1,2025-04,1960,733,4734.22,3470183
2025,4,1,2025-04,1961,1561,6510.05,10162188
2025,4,1,2025-04,1962,1988,4841.24,9624385
2025,4,1,2025-04,1963,1666,6169.89,10279037
2025,4,1,2025-04,1964,720,5049.41,3635575
2025,4,1,2025-04,1965,1657,6448.33,10684883
2025,4,1,2025-04,1966,1238,6888.6,8528087
2025,4,1,2025-04,1967,2054,6830.96,14030792
2025,4,1,2025-04,1968,1365,6705.01,9152339
2025,4,1,2025-04,1969,814,4646.6,3782332
2025,4,1,2025-04,1970,1258,4362.32,5487799
2025,4,1,2025-04,1971,1046,6488.7,6787180
2025,4,1,2025-04,1972,892,5423.45,4837717
2025,4,1,2025-04,1973,1528,5576.1,8520281
2025,4,1,2025-04,1974,1344,4228.38,5682943
2025,4,1,2025-04,1975,1218,4993.3,6081839
2025,4,1,2025-04,1976,1841,4162.43,7663034
2025,4,1,2025-04,1977,1200,7169.49,8603388
2025,4,1,2025-04,1978,1553,4857.52,7543729
2025,4,1,2025-04,1979,1721,5953.77,10246438
2025,4,1,2025-04,1980,1623,4174.13,6774613
2025,4,1,2025-04,1981,1382,6439.92,8899969
2025,4,1,2025-04,1982,628,5238.84,3289992
2025,4,1,2025-04,1983,945,7300.14,6898632
2025,4,1,2025-04,1984,549,7150.41,3925575
2025,4,1,2025-04,1985,1659,5227.67,8672705
2025,4,1,2025-04,1986,1031,7243.78,7468337
2025,4,1,2025-04,1987,1660,7685.79,12758411
2025,4,1,2025-04,1988,1804,7094.08,12797720
2025,4,1,2025-04,1989,1384,7115.21,9847451
2025,4,1,2025-04,1990,737,4910.12,3618758
2025,4,1,2025-04,1991,1711,6022.03,10303693
2025,4,1,2025-04,1992,666,4244.47,2826817
2025,4,1,2025-04,1993,1078,4386.37,4728507
2025,4,1,2025-04,1994,1551,7637.08,11845111
2025,4,1,2025-04,1995,1018,5195.71,5289233
2025,4,1,2025-04,1996,1387,6733.21,9338962
2025,4,1,2025-04,1997,1997,6964.33,13907767
2025,4,1,2025-04,1998,2000,7162.78,14325560
2025,4,1,2025-04,1999,1062,7556.33,8024822
2025,4,1,2025-04,2000,1654,4912.62,8125473
2025,4,1,2025-04,2001,752,4209.85,3165807
2025,4,1,2025-04,2002,1575,5481.72,8633709
2025,4,1,2025-04,2003,1342,4523.28,6070242
2025,4,1,2025-04,2004,790,4180.16,3302326
2025,4,1,2025-04,2005,1729,5399.08,9335009
2025,4,1,2025-04,2006,1643,6719.67,11040418
2025,4,1,2025-04,2007,1402,6082.75,8528016
2025,4,1,2025-04,2008,1122,5178.47,5810243
2025,4,1,2025-04,2009,974,6419.11,6252213
2025,4,1,2025-04,2010,1968,4910.75,9664356
2025,4,1,2025-04,2011,1510,4088.42,6173514
2025,4,1,2025-04,2012,1096,6766.12,7415668
2025,4,1,2025-04,2013,1320,6292.98,8306734
2025,4,1,2025-04,2014,1828,6721.87,12287578
2025,4,1,2025-04,2015,863,4179.99,3607331
2025,4,1,2025-04,2016,1861,7033.09,13088580
2025,4,1,2025-04,2017,1582,6233.71,9861729
2025,4,1,2025-04,2018,1796,6003.34,10781999
2025,4,1,2025-04,2019,1898,6284.58,11928133
2025,4,1,2025-04,2020,1127,7159.07,8068272
2025,4,1,2025-04,2021,729,6180.25,4505402
2025,4,1,2025-04,2022,1439,6135.72,8829301
2025,4,1,2025-04,2023,1635,7574.77,12384749
2025,4,1,2025-04,2024,1318,6756.38,8904909
2025,4,1,2025-04,2025,1037,5589.2,5796000
2025,4,1,2025-04,2026,1227,6602.85,8101697
2025,4,1,2025-04,2027,961,5331.99,5124042
2025,4,1,2025-04,2028,1674,4842.98,8107149
2025,4,1,2025-04,2029,1804,6191.87,11170133
2025,4,1,2025-04,2030,1183,7328.06,8669095
2025,4,1,2025-04,2031,1056,7352.62,7764367
2025,4,1,2025-04,2032,554,5265.96,2917342
2025,4,1,2025-04,2033,920,5896.39,5424679
2025,4,1,2025-04,2034,1096,4765.86,5223383
2025,4,1,2025-04,2035,1495,7625.87,11400676
2025,4,1,2025-04,2036,1874,7580.74,14206307
2025,4,1,2025-04,2037,1436,6347.78,9115412
2025,4,1,2025-04,2038,953,6884.27,6560709
2025,4,1,2025-04,2039,1109,6599.5,7318846
2025,4,1,2025-04,2040,390,6111.56,2383508
2025,4,1,2025-04,2041,1145,4190.4,4798008
2025,4,1,2025-04,2042,769,5636.94,4334807
2025,4,1,2025-04,2043,1692,6514.26,11022128
2025,4,1,2025-04,2044,730,6434.27,4697017
2025,4,1,2025-04,2045,1414,5405.78,7643773
2025,4,1,2025-04,2046,1937,7350.88,14238655
2025,4,1,2025-04,2047,1490,4630.53,6899490
2025,4,1,2025-04,2048,504,5865.69,2956308
2025,4,1,2025-04,2049,690,6519.84,4498690
2025,4,1,2025-04,2050,1717,6514.06,11184641
2025,4,1,2025-04,2051,1955,6354.04,12422148
2025,4,1,2025-04,2052,794,5113.11,4059809
2025,4,1,2025-04,2053,2122,4677.51,9925676
2025,4,1,2025-04,2054,2051,6296.98,12915106
2025,4,1,2025-04,2055,1110,6173.3,6852363
2025,4,1,2025-04,2056,762,4711.05,3589820
2025,4,1,2025-04,2057,1449,6612.59,9581643
2025,4,1,2025-04,2058,1949,5768.57,11242943
2025,4,1,2025-04,2059,796,6357.08,5060236
2025,4,1,2025-04,2060,2090,7039.7,14712973
2025,4,1,2025-04,2061,1613,4616.06,7445705
2025,4,1,2025-04,2062,1376,4155.23,5717596
2025,4,1,2025-04,2063,727,6832.33,4967104
2025,4,1,2025-04,2064,1352,6255.01,8456774
2025,4,1,2025-04,2065,1410,6578.73,9276009
2025,4,1,2025-04,2066,1448,7076.18,10246309
2025,4,1,2025-04,2067,1940,6914.17,13413490
2025,4,1,2025-04,2068,1922,7498.97,14413020
2025,4,1,2025-04,2069,503,5900.54,2967972
2025,4,1,2025-04,2070,1838,5730.26,10532218
2025,4,1,2025-04,2071,1356,5524.58,7491330
2025,4,1,2025-04,2072,1078,4595.21,4953636
2025,4,1,2025-04,2073,903,6084.54,5494340
2025,4,1,2025-04,2074,1257,5016.57,6305828
2025,4,1,2025-04,2075,1624,7319.23,11886430
2025,4,1,2025-04,2076,1838,6124.66,11257125
2025,4,1,2025-04,2077,1504,6121.82,9207217
2025,4,1,2025-04,2078,1695,5332.89,9039249
2025,4,1,2025-04,2079,1054,4229.75,4458156
2025,4,1,2025-04,2080,1562,4173.22,6518570
2025,4,1,2025-04,2081,684,5578.36,3815598
2025,4,1,2025-04,2082,695,4264.85,2964071
2025,4,1,2025-04,2083,617,6258.84,3861704
2025,4,1,2025-04,2084,2014,7148.66,14397401
2025,5,1,2025-05,1,1836,7243.29,13298680
2025,5,1,2025-05,2,2199,4927.51,10835594
2025,5,1,2025-05,3,1453,4575.11,6647635
2025,5,1,2025-05,4,1890,5142.3,9718947
2025,5,1,2025-05,5,1694,4401.69,7456463
2025,5,1,2025-05,6,1770,6039.36,10689667
2025,5,1,2025-05,7,1450,7422.72,10762944
2025,5,1,2025-05,8,749,4354.32,3261386
2025,5,1,2025-05,9,1160,4573.25,5304970
2025,5,1,2025-05,10,2026,5760.72,11671219
2025,5,1,2025-05,11,820,7495.2,6146064
2025,5,1,2025-05,12,2276,5280,12017280
2025,5,1,2025-05,13,768,5989.62,4600028
2025,5,1,2025-05,14,1876,4199.26,7877812
2025,5,1,2025-05,15,1796,4707.59,8454832
2025,5,1,2025-05,16,1601,7724.52,12366957
2025,5,1,2025-05,17,901,7604.3,6851474
2025,5,1,2025-05,18,1976,4206.11,8311273
2025,5,1,2025-05,19,1522,7541.2,11477706
2025,5,1,2025-05,20,925,6403.34,5923090
2025,5,1,2025-05,21,2156,7274,15682744
2025,5,1,2025-05,22,1478,5753.75,8504042
2025,5,1,2025-05,23,960,5966.9,5728224
2025,5,1,2025-05,24,1828,5900.01,10785218
2025,5,1,2025-05,25,1814,6490.38,11773549
2025,5,1,2025-05,26,871,4683.1,4078980
2025,5,1,2025-05,27,1918,4267.42,8184912
2025,5,1,2025-05,28,1134,5325.37,6038970
2025,5,1,2025-05,29,2032,6618.61,13449016
2025,5,1,2025-05,30,836,4891.05,4088918
2025,5,1,2025-05,31,1035,6557.76,6787282
2025,5,1,2025-05,32,1353,7667.06,10373532
2025,5,1,2025-05,33,1642,4552.44,7475106
2025,5,1,2025-05,34,1128,6540.54,7377729
2025,5,1,2025-05,35,1930,5742.27,11082581
2025,5,1,2025-05,36,1260,7233.26,9113908
2025,5,1,2025-05,37,2215,4829.48,10697298
2025,5,1,2025-05,38,1538,6659.58,10242434
2025,5,1,2025-05,39,1919,7133.72,13689609
2025,5,1,2025-05,40,939,7480.6,7024283
2025,5,1,2025-05,41,1599,6573.53,10511074
2025,5,1,2025-05,42,1291,6004.22,7751448
2025,5,1,2025-05,43,1763,6337.21,11172501
2025,5,1,2025-05,44,1077,7236.72,7793947
2025,5,1,2025-05,45,1825,6160.64,11243168
2025,5,1,2025-05,46,1598,4287.67,6851697
2025,5,1,2025-05,47,1670,7443.38,12430445
2025,5,1,2025-05,48,1173,6654.37,7805576
2025,5,1,2025-05,49,734,6583.13,4832017
2025,5,1,2025-05,50,1567,4933.97,7731531
2025,5,1,2025-05,51,823,6545.93,5387300
2025,5,1,2025-05,52,1867,5553.12,10367675
2025,5,1,2025-05,53,1120,6543.71,7328955
2025,5,1,2025-05,54,1274,4530.58,5771959
2025,5,1,2025-05,55,941,6454.33,6073525
2025,5,1,2025-05,56,574,7718.51,4430425
2025,5,1,2025-05,57,952,4274.29,4069124
2025,5,1,2025-05,58,1419,7698.94,10924796
2025,5,1,2025-05,59,2091,5619.61,11750605
2025,5,1,2025-05,60,1363,7238.43,9865980
2025,5,1,2025-05,61,1721,6982.7,12017227
2025,5,1,2025-05,62,2163,6187.38,13383303
2025,5,1,2025-05,63,693,6787.12,4703474
2025,5,1,2025-05,64,1922,7256.02,13946070
2025,5,1,2025-05,65,1579,5595.85,8835847
2025,5,1,2025-05,66,2147,5253.89,11280102
2025,5,1,2025-05,67,2260,6606.66,14931052
2025,5,1,2025-05,68,1161,6974.72,8097650
2025,5,1,2025-05,69,1565,6912.98,10818814
2025,5,1,2025-05,70,708,6970.64,4935213
2025,5,1,2025-05,71,894,5709.84,5104597
2025,5,1,2025-05,72,1960,7117.54,13950378
2025,5,1,2025-05,73,2250,4638.35,10436288
2025,5,1,2025-05,74,1540,6193.7,9538298
2025,5,1,2025-05,75,1705,4235.24,7221084
2025,5,1,2025-05,76,2071,5292.15,10960043
2025,5,1,2025-05,77,1052,5437.88,5720650
2025,5,1,2025-05,78,1863,5595.14,10423746
2025,5,1,2025-05,79,2156,6647.1,14331148
2025,5,1,2025-05,80,1479,5534.97,8186221
2025,5,1,2025-05,81,946,5707.41,5399210
2025,5,1,2025-05,82,1464,5016.3,7343863
2025,5,1,2025-05,83,653,5476.07,3575874
2025,5,1,2025-05,84,892,5018.98,4476930
2025,5,1,2025-05,85,1578,4484.92,7077204
2025,5,1,2025-05,86,869,6255.89,5436368
2025,5,1,2025-05,87,1573,6538.71,10285391
2025,5,1,2025-05,88,1606,6357.49,10210129
2025,5,1,2025-05,89,1196,5820.07,6960804
2025,5,1,2025-05,90,1969,5498.32,10826192
2025,5,1,2025-05,91,1953,7273.58,14205302
2025,5,1,2025-05,92,1463,5987.31,8759435
2025,5,1,2025-05,93,906,5910.9,5355275
2025,5,1,2025-05,94,1397,4239.64,5922777
2025,5,1,2025-05,95,950,5404.49,5134266
2025,5,1,2025-05,96,1649,5461.35,9005766
2025,5,1,2025-05,97,1396,5574.75,7782351
2025,5,1,2025-05,98,1554,6254.56,9719586
2025,5,1,2025-05,99,1006,6070.61,6107034
2025,5,1,2025-05,100,1472,6273.5,9234592
2025,5,1,2025-05,101,622,6899.08,4291228
2025,5,1,2025-05,102,940,6933.02,6517039
2025,5,1,2025-05,103,1190,6643.17,7905372
2025,5,1,2025-05,104,1652,7560.39,12489764
2025,5,1,2025-05,105,1757,4169.13,7325161
2025,5,1,2025-05,106,796,4858.32,3867223
2025,5,1,2025-05,107,689,4116.09,2835986
2025,5,1,2025-05,108,1201,6558.53,7876795
2025,5,1,2025-05,109,1825,7329.42,13376192
2025,5,1,2025-05,110,1748,5082.78,8884699
2025,5,1,2025-05,111,1342,7471.41,10026632
2025,5,1,2025-05,112,2134,4374.37,9334906
2025,5,1,2025-05,113,1830,7480.76,13689791
2025,5,1,2025-05,114,1909,5455.15,10413881
2025,5,1,2025-05,115,1535,4549.47,6983436
2025,5,1,2025-05,116,1033,5889.53,6083884
2025,5,1,2025-05,117,992,5080.13,5039489
2025,5,1,2025-05,118,1048,5235.82,5487139
2025,5,1,2025-05,119,1114,5255.31,5854415
2025,5,1,2025-05,120,846,7021.88,5940510
2025,5,1,2025-05,121,1762,6035.37,10634322
2025,5,1,2025-05,122,567,5274.04,2990381
2025,5,1,2025-05,123,1738,6338.58,11016452
2025,5,1,2025-05,124,779,6764.79,5269771
2025,5,1,2025-05,125,810,5151.44,4172666
2025,5,1,2025-05,126,1370,5658.97,7752789
2025,5,1,2025-05,127,1759,4648.14,8176078
2025,5,1,2025-05,128,1649,4758.01,7845958
2025,5,1,2025-05,129,1716,6615.75,11352627
2025,5,1,2025-05,130,1141,4735.7,5403434
2025,5,1,2025-05,131,968,5952.74,5762252
2025,5,1,2025-05,132,1457,6661.9,9706388
2025,5,1,2025-05,133,902,4524.02,4080666
2025,5,1,2025-05,134,1153,6102.14,7035767
2025,5,1,2025-05,135,1384,5035.7,6969409
2025,5,1,2025-05,136,1805,7574.69,13672315
2025,5,1,2025-05,137,1036,5847.04,6057533
2025,5,1,2025-05,138,2071,7079.77,14662204
2025,5,1,2025-05,139,1379,6156.7,8490089
2025,5,1,2025-05,140,1425,4301.08,6129039
2025,5,1,2025-05,141,1705,6442.33,10984173
2025,5,1,2025-05,142,1049,7563.07,7933660
2025,5,1,2025-05,143,1344,6229.74,8372771
2025,5,1,2025-05,144,1011,7134.43,7212909
2025,5,1,2025-05,145,1566,7340.92,11495881
2025,5,1,2025-05,146,1325,4948.29,6556484
2025,5,1,2025-05,147,936,5005.37,4685026
2025,5,1,2025-05,148,880,6307.56,5550653
2025,5,1,2025-05,149,1826,5585.74,10199561
2025,5,1,2025-05,150,1516,7192.5,10903830
2025,5,1,2025-05,151,2323,7342.89,17057533
2025,5,1,2025-05,152,1507,5439.14,8196784
2025,5,1,2025-05,153,1399,4899.66,6854624
2025,5,1,2025-05,154,1847,6955.78,12847326
2025,5,1,2025-05,155,1266,5140.49,6507860
2025,5,1,2025-05,156,1820,7135.28,12986210
2025,5,1,2025-05,157,823,5620.28,4625490
2025,5,1,2025-05,158,1037,6570.78,6813899
2025,5,1,2025-05,159,2096,4491.19,9413534
2025,5,1,2025-05,160,795,6406.06,5092818
2025,5,1,2025-05,161,1390,5762.4,8009736
2025,5,1,2025-05,162,1962,6240.59,12244038
2025,5,1,2025-05,163,1147,4751.55,5450028
2025,5,1,2025-05,164,1786,6783.57,12115456
2025,5,1,2025-05,165,1337,7148.62,9557705
2025,5,1,2025-05,166,1851,4926.77,9119451
2025,5,1,2025-05,167,1861,4461.51,8302870
2025,5,1,2025-05,168,1993,4241.08,8452472
2025,5,1,2025-05,169,1016,6528.86,6633322
2025,5,1,2025-05,170,1376,6378.45,8776747
2025,5,1,2025-05,171,1084,6128.93,6643760
2025,5,1,2025-05,172,1693,4914.1,8319571
2025,5,1,2025-05,173,1413,5514.77,7792370
2025,5,1,2025-05,174,1477,6257.85,9242844
2025,5,1,2025-05,175,1942,5972,11597624
2025,5,1,2025-05,176,2200,7705.85,16952870
2025,5,1,2025-05,177,2041,4706.68,9606334
2025,5,1,2025-05,178,2302,6661.35,15334428
2025,5,1,2025-05,179,2204,5631.97,12412862
2025,5,1,2025-05,180,1867,5701.66,10644999
2025,5,1,2025-05,181,751,6729.58,5053915
2025,5,1,2025-05,182,1968,6555.01,12900260
2025,5,1,2025-05,183,2098,7676.45,16105192
2025,5,1,2025-05,184,2096,4652.59,9751829
2025,5,1,2025-05,185,1926,4597.5,8854785
2025,5,1,2025-05,186,1332,6725.71,8958646
2025,5,1,2025-05,187,1563,6266.63,9794743
2025,5,1,2025-05,188,1666,5111.52,8515792
2025,5,1,2025-05,189,2081,4423.77,9205865
2025,5,1,2025-05,190,2176,4363.14,9494193
2025,5,1,2025-05,191,1210,7406.7,8962107
2025,5,1,2025-05,192,2178,4857.14,10578851
2025,5,1,2025-05,193,2050,5281.15,10826358
2025,5,1,2025-05,194,1169,5045.69,5898412
2025,5,1,2025-05,195,736,5420.16,3989238
2025,5,1,2025-05,196,2089,4468.52,9334738
2025,5,1,2025-05,197,2044,5948.6,12158938
2025,5,1,2025-05,198,1234,4452.55,5494447
2025,5,1,2025-05,199,1285,7057.95,9069466
2025,5,1,2025-05,200,2096,4987.94,10454722
2025,5,1,2025-05,201,2199,6067.3,13341993
2025,5,1,2025-05,202,1906,7263.48,13844193
2025,5,1,2025-05,203,1723,6531.05,11252999
2025,5,1,2025-05,204,1243,6029.19,7494283
2025,5,1,2025-05,205,1061,5212.08,5530017
2025,5,1,2025-05,206,1813,5399.57,9789420
2025,5,1,2025-05,207,2089,6560.87,13705657
2025,5,1,2025-05,208,2062,7695.73,15868595
2025,5,1,2025-05,209,1712,6505.7,11137758
2025,5,1,2025-05,210,1372,6257.85,8585770
2025,5,1,2025-05,211,1832,6753.52,12372449
2025,5,1,2025-05,212,1211,5802.08,7026319
2025,5,1,2025-05,213,707,4357.99,3081099
2025,5,1,2025-05,214,757,6133.84,4643317
2025,5,1,2025-05,215,1270,7559.58,9600667
2025,5,1,2025-05,216,703,4797.42,3372586
2025,5,1,2025-05,217,1410,6599.95,9305930
2025,5,1,2025-05,218,2107,4792.5,10097798
2025,5,1,2025-05,219,1006,6008.42,6044471
2025,5,1,2025-05,220,2044,4529.04,9257358
2025,5,1,2025-05,221,1909,5711.64,10903521
2025,5,1,2025-05,222,1672,6875.92,11496538
2025,5,1,2025-05,223,1701,5453.89,9277067
2025,5,1,2025-05,224,2130,6555.59,13963407
2025,5,1,2025-05,225,973,7002.51,6813442
2025,5,1,2025-05,226,1359,7469.84,10151513
2025,5,1,2025-05,227,2070,5000.46,10350952
2025,5,1,2025-05,228,917,5579.73,5116612
2025,5,1,2025-05,229,1885,4648.35,8762140
2025,5,1,2025-05,230,725,7693.29,5577635
2025,5,1,2025-05,231,1126,7506.45,8452263
2025,5,1,2025-05,232,1540,6133.43,9445482
2025,5,1,2025-05,233,1177,7153.05,8419140
2025,5,1,2025-05,234,831,6038.94,5018359
2025,5,1,2025-05,235,1840,6401.81,11779330
2025,5,1,2025-05,236,1067,4480.53,4780726
2025,5,1,2025-05,237,1872,6860.73,12843287
2025,5,1,2025-05,238,1371,4621.48,6336049
2025,5,1,2025-05,239,859,7102.97,6101451
2025,5,1,2025-05,240,1356,6948.21,9421773
2025,5,1,2025-05,241,1808,6720.58,12150809
2025,5,1,2025-05,242,1653,4249.6,7024589
2025,5,1,2025-05,243,765,5180.25,3962891
2025,5,1,2025-05,244,2077,5064.89,10519777
2025,5,1,2025-05,245,1081,5432.87,5872932
2025,5,1,2025-05,246,2296,4471.41,10266357
2025,5,1,2025-05,247,1376,7511.72,10336127
2025,5,1,2025-05,248,1493,6106.74,9117363
2025,5,1,2025-05,249,1535,5327.96,8178419
2025,5,1,2025-05,250,1102,5600,6171200
2025,5,1,2025-05,251,2007,5737.46,11515082
2025,5,1,2025-05,252,690,6284.47,4336284
2025,5,1,2025-05,253,1836,5991.13,10999715
2025,5,1,2025-05,254,1737,7470.05,12975477
2025,5,1,2025-05,255,1034,5994.74,6198561
2025,5,1,2025-05,256,1449,7771.53,11260947
2025,5,1,2025-05,257,985,7230.01,7121560
2025,5,1,2025-05,258,683,4863.95,3322078
2025,5,1,2025-05,259,1685,7542.81,12709635
2025,5,1,2025-05,260,1415,4564.39,6458612
2025,5,1,2025-05,261,1354,7073.45,9577451
2025,5,1,2025-05,262,817,5519.28,4509252
2025,5,1,2025-05,263,2023,7262.47,14691977
2025,5,1,2025-05,264,1928,7252.78,13983360
2025,5,1,2025-05,265,898,7000.33,6286296
2025,5,1,2025-05,266,876,7027.94,6156475
2025,5,1,2025-05,267,1171,5190.53,6078111
2025,5,1,2025-05,268,1488,4515.23,6718662
2025,5,1,2025-05,269,1719,5621.67,9663651
2025,5,1,2025-05,270,1473,4785.02,7048334
2025,5,1,2025-05,271,719,6607.87,4751059
2025,5,1,2025-05,272,1453,5473.16,7952501
2025,5,1,2025-05,273,1905,7719.38,14705419
2025,5,1,2025-05,274,1003,6454.71,6474074
2025,5,1,2025-05,275,1002,7051.76,7065864
2025,5,1,2025-05,276,1659,4603.1,7636543
2025,5,1,2025-05,277,1663,7232.73,12028030
2025,5,1,2025-05,278,1642,7417.27,12179157
2025,5,1,2025-05,279,853,5892.12,5025978
2025,5,1,2025-05,280,1996,6281.68,12538233
2025,5,1,2025-05,281,1842,6870.13,12654779
2025,5,1,2025-05,282,1388,4797.06,6658319
2025,5,1,2025-05,283,815,5936.29,4838076
2025,5,1,2025-05,284,1558,5557.98,8659333
2025,5,1,2025-05,285,1150,4669.63,5370074
2025,5,1,2025-05,286,898,5438.19,4883495
2025,5,1,2025-05,287,796,4373.26,3481115
2025,5,1,2025-05,288,1966,4355.85,8563601
2025,5,1,2025-05,289,1330,4611.65,6133494
2025,5,1,2025-05,290,1088,7611.79,8281628
2025,5,1,2025-05,291,2119,6077.03,12877227
2025,5,1,2025-05,292,2251,7524.46,16937559
2025,5,1,2025-05,293,810,5667.26,4590481
2025,5,1,2025-05,294,931,5267.19,4903754
2025,5,1,2025-05,295,1885,5930.53,11179049
2025,5,1,2025-05,296,1935,5651.19,10935053
2025,5,1,2025-05,297,1048,4514.19,4730871
2025,5,1,2025-05,298,2020,6447.01,13022960
2025,5,1,2025-05,299,854,4959.95,4235797
2025,5,1,2025-05,300,885,6365.16,5633167
2025,5,1,2025-05,301,1734,6442.12,11170636
2025,5,1,2025-05,302,1357,4750.87,6446931
2025,5,1,2025-05,303,1074,4461.53,4791683
2025,5,1,2025-05,304,1535,6955.77,10677107
2025,5,1,2025-05,305,1955,5862.73,11461637
2025,5,1,2025-05,306,1657,4396.97,7285779
2025,5,1,2025-05,307,935,7795.73,7289008
2025,5,1,2025-05,308,1329,4369.77,5807424
2025,5,1,2025-05,309,1139,6678.21,7606481
2025,5,1,2025-05,310,1939,7729.33,14987171
2025,5,1,2025-05,311,1553,5013.75,7786354
2025,5,1,2025-05,312,1995,4697.61,9371732
2025,5,1,2025-05,313,1840,4594.87,8454561
2025,5,1,2025-05,314,1932,5210.31,10066319
2025,5,1,2025-05,315,1094,4455.12,4873901
2025,5,1,2025-05,316,1324,6683.17,8848517
2025,5,1,2025-05,317,1625,4449.46,7230372
2025,5,1,2025-05,318,1300,5968.78,7759414
2025,5,1,2025-05,319,874,7678.21,6710756
2025,5,1,2025-05,320,1591,7088.3,11277485
2025,5,1,2025-05,321,1157,6371.83,7372207
2025,5,1,2025-05,322,2059,5182.58,10670932
2025,5,1,2025-05,323,1578,6448.54,10175796
2025,5,1,2025-05,324,1521,6010.69,9142259
2025,5,1,2025-05,325,742,5664.86,4203326
2025,5,1,2025-05,326,898,4593.09,4124595
2025,5,1,2025-05,327,1972,7276.46,14349179
2025,5,1,2025-05,328,1120,5675.3,6356336
2025,5,1,2025-05,329,1178,4859.37,5724338
2025,5,1,2025-05,330,2067,5418.82,11200701
2025,5,1,2025-05,331,614,5664.31,3477886
2025,5,1,2025-05,332,677,7110.65,4813910
2025,5,1,2025-05,333,2002,6770.48,13554501
2025,5,1,2025-05,334,1714,6891.15,11811431
2025,5,1,2025-05,335,830,4219.35,3502061
2025,5,1,2025-05,336,1524,5647.61,8606958
2025,5,1,2025-05,337,1637,5934.6,9714940
2025,5,1,2025-05,338,1107,4188.93,4637146
2025,5,1,2025-05,339,1832,5175.99,9482414
2025,5,1,2025-05,340,1347,6942.19,9351130
2025,5,1,2025-05,341,1490,4699.1,7001659
2025,5,1,2025-05,342,1207,6057.67,7311608
2025,5,1,2025-05,343,1927,4965.53,9568576
2025,5,1,2025-05,344,1748,4225.94,7386943
2025,5,1,2025-05,345,662,4985.92,3300679
2025,5,1,2025-05,346,1792,7603.61,13625669
2025,5,1,2025-05,347,1874,7011.78,13140076
2025,5,1,2025-05,348,1058,7508.64,7944141
2025,5,1,2025-05,349,1273,5866.73,7468347
2025,5,1,2025-05,350,1719,4529.7,7786554
2025,5,1,2025-05,351,2144,6130.27,13143299
2025,5,1,2025-05,352,1255,5794.86,7272549
2025,5,1,2025-05,353,510,7094.71,3618302
2025,5,1,2025-05,354,1661,4574.41,7598095
2025,5,1,2025-05,355,765,5840.41,4467914
2025,5,1,2025-05,356,2034,4618.77,9394578
2025,5,1,2025-05,357,1298,5346.25,6939432
2025,5,1,2025-05,358,1030,6841.93,7047188
2025,5,1,2025-05,359,857,5860.87,5022766
2025,5,1,2025-05,360,1180,5521.28,6515110
2025,5,1,2025-05,361,1588,5597.86,8889402
2025,5,1,2025-05,362,1418,5798.93,8222883
2025,5,1,2025-05,363,1650,6975.98,11510367
2025,5,1,2025-05,364,1820,7320.84,13323929
2025,5,1,2025-05,365,835,7557.81,6310771
2025,5,1,2025-05,366,926,6999.25,6481306
2025,5,1,2025-05,367,1607,5338.92,8579644
2025,5,1,2025-05,368,1603,6604.27,10586645
2025,5,1,2025-05,369,1804,5680.54,10247694
2025,5,1,2025-05,370,2093,5186.51,10855365
2025,5,1,2025-05,371,1958,7171.65,14042091
2025,5,1,2025-05,372,1047,4215.79,4413932
2025,5,1,2025-05,373,752,7352.63,5529178
2025,5,1,2025-05,374,1056,5702.17,6021492
2025,5,1,2025-05,375,1516,6440.05,9763116
2025,5,1,2025-05,376,2231,6519.24,14544424
2025,5,1,2025-05,377,1073,7354.43,7891303
2025,5,1,2025-05,378,1282,6412.55,8220889
2025,5,1,2025-05,379,1741,6345.6,11047690
2025,5,1,2025-05,380,1355,4422.91,5993043
2025,5,1,2025-05,381,1516,6051.94,9174741
2025,5,1,2025-05,382,879,4682.55,4115961
2025,5,1,2025-05,383,1141,6803.66,7762976
2025,5,1,2025-05,384,2150,6019.44,12941796
2025,5,1,2025-05,385,1596,6640.57,10598350
2025,5,1,2025-05,386,1608,4281.62,6884845
2025,5,1,2025-05,387,2152,4538.8,9767498
2025,5,1,2025-05,388,1003,6755.85,6776118
2025,5,1,2025-05,389,1655,4413.8,7304839
2025,5,1,2025-05,390,1951,4409.12,8602193
2025,5,1,2025-05,391,2225,4209.29,9365670
2025,5,1,2025-05,392,1420,7525.42,10686096
2025,5,1,2025-05,393,1156,6754.88,7808641
2025,5,1,2025-05,394,1839,5363.92,9864249
2025,5,1,2025-05,395,942,5240.75,4936786
2025,5,1,2025-05,396,1501,5396.64,8100357
2025,5,1,2025-05,397,1167,6939.68,8098607
2025,5,1,2025-05,398,1459,6559.55,9570383
2025,5,1,2025-05,399,680,4860.69,3305269
2025,5,1,2025-05,400,1456,4692.78,6832688
2025,5,1,2025-05,401,594,4496.21,2670749
2025,5,1,2025-05,402,892,6453.74,5756736
2025,5,1,2025-05,403,1188,6857.59,8146817
2025,5,1,2025-05,404,928,5007.8,4647238
2025,5,1,2025-05,405,1406,4271.72,6006038
2025,5,1,2025-05,406,1414,4372.42,6182602
2025,5,1,2025-05,407,1006,7566.21,7611607
2025,5,1,2025-05,408,1739,5170.96,8992299
2025,5,1,2025-05,409,1769,6946.8,12288889
2025,5,1,2025-05,410,2027,6392.13,12956848
2025,5,1,2025-05,411,1792,5492.7,9842918
2025,5,1,2025-05,412,1402,4840.03,6785722
2025,5,1,2025-05,413,1482,4606.46,6826774
2025,5,1,2025-05,414,663,6274.9,4160259
2025,5,1,2025-05,415,1291,6883.49,8886586
2025,5,1,2025-05,416,1674,6535.08,10939724
2025,5,1,2025-05,417,1622,6094.84,9885830
2025,5,1,2025-05,418,484,4242.13,2053191
2025,5,1,2025-05,419,858,7672.97,6583408
2025,5,1,2025-05,420,1436,7008.3,10063919
2025,5,1,2025-05,421,1958,5237.1,10254242
2025,5,1,2025-05,422,783,7673.84,6008617
2025,5,1,2025-05,423,1368,6297.36,8614788
2025,5,1,2025-05,424,1647,6244.85,10285268
2025,5,1,2025-05,425,1795,6882.42,12353944
2025,5,1,2025-05,426,1730,7129.33,12333741
2025,5,1,2025-05,427,1265,6513.3,8239324
2025,5,1,2025-05,428,1239,4576.75,5670593
2025,5,1,2025-05,429,1497,5363.07,8028516
2025,5,1,2025-05,430,994,7566.84,7521439
2025,5,1,2025-05,431,1734,4992.22,8656509
2025,5,1,2025-05,432,1551,5521.29,8563521
2025,5,1,2025-05,433,445,5711.66,2541689
2025,5,1,2025-05,434,1904,5761.87,10970600
2025,5,1,2025-05,435,1755,6331.65,11112046
2025,5,1,2025-05,436,1476,7541.33,11131003
2025,5,1,2025-05,437,1485,4974.61,7387296
2025,5,1,2025-05,438,1800,4532.7,8158860
2025,5,1,2025-05,439,1626,4818.42,7834751
2025,5,1,2025-05,440,2085,7379.77,15386820
2025,5,1,2025-05,441,737,6406.42,4721532
2025,5,1,2025-05,442,1336,5270.6,7041522
2025,5,1,2025-05,443,1494,7111.4,10624432
2025,5,1,2025-05,444,1532,7276.76,11147996
2025,5,1,2025-05,445,1326,7120.67,9442008
2025,5,1,2025-05,446,898,7414.93,6658607
2025,5,1,2025-05,447,851,5072.01,4316281
2025,5,1,2025-05,448,1287,6854.97,8822346
2025,5,1,2025-05,449,1589,5862.22,9315068
2025,5,1,2025-05,450,1437,7144.76,10267020
2025,5,1,2025-05,451,833,6800.65,5664941
2025,5,1,2025-05,452,1407,6976.41,9815809
2025,5,1,2025-05,453,1667,6509.59,10851487
2025,5,1,2025-05,454,1751,4788.31,8384331
2025,5,1,2025-05,455,1407,6035.97,8492610
2025,5,1,2025-05,456,2092,7684.52,16076016
2025,5,1,2025-05,457,974,7543.8,7347661
2025,5,1,2025-05,458,1459,4280.92,6245862
2025,5,1,2025-05,459,1954,4690.89,9165999
2025,5,1,2025-05,460,2065,4600.91,9500879
2025,5,1,2025-05,461,1821,6738.72,12271209
2025,5,1,2025-05,462,1646,7103.76,11692789
2025,5,1,2025-05,463,1357,4925.17,6683456
2025,5,1,2025-05,464,1123,5926.89,6655897
2025,5,1,2025-05,465,1614,7060.31,11395340
2025,5,1,2025-05,466,1680,6836.76,11485757
2025,5,1,2025-05,467,1743,6026.76,10504643
2025,5,1,2025-05,468,1267,6252.06,7921360
2025,5,1,2025-05,469,1069,5966.44,6378124
2025,5,1,2025-05,470,2027,5134.54,10407713
2025,5,1,2025-05,471,1622,6103.8,9900364
2025,5,1,2025-05,472,2252,6513.2,14667726
2025,5,1,2025-05,473,2034,7313.76,14876188
2025,5,1,2025-05,474,1410,6414.35,9044234
2025,5,1,2025-05,475,2066,6866.53,14186251
2025,5,1,2025-05,476,1321,4727.96,6245635
2025,5,1,2025-05,477,1421,5724.77,8134898
2025,5,1,2025-05,478,1742,4105.66,7152060
2025,5,1,2025-05,479,897,5048.61,4528603
2025,5,1,2025-05,480,1614,6736.79,10873179
2025,5,1,2025-05,481,815,7614.62,6205915
2025,5,1,2025-05,482,2153,4517.35,9725855
2025,5,1,2025-05,483,1670,5600.12,9352200
2025,5,1,2025-05,484,1875,7041.34,13202512
2025,5,1,2025-05,485,1220,4904.02,5982904
2025,5,1,2025-05,486,1981,6155,12193055
2025,5,1,2025-05,487,1776,6766.35,12017038
2025,5,1,2025-05,488,1401,6397.24,8962533
2025,5,1,2025-05,489,1680,4858.84,8162851
2025,5,1,2025-05,490,1560,5407.07,8435029
2025,5,1,2025-05,491,932,6849.82,6384032
2025,5,1,2025-05,492,1630,6104.29,9949993
2025,5,1,2025-05,493,1678,4122.96,6918327
2025,5,1,2025-05,494,1135,6996.45,7940971
2025,5,1,2025-05,495,1919,4231.94,8121093
2025,5,1,2025-05,496,1776,6861.34,12185740
2025,5,1,2025-05,497,754,4807.58,3624915
2025,5,1,2025-05,498,886,7505.34,6649731
2025,5,1,2025-05,499,1043,5516.84,5754064
2025,5,1,2025-05,500,975,5296.3,5163892
2025,5,1,2025-05,501,1235,4792.64,5918910
2025,5,1,2025-05,502,2170,5317.95,11539952
2025,5,1,2025-05,503,1996,7266.9,14504732
2025,5,1,2025-05,504,1033,7646.27,7898597
2025,5,1,2025-05,505,778,5503.09,4281404
2025,5,1,2025-05,506,1102,5746.9,6333084
2025,5,1,2025-05,507,1579,6783.19,10710657
2025,5,1,2025-05,508,1360,7394.62,10056683
2025,5,1,2025-05,509,1882,6248.01,11758755
2025,5,1,2025-05,510,2188,5577.75,12204117
2025,5,1,2025-05,511,1413,5600.53,7913549
2025,5,1,2025-05,512,1195,6687.33,7991359
2025,5,1,2025-05,513,1625,4124.58,6702442
2025,5,1,2025-05,514,1792,6407.78,11482742
2025,5,1,2025-05,515,2103,5441.06,11442549
2025,5,1,2025-05,516,1238,6926.43,8574920
2025,5,1,2025-05,517,1591,4428.26,7045362
2025,5,1,2025-05,518,1553,6248.82,9704417
2025,5,1,2025-05,519,1104,5845.11,6453001
2025,5,1,2025-05,520,623,6339.06,3949234
2025,5,1,2025-05,521,1188,4310.53,5120910
2025,5,1,2025-05,522,1525,6167.73,9405788
2025,5,1,2025-05,523,715,6188.64,4424878
2025,5,1,2025-05,524,2182,6152.09,13423860
2025,5,1,2025-05,525,1471,6265.68,9216815
2025,5,1,2025-05,526,1551,6547.47,10155126
2025,5,1,2025-05,527,1063,7071.48,7516983
2025,5,1,2025-05,528,1471,5185.99,7628591
2025,5,1,2025-05,529,1535,7035.2,10799032
2025,5,1,2025-05,530,1962,5905.26,11586120
2025,5,1,2025-05,531,2240,4450.06,9968134
2025,5,1,2025-05,532,2130,4349.55,9264542
2025,5,1,2025-05,533,1763,5404.3,9527781
2025,5,1,2025-05,534,1811,6908.18,12510714
2025,5,1,2025-05,535,968,6660.56,6447422
2025,5,1,2025-05,536,926,6980.27,6463730
2025,5,1,2025-05,537,610,6001.78,3661086
2025,5,1,2025-05,538,2169,5710.9,12386942
2025,5,1,2025-05,539,1996,4692.86,9366949
2025,5,1,2025-05,540,1018,5357.17,5453599
2025,5,1,2025-05,541,1539,5680.8,8742751
2025,5,1,2025-05,542,770,4466.36,3439097
2025,5,1,2025-05,543,1168,4887.56,5708670
2025,5,1,2025-05,544,1645,6250.7,10282402
2025,5,1,2025-05,545,914,6741.68,6161896
2025,5,1,2025-05,546,1371,7722.1,10586999
2025,5,1,2025-05,547,1325,7481.95,9913584
2025,5,1,2025-05,548,1871,6500.37,12162192
2025,5,1,2025-05,549,1587,5620.24,8919321
2025,5,1,2025-05,550,1256,6399.55,8037835
2025,5,1,2025-05,551,934,6932.06,6474544
2025,5,1,2025-05,552,1154,4703.97,5428381
2025,5,1,2025-05,553,1694,5663,9593122
2025,5,1,2025-05,554,1414,7114.93,10060511
2025,5,1,2025-05,555,1636,5484.5,8972642
2025,5,1,2025-05,556,985,6140.39,6048284
2025,5,1,2025-05,557,2157,6283.53,13553574
2025,5,1,2025-05,558,2182,4894.2,10679144
2025,5,1,2025-05,559,1472,5469.48,8051075
2025,5,1,2025-05,560,1921,5341.84,10261675
2025,5,1,2025-05,561,2013,4206.86,8468409
2025,5,1,2025-05,562,1619,4292.05,6948829
2025,5,1,2025-05,563,1368,7107.74,9723388
2025,5,1,2025-05,564,2157,5168.08,11147549
2025,5,1,2025-05,565,1149,6082.25,6988505
2025,5,1,2025-05,566,1609,5177.8,8331080
2025,5,1,2025-05,567,957,7575.41,7249667
2025,5,1,2025-05,568,1393,5089.6,7089813
2025,5,1,2025-05,569,1713,5706.61,9775423
2025,5,1,2025-05,570,1674,7316.1,12247151
2025,5,1,2025-05,571,1615,7074.54,11425382
2025,5,1,2025-05,572,721,4852.14,3498393
2025,5,1,2025-05,573,1150,7032.65,8087548
2025,5,1,2025-05,574,1922,5830.73,11206663
2025,5,1,2025-05,575,733,5890.29,4317583
2025,5,1,2025-05,576,2080,4610.83,9590526
2025,5,1,2025-05,577,896,4424.48,3964334
2025,5,1,2025-05,578,916,6739.56,6173437
2025,5,1,2025-05,579,1556,5956.79,9268765
2025,5,1,2025-05,580,1463,5787.98,8467815
2025,5,1,2025-05,581,2097,6691.75,14032600
2025,5,1,2025-05,582,540,6846.38,3697045
2025,5,1,2025-05,583,1369,4698.48,6432219
2025,5,1,2025-05,584,1430,6245.95,8931708
2025,5,1,2025-05,585,2109,4587.77,9675607
2025,5,1,2025-05,586,1015,6809.39,6911531
2025,5,1,2025-05,587,1298,6510.33,8450408
2025,5,1,2025-05,588,1649,7584.75,12507253
2025,5,1,2025-05,589,930,4366.48,4060826
2025,5,1,2025-05,590,1081,4451.78,4812374
2025,5,1,2025-05,591,1000,5144.16,5144160
2025,5,1,2025-05,592,1911,5109.82,9764866
2025,5,1,2025-05,593,732,5046.39,3693957
2025,5,1,2025-05,594,1053,7412.19,7805036
2025,5,1,2025-05,595,931,5092.48,4741099
2025,5,1,2025-05,596,1378,5124.12,7061037
2025,5,1,2025-05,597,1447,6906.69,9993980
2025,5,1,2025-05,598,1915,5797.06,11101370
2025,5,1,2025-05,599,1372,6958.17,9546609
2025,5,1,2025-05,600,2021,4400.59,8893592
2025,5,1,2025-05,601,639,5847.88,3736795
2025,5,1,2025-05,602,1483,4236.78,6283145
2025,5,1,2025-05,603,1676,4301.08,7208610
2025,5,1,2025-05,604,1872,7440.2,13928054
2025,5,1,2025-05,605,1069,4656.7,4978012
2025,5,1,2025-05,606,1866,6107.57,11396726
2025,5,1,2025-05,607,1660,5567.35,9241801
2025,5,1,2025-05,608,1695,5398.07,9149729
2025,5,1,2025-05,609,2119,7341.21,15556024
2025,5,1,2025-05,610,2024,4195.81,8492319
2025,5,1,2025-05,611,1668,6488.29,10822468
2025,5,1,2025-05,612,955,7722.42,7374911
2025,5,1,2025-05,613,1674,6195.2,10370765
2025,5,1,2025-05,614,960,7473.69,7174742
2025,5,1,2025-05,615,1830,4293.06,7856300
2025,5,1,2025-05,616,1795,5627.47,10101309
2025,5,1,2025-05,617,1431,5160.44,7384590
2025,5,1,2025-05,618,797,6734.92,5367731
2025,5,1,2025-05,619,1877,7607.15,14278621
2025,5,1,2025-05,620,1208,5021.22,6065634
2025,5,1,2025-05,621,1876,6539.11,12267370
2025,5,1,2025-05,622,1964,4820.52,9467501
2025,5,1,2025-05,623,1885,6233.64,11750411
2025,5,1,2025-05,624,1258,5820.2,7321812
2025,5,1,2025-05,625,922,7666.29,7068319
2025,5,1,2025-05,626,1466,6391.53,9369983
2025,5,1,2025-05,627,1436,5376.81,7721099
2025,5,1,2025-05,628,1237,4598.94,5688889
2025,5,1,2025-05,629,1576,4695.66,7400360
2025,5,1,2025-05,630,1893,4975.37,9418375
2025,5,1,2025-05,631,1642,5160.61,8473722
2025,5,1,2025-05,632,1124,7191.77,8083549
2025,5,1,2025-05,633,1514,6204.43,9393507
2025,5,1,2025-05,634,1945,6106.67,11877473
2025,5,1,2025-05,635,1719,4540.51,7805137
2025,5,1,2025-05,636,1608,7188,11558304
2025,5,1,2025-05,637,1762,6730.68,11859458
2025,5,1,2025-05,638,918,4356.33,3999111
2025,5,1,2025-05,639,1976,6663.68,13167432
2025,5,1,2025-05,640,1593,6077.78,9681904
2025,5,1,2025-05,641,1484,4440.26,6589346
2025,5,1,2025-05,642,1250,5749.82,7187275
2025,5,1,2025-05,643,1591,5898.98,9385277
2025,5,1,2025-05,644,745,4728.71,3522889
2025,5,1,2025-05,645,2146,7519.9,16137705
2025,5,1,2025-05,646,1953,7220.35,14101344
2025,5,1,2025-05,647,1111,6559.17,7287238
2025,5,1,2025-05,648,1796,5859.39,10523464
2025,5,1,2025-05,649,2155,5683.52,12247986
2025,5,1,2025-05,650,900,6464.18,5817762
2025,5,1,2025-05,651,1184,6111.26,7235732
2025,5,1,2025-05,652,2013,4394.88,8846893
2025,5,1,2025-05,653,984,5960.16,5864797
2025,5,1,2025-05,654,2111,6993.37,14763004
2025,5,1,2025-05,655,1778,5831.08,10367660
2025,5,1,2025-05,656,1674,4394.72,7356761
2025,5,1,2025-05,657,1869,6927.78,12948021
2025,5,1,2025-05,658,2061,4887.1,10072313
2025,5,1,2025-05,659,1128,5051.82,5698453
2025,5,1,2025-05,660,1564,4719.61,7381470
2025,5,1,2025-05,661,1796,5319.12,9553140
2025,5,1,2025-05,662,884,6892.62,6093076
2025,5,1,2025-05,663,828,6031.47,4994057
2025,5,1,2025-05,664,1662,4929.57,8192945
2025,5,1,2025-05,665,851,7294.94,6207994
2025,5,1,2025-05,666,1868,7235.4,13515727
2025,5,1,2025-05,667,2103,7321.59,15397304
2025,5,1,2025-05,668,615,5050.44,3106021
2025,5,1,2025-05,669,1107,5669.03,6275616
2025,5,1,2025-05,670,1500,7661.26,11491890
2025,5,1,2025-05,671,1903,6908.35,13146590
2025,5,1,2025-05,672,1620,4280.9,6935058
2025,5,1,2025-05,673,1113,4429.35,4929867
2025,5,1,2025-05,674,1048,5835.86,6115981
2025,5,1,2025-05,675,1470,7400.13,10878191
2025,5,1,2025-05,676,1436,6022.75,8648669
2025,5,1,2025-05,677,2117,6029.77,12765023
2025,5,1,2025-05,678,1643,4604.68,7565489
2025,5,1,2025-05,679,1157,6552.25,7580953
2025,5,1,2025-05,680,973,7160.57,6967235
2025,5,1,2025-05,681,861,5470.28,4709911
2025,5,1,2025-05,682,1145,6958.64,7967643
2025,5,1,2025-05,683,1799,7636.88,13738747
2025,5,1,2025-05,684,1812,4800.47,8698452
2025,5,1,2025-05,685,2236,6048.58,13524625
2025,5,1,2025-05,686,1569,5147.17,8075910
2025,5,1,2025-05,687,1497,7010.66,10494958
2025,5,1,2025-05,688,1684,6255.59,10534414
2025,5,1,2025-05,689,1538,6422.78,9878236
2025,5,1,2025-05,690,805,7051.46,5676425
2025,5,1,2025-05,691,713,5616.98,4004907
2025,5,1,2025-05,692,1477,7380.29,10900688
2025,5,1,2025-05,693,1400,5982.29,8375206
2025,5,1,2025-05,694,685,4662.45,3193778
2025,5,1,2025-05,695,1544,6727.56,10387353
2025,5,1,2025-05,696,1920,6938.09,13321133
2025,5,1,2025-05,697,843,5275.29,4447069
2025,5,1,2025-05,698,1492,7221.54,10774538
2025,5,1,2025-05,699,2165,7346.72,15905649
2025,5,1,2025-05,700,853,5134.38,4379626
2025,5,1,2025-05,701,1440,7574.33,10907035
2025,5,1,2025-05,702,1807,4711.9,8514403
2025,5,1,2025-05,703,2173,4907.04,10662998
2025,5,1,2025-05,704,1971,4882.19,9622796
2025,5,1,2025-05,705,2003,7332.13,14686256
2025,5,1,2025-05,706,886,6477.81,5739340
2025,5,1,2025-05,707,1853,4712.26,8731818
2025,5,1,2025-05,708,1955,5709.25,11161584
2025,5,1,2025-05,709,1781,6323.16,11261548
2025,5,1,2025-05,710,2200,4369,9611800
2025,5,1,2025-05,711,2115,7391.48,15632980
2025,5,1,2025-05,712,2016,6987.9,14087606
2025,5,1,2025-05,713,1518,5954.76,9039326
2025,5,1,2025-05,714,1209,7591.03,9177555
2025,5,1,2025-05,715,1682,5641.91,9489693
2025,5,1,2025-05,716,1752,7634.97,13376467
2025,5,1,2025-05,717,2126,6525.42,13873043
2025,5,1,2025-05,718,1267,6508.16,8245839
2025,5,1,2025-05,719,1449,4782.76,6930219
2025,5,1,2025-05,720,1791,7249.73,12984266
2025,5,1,2025-05,721,664,5660.77,3758751
2025,5,1,2025-05,722,1635,4681.01,7653451
2025,5,1,2025-05,723,2152,4134.35,8897121
2025,5,1,2025-05,724,1270,6198.62,7872247
2025,5,1,2025-05,725,896,6031.43,5404161
2025,5,1,2025-05,726,1690,6784.85,11466396
2025,5,1,2025-05,727,1973,7295.63,14394278
2025,5,1,2025-05,728,1982,4490.62,8900409
2025,5,1,2025-05,729,1233,6769.72,8347065
2025,5,1,2025-05,730,777,4824.36,3748528
2025,5,1,2025-05,731,1071,7266.17,7782068
2025,5,1,2025-05,732,1914,7093.86,13577648
2025,5,1,2025-05,733,1756,6098.94,10709739
2025,5,1,2025-05,734,1325,6722.86,8907790
2025,5,1,2025-05,735,1441,5170.09,7450100
2025,5,1,2025-05,736,1585,5866.91,9299052
2025,5,1,2025-05,737,642,7066.4,4536629
2025,5,1,2025-05,738,1412,5745.52,8112674
2025,5,1,2025-05,739,1272,5408.04,6879027
2025,5,1,2025-05,740,1710,5886.67,10066206
2025,5,1,2025-05,741,1714,7184.77,12314696
2025,5,1,2025-05,742,1790,5315.25,9514298
2025,5,1,2025-05,743,1667,4801.21,8003617
2025,5,1,2025-05,744,1101,6724.57,7403752
2025,5,1,2025-05,745,1442,7087.43,10220074
2025,5,1,2025-05,746,1438,4486.53,6451630
2025,5,1,2025-05,747,1562,5012.08,7828869
2025,5,1,2025-05,748,1659,4625.49,7673688
2025,5,1,2025-05,749,1770,5364.13,9494510
2025,5,1,2025-05,750,1029,5811,5979519
2025,5,1,2025-05,751,1398,6908.96,9658726
2025,5,1,2025-05,752,889,6482.38,5762836
2025,5,1,2025-05,753,1351,6313.24,8529187
2025,5,1,2025-05,754,1111,5469.27,6076359
2025,5,1,2025-05,755,701,7184.18,5036110
2025,5,1,2025-05,756,1476,5887.75,8690319
2025,5,1,2025-05,757,1342,7634.59,10245620
2025,5,1,2025-05,758,1847,6467.35,11945195
2025,5,1,2025-05,759,1922,4594.72,8831052
2025,5,1,2025-05,760,1476,6531.61,9640656
2025,5,1,2025-05,761,1587,5265.37,8356142
2025,5,1,2025-05,762,1791,6606.56,11832349
2025,5,1,2025-05,763,1716,4492.47,7709079
2025,5,1,2025-05,764,1137,4814.63,5474234
2025,5,1,2025-05,765,1868,7177.53,13407626
2025,5,1,2025-05,766,762,4957.74,3777798
2025,5,1,2025-05,767,1015,7217.55,7325813
2025,5,1,2025-05,768,1886,5176.13,9762181
2025,5,1,2025-05,769,1108,6473.64,7172793
2025,5,1,2025-05,770,1501,6626.77,9946782
2025,5,1,2025-05,771,1926,5949.64,11459007
2025,5,1,2025-05,772,661,5349.96,3536324
2025,5,1,2025-05,773,1774,4891.25,8677078
2025,5,1,2025-05,774,1695,4338.48,7353724
2025,5,1,2025-05,775,1574,5239.85,8247524
2025,5,1,2025-05,776,1483,6423.51,9526065
2025,5,1,2025-05,777,2258,7528.14,16998540
2025,5,1,2025-05,778,878,7346.32,6450069
2025,5,1,2025-05,779,1955,6879.23,13448895
2025,5,1,2025-05,780,1126,6950.72,7826511
2025,5,1,2025-05,781,952,6534.35,6220701
2025,5,1,2025-05,782,1127,5031.43,5670422
2025,5,1,2025-05,783,1544,7369.93,11379172
2025,5,1,2025-05,784,1227,6616.1,8117955
2025,5,1,2025-05,785,1136,6143.71,6979255
2025,5,1,2025-05,786,1299,4492.24,5835420
2025,5,1,2025-05,787,1457,5738.99,8361708
2025,5,1,2025-05,788,2042,5795.36,11834125
2025,5,1,2025-05,789,1603,7240.89,11607147
2025,5,1,2025-05,790,1694,6177.82,10465227
2025,5,1,2025-05,791,1240,5622.98,6972495
2025,5,1,2025-05,792,1479,7654.72,11321331
2025,5,1,2025-05,793,2010,4610.34,9266783
2025,5,1,2025-05,794,839,5674.53,4760931
2025,5,1,2025-05,795,1633,4229.55,6906855
2025,5,1,2025-05,796,1644,6712.81,11035860
2025,5,1,2025-05,797,1954,7414.66,14488246
2025,5,1,2025-05,798,1280,5109.38,6540006
2025,5,1,2025-05,799,516,7177.78,3703734
2025,5,1,2025-05,800,717,5125.82,3675213
2025,5,1,2025-05,801,1191,7490.23,8920864
2025,5,1,2025-05,802,1458,6927.07,10099668
2025,5,1,2025-05,803,2160,7050.18,15228389
2025,5,1,2025-05,804,1101,4182.94,4605417
2025,5,1,2025-05,805,1480,7623.02,11282070
2025,5,1,2025-05,806,1233,6764.21,8340271
2025,5,1,2025-05,807,733,5275.68,3867073
2025,5,1,2025-05,808,1857,7100.25,13185164
2025,5,1,2025-05,809,747,5095.19,3806107
2025,5,1,2025-05,810,1648,7259.18,11963129
2025,5,1,2025-05,811,832,4549.93,3785542
2025,5,1,2025-05,812,905,6672.49,6038603
2025,5,1,2025-05,813,1354,6040.13,8178336
2025,5,1,2025-05,814,1162,4488.37,5215486
2025,5,1,2025-05,815,637,5047.21,3215073
2025,5,1,2025-05,816,1444,4199.76,6064453
2025,5,1,2025-05,817,2122,5864.21,12443854
2025,5,1,2025-05,818,1026,5164.14,5298408
2025,5,1,2025-05,819,1673,6338.93,10605030
2025,5,1,2025-05,820,921,5174.41,4765632
2025,5,1,2025-05,821,966,5246.26,5067887
2025,5,1,2025-05,822,1732,6815.62,11804654
2025,5,1,2025-05,823,1340,4274.33,5727602
2025,5,1,2025-05,824,882,7330.55,6465545
2025,5,1,2025-05,825,1373,7175.14,9851467
2025,5,1,2025-05,826,1652,6561.36,10839367
2025,5,1,2025-05,827,2104,6315.33,13287454
2025,5,1,2025-05,828,1730,7376.53,12761397
2025,5,1,2025-05,829,1760,4838.09,8515038
2025,5,1,2025-05,830,2037,4475.49,9116573
2025,5,1,2025-05,831,1632,4990.52,8144529
2025,5,1,2025-05,832,1311,6949.76,9111135
2025,5,1,2025-05,833,568,4287.79,2435465
2025,5,1,2025-05,834,1223,6325.65,7736270
2025,5,1,2025-05,835,861,7703.18,6632438
2025,5,1,2025-05,836,2098,7218.11,15143595
2025,5,1,2025-05,837,1376,6038.88,8309499
2025,5,1,2025-05,838,1513,4380.45,6627621
2025,5,1,2025-05,839,1306,7171.89,9366488
2025,5,1,2025-05,840,1926,6264.11,12064676
2025,5,1,2025-05,841,975,4678.22,4561264
2025,5,1,2025-05,842,1344,4475.89,6015596
2025,5,1,2025-05,843,2223,7466.77,16598630
2025,5,1,2025-05,844,1472,6633.52,9764541
2025,5,1,2025-05,845,1021,7055.57,7203737
2025,5,1,2025-05,846,1225,7291.8,8932455
2025,5,1,2025-05,847,2056,6242.62,12834827
2025,5,1,2025-05,848,1150,6037.72,6943378
2025,5,1,2025-05,849,786,5681.58,4465722
2025,5,1,2025-05,850,1572,5306.76,8342227
2025,5,1,2025-05,851,2043,5633.67,11509588
2025,5,1,2025-05,852,1644,6933.08,11397984
2025,5,1,2025-05,853,1312,6313.11,8282800
2025,5,1,2025-05,854,1491,7341.15,10945655
2025,5,1,2025-05,855,1822,5715.22,10413131
2025,5,1,2025-05,856,1004,6323.02,6348312
2025,5,1,2025-05,857,541,6363.75,3442789
2025,5,1,2025-05,858,1417,6297.19,8923118
2025,5,1,2025-05,859,1545,6683.56,10326100
2025,5,1,2025-05,860,922,5002.79,4612572
2025,5,1,2025-05,861,924,5941.39,5489844
2025,5,1,2025-05,862,1986,4574.9,9085751
2025,5,1,2025-05,863,1873,5478.2,10260669
2025,5,1,2025-05,864,1361,5852.76,7965606
2025,5,1,2025-05,865,1610,6627.14,10669695
2025,5,1,2025-05,866,897,7558.8,6780244
2025,5,1,2025-05,867,1277,6238.17,7966143
2025,5,1,2025-05,868,583,6829.45,3981569
2025,5,1,2025-05,869,2085,5967.34,12441904
2025,5,1,2025-05,870,1008,6391.01,6442138
2025,5,1,2025-05,871,765,4432.17,3390610
2025,5,1,2025-05,872,829,5070.41,4203370
2025,5,1,2025-05,873,808,5394.92,4359095
2025,5,1,2025-05,874,1495,5850.86,8747036
2025,5,1,2025-05,875,2094,4307.12,9019109
2025,5,1,2025-05,876,1498,4651.46,6967887
2025,5,1,2025-05,877,634,5144.7,3261740
2025,5,1,2025-05,878,1981,7609.92,15075252
2025,5,1,2025-05,879,1560,5357.38,8357513
2025,5,1,2025-05,880,1019,5884.27,5996071
2025,5,1,2025-05,881,1486,4806.83,7142949
2025,5,1,2025-05,882,1102,6358.78,7007376
2025,5,1,2025-05,883,1892,5186.64,9813123
2025,5,1,2025-05,884,1955,4783.48,9351703
2025,5,1,2025-05,885,1153,5870.13,6768260
2025,5,1,2025-05,886,576,4175.44,2405053
2025,5,1,2025-05,887,1251,4172.48,5219772
2025,5,1,2025-05,888,812,4968.81,4034674
2025,5,1,2025-05,889,1103,4254.59,4692813
2025,5,1,2025-05,890,1604,4552.12,7301600
2025,5,1,2025-05,891,1861,5397.02,10043854
2025,5,1,2025-05,892,1430,7043.9,10072777
2025,5,1,2025-05,893,2200,6163.31,13559282
2025,5,1,2025-05,894,1443,5984.58,8635749
2025,5,1,2025-05,895,1419,5177.03,7346206
2025,5,1,2025-05,896,1229,7488.71,9203625
2025,5,1,2025-05,897,2050,5589.76,11459008
2025,5,1,2025-05,898,1535,4524.7,6945414
2025,5,1,2025-05,899,1285,6346.2,8154867
2025,5,1,2025-05,900,963,4606.2,4435771
2025,5,1,2025-05,901,1132,5432.9,6150043
2025,5,1,2025-05,902,1061,5963.48,6327252
2025,5,1,2025-05,903,1505,7247.92,10908120
2025,5,1,2025-05,904,951,5915.54,5625679
2025,5,1,2025-05,905,1906,6696.67,12763853
2025,5,1,2025-05,906,1657,7704.99,12767168
2025,5,1,2025-05,907,1607,4575.8,7353311
2025,5,1,2025-05,908,972,5142.77,4998772
2025,5,1,2025-05,909,626,5523.41,3457655
2025,5,1,2025-05,910,1808,5656.6,10227133
2025,5,1,2025-05,911,855,5705.8,4878459
2025,5,1,2025-05,912,1021,7452.94,7609452
2025,5,1,2025-05,913,1626,6687.65,10874119
2025,5,1,2025-05,914,1109,6334.24,7024672
2025,5,1,2025-05,915,675,5303.82,3580078
2025,5,1,2025-05,916,1327,7066.35,9377046
2025,5,1,2025-05,917,551,7696,4240496
2025,5,1,2025-05,918,885,7019.84,6212558
2025,5,1,2025-05,919,1607,4181.16,6719124
2025,5,1,2025-05,920,1411,6417.15,9054599
2025,5,1,2025-05,921,1913,4344.97,8311928
2025,5,1,2025-05,922,591,5092.35,3009579
2025,5,1,2025-05,923,1233,4374.98,5394350
2025,5,1,2025-05,924,2104,6259.25,13169462
2025,5,1,2025-05,925,1317,6587.71,8676014
2025,5,1,2025-05,926,911,4483.11,4084113
2025,5,1,2025-05,927,1234,5504.51,6792565
2025,5,1,2025-05,928,810,5795.29,4694185
2025,5,1,2025-05,929,1120,5503.91,6164379
2025,5,1,2025-05,930,1136,4554.56,5173980
2025,5,1,2025-05,931,1116,5657.4,6313658
2025,5,1,2025-05,932,515,6818.15,3511347
2025,5,1,2025-05,933,670,4431.69,2969232
2025,5,1,2025-05,934,1813,4431.28,8033911
2025,5,1,2025-05,935,2063,5444.67,11232354
2025,5,1,2025-05,936,949,7513.43,7130245
2025,5,1,2025-05,937,1109,6589.01,7307212
2025,5,1,2025-05,938,1285,6635.64,8526797
2025,5,1,2025-05,939,1369,5374.8,7358101
2025,5,1,2025-05,940,2009,6275.65,12607781
2025,5,1,2025-05,941,1714,4167.94,7143849
2025,5,1,2025-05,942,1623,6448.81,10466419
2025,5,1,2025-05,943,1847,7362.2,13597983
2025,5,1,2025-05,944,1591,6318.82,10053243
2025,5,1,2025-05,945,1287,7298.83,9393594
2025,5,1,2025-05,946,1016,6758.13,6866260
2025,5,1,2025-05,947,2072,4578.8,9487274
2025,5,1,2025-05,948,1284,7338.22,9422274
2025,5,1,2025-05,949,1416,4402.45,6233869
2025,5,1,2025-05,950,1842,6102.4,11240621
2025,5,1,2025-05,951,2020,4648.7,9390374
2025,5,1,2025-05,952,1061,4212.17,4469112
2025,5,1,2025-05,953,584,5649.84,3299507
2025,5,1,2025-05,954,1250,5173.41,6466762
2025,5,1,2025-05,955,1764,5849.99,10319382
2025,5,1,2025-05,956,1875,6239.49,11699044
2025,5,1,2025-05,957,2015,4352.36,8770005
2025,5,1,2025-05,958,571,4530.67,2587013
2025,5,1,2025-05,959,2183,6138.37,13400062
2025,5,1,2025-05,960,784,5386.84,4223283
2025,5,1,2025-05,961,1453,6698.91,9733516
2025,5,1,2025-05,962,1263,6499.37,8208704
2025,5,1,2025-05,963,754,7167.01,5403926
2025,5,1,2025-05,964,2048,6593.66,13503816
2025,5,1,2025-05,965,564,5737.47,3235933
2025,5,1,2025-05,966,2192,6559.09,14377525
2025,5,1,2025-05,967,572,5136.53,2938095
2025,5,1,2025-05,968,881,5280.05,4651724
2025,5,1,2025-05,969,644,6954.05,4478408
2025,5,1,2025-05,970,1724,5713.9,9850764
2025,5,1,2025-05,971,711,6967.25,4953715
2025,5,1,2025-05,972,850,6993.93,5944840
2025,5,1,2025-05,973,936,7278.89,6813041
2025,5,1,2025-05,974,2159,7489.55,16169938
2025,5,1,2025-05,975,792,5627.1,4456663
2025,5,1,2025-05,976,1146,5306.47,6081215
2025,5,1,2025-05,977,2081,6184.42,12869778
2025,5,1,2025-05,978,1509,5401.5,8150864
2025,5,1,2025-05,979,1181,6263.09,7396709
2025,5,1,2025-05,980,1118,6694.36,7484294
2025,5,1,2025-05,981,1238,6578.49,8144171
2025,5,1,2025-05,982,1339,5450.95,7298822
2025,5,1,2025-05,983,1901,4825.86,9173960
2025,5,1,2025-05,984,1899,5699.38,10823123
2025,5,1,2025-05,985,2306,4687.71,10809859
2025,5,1,2025-05,986,940,7365.33,6923410
2025,5,1,2025-05,987,1851,5354.52,9911217
2025,5,1,2025-05,988,2084,4744.46,9887455
2025,5,1,2025-05,989,1993,4209,8388537
2025,5,1,2025-05,990,2184,6466.58,14123011
2025,5,1,2025-05,991,1276,6406.85,8175141
2025,5,1,2025-05,992,1097,5378.5,5900214
2025,5,1,2025-05,993,1295,4399.29,5697081
2025,5,1,2025-05,994,1233,5623.76,6934096
2025,5,1,2025-05,995,2015,5290.91,10661184
2025,5,1,2025-05,996,1520,6544.52,9947670
2025,5,1,2025-05,997,2000,6350.47,12700940
2025,5,1,2025-05,998,1268,5443.04,6901775
2025,5,1,2025-05,999,1493,4938.23,7372777
2025,5,1,2025-05,1000,1772,7642.8,13543042
2025,5,1,2025-05,1001,1349,5771.23,7785389
2025,5,1,2025-05,1002,1567,6647.35,10416397
2025,5,1,2025-05,1003,820,4665.73,3825899
2025,5,1,2025-05,1004,1088,5888.23,6406394
2025,5,1,2025-05,1005,1787,4333.22,7743464
2025,5,1,2025-05,1006,752,5932.03,4460887
2025,5,1,2025-05,1007,939,7675.33,7207135
2025,5,1,2025-05,1008,1640,5553.69,9108052
2025,5,1,2025-05,1009,1962,4376.36,8586418
2025,5,1,2025-05,1010,655,4230.24,2770807
2025,5,1,2025-05,1011,1995,5515.43,11003283
2025,5,1,2025-05,1012,1115,4773.11,5322018
2025,5,1,2025-05,1013,781,4213.3,3290587
2025,5,1,2025-05,1014,665,6845.17,4552038
2025,5,1,2025-05,1015,1394,5898.86,8223011
2025,5,1,2025-05,1016,843,5096.45,4296307
2025,5,1,2025-05,1017,1497,7369.04,11031453
2025,5,1,2025-05,1018,1183,4520.03,5347195
2025,5,1,2025-05,1019,1646,7611.48,12528496
2025,5,1,2025-05,1020,1012,5249.77,5312767
2025,5,1,2025-05,1021,2104,7316.97,15394905
2025,5,1,2025-05,1022,775,6366.48,4934022
2025,5,1,2025-05,1023,1576,7073.75,11148230
2025,5,1,2025-05,1024,1234,7664.74,9458289
2025,5,1,2025-05,1025,2089,5135.43,10727913
2025,5,1,2025-05,1026,1684,7510.7,12648019
2025,5,1,2025-05,1027,1883,5464.49,10289635
2025,5,1,2025-05,1028,960,5439.24,5221670
2025,5,1,2025-05,1029,2030,5282.76,10724003
2025,5,1,2025-05,1030,880,6041.29,5316335
2025,5,1,2025-05,1031,2120,4724.94,10016873
2025,5,1,2025-05,1032,1827,6091.92,11129938
2025,5,1,2025-05,1033,1359,6057.89,8232673
2025,5,1,2025-05,1034,1288,6886.13,8869335
2025,5,1,2025-05,1035,751,7154.09,5372722
2025,5,1,2025-05,1036,959,5755.03,5519074
2025,5,1,2025-05,1037,924,5251.9,4852756
2025,5,1,2025-05,1038,1061,5132.91,5446018
2025,5,1,2025-05,1039,1153,4872.12,5617554
2025,5,1,2025-05,1040,563,4337.36,2441934
2025,5,1,2025-05,1041,648,5463.57,3540393
2025,5,1,2025-05,1042,1394,5202.3,7252006
2025,5,1,2025-05,1043,1104,7559.71,8345920
2025,5,1,2025-05,1044,892,6162.92,5497325
2025,5,1,2025-05,1045,1601,5381.89,8616406
2025,5,1,2025-05,1046,1020,6269.43,6394819
2025,5,1,2025-05,1047,1497,4686.98,7016409
2025,5,1,2025-05,1048,1159,5652.41,6551143
2025,5,1,2025-05,1049,746,6447.11,4809544
2025,5,1,2025-05,1050,912,5924.06,5402743
2025,5,1,2025-05,1051,884,5631.25,4978025
2025,5,1,2025-05,1052,1533,7755.21,11888737
2025,5,1,2025-05,1053,711,7303.15,5192540
2025,5,1,2025-05,1054,1907,6398.41,12201768
2025,5,1,2025-05,1055,973,6199.71,6032318
2025,5,1,2025-05,1056,2238,6379.04,14276292
2025,5,1,2025-05,1057,981,4850.97,4758802
2025,5,1,2025-05,1058,1317,5561.85,7324956
2025,5,1,2025-05,1059,1433,4284.3,6139402
2025,5,1,2025-05,1060,1515,5945.4,9007281
2025,5,1,2025-05,1061,1949,6071,11832379
2025,5,1,2025-05,1062,1980,4976,9852480
2025,5,1,2025-05,1063,1021,7597.28,7756823
2025,5,1,2025-05,1064,806,7428.18,5987113
2025,5,1,2025-05,1065,1041,6739.48,7015799
2025,5,1,2025-05,1066,1155,6131.23,7081571
2025,5,1,2025-05,1067,1936,7279.37,14092860
2025,5,1,2025-05,1068,2031,4667.64,9479977
2025,5,1,2025-05,1069,1100,6978.59,7676449
2025,5,1,2025-05,1070,1304,4511.67,5883218
2025,5,1,2025-05,1071,1761,6961.95,12259994
2025,5,1,2025-05,1072,2104,5179.98,10898678
2025,5,1,2025-05,1073,1497,7319.39,10957127
2025,5,1,2025-05,1074,2304,7570.03,17441349
2025,5,1,2025-05,1075,1439,4723.82,6797577
2025,5,1,2025-05,1076,1803,5810.66,10476620
2025,5,1,2025-05,1077,834,7690.69,6414035
2025,5,1,2025-05,1078,1519,5935.58,9016146
2025,5,1,2025-05,1079,2094,7312.41,15312187
2025,5,1,2025-05,1080,1267,6330.36,8020566
2025,5,1,2025-05,1081,1912,5604.27,10715364
2025,5,1,2025-05,1082,646,5116.39,3305188
2025,5,1,2025-05,1083,1400,4864.47,6810258
2025,5,1,2025-05,1084,2077,6823.11,14171599
2025,5,1,2025-05,1085,1021,5494.42,5609803
2025,5,1,2025-05,1086,2122,6031.63,12799119
2025,5,1,2025-05,1087,1098,5913.62,6493155
2025,5,1,2025-05,1088,879,6267.41,5509053
2025,5,1,2025-05,1089,1342,7232.33,9705787
2025,5,1,2025-05,1090,1667,7718.05,12865989
2025,5,1,2025-05,1091,795,5622.81,4470134
2025,5,1,2025-05,1092,798,7121.29,5682789
2025,5,1,2025-05,1093,797,6920.23,5515423
2025,5,1,2025-05,1094,1949,6202.1,12087893
2025,5,1,2025-05,1095,1211,7529.89,9118697
2025,5,1,2025-05,1096,1444,4807.31,6941756
2025,5,1,2025-05,1097,1110,4622.02,5130442
2025,5,1,2025-05,1098,1671,7198.79,12029178
2025,5,1,2025-05,1099,1286,5690.55,7318047
2025,5,1,2025-05,1100,778,7172.49,5580197
2025,5,1,2025-05,1101,1687,7297.71,12311237
2025,5,1,2025-05,1102,1261,4400.43,5548942
2025,5,1,2025-05,1103,894,7323.81,6547486
2025,5,1,2025-05,1104,1950,5780.58,11272131
2025,5,1,2025-05,1105,1462,5966.21,8722599
2025,5,1,2025-05,1106,1197,6463.51,7736821
2025,5,1,2025-05,1107,1509,7491.3,11304372
2025,5,1,2025-05,1108,644,4289.75,2762599
2025,5,1,2025-05,1109,1879,5821.21,10938054
2025,5,1,2025-05,1110,804,6667.94,5361024
2025,5,1,2025-05,1111,1098,6713.34,7371247
2025,5,1,2025-05,1112,883,6631.33,5855464
2025,5,1,2025-05,1113,1933,4645.93,8980583
2025,5,1,2025-05,1114,1230,5217.67,6417734
2025,5,1,2025-05,1115,1958,5483.74,10737163
2025,5,1,2025-05,1116,1754,7050.88,12367244
2025,5,1,2025-05,1117,2055,5065.15,10408883
2025,5,1,2025-05,1118,1113,4987.97,5551611
2025,5,1,2025-05,1119,1986,7616.93,15127223
2025,5,1,2025-05,1120,1405,4259.88,5985131
2025,5,1,2025-05,1121,1010,7715.73,7792887
2025,5,1,2025-05,1122,856,6563.07,5617988
2025,5,1,2025-05,1123,1541,7091.64,10928217
2025,5,1,2025-05,1124,2202,5209.89,11472178
2025,5,1,2025-05,1125,1758,4236.76,7448224
2025,5,1,2025-05,1126,1556,6788.44,10562813
2025,5,1,2025-05,1127,1606,7106.89,11413665
2025,5,1,2025-05,1128,2254,6836.73,15409989
2025,5,1,2025-05,1129,1734,4659.65,8079833
2025,5,1,2025-05,1130,1103,6863.32,7570242
2025,5,1,2025-05,1131,1903,6843.38,13022952
2025,5,1,2025-05,1132,819,6461.87,5292272
2025,5,1,2025-05,1133,1111,6857.64,7618838
2025,5,1,2025-05,1134,1261,7172.44,9044447
2025,5,1,2025-05,1135,1676,6313.12,10580789
2025,5,1,2025-05,1136,1771,4471.78,7919522
2025,5,1,2025-05,1137,1357,5868.8,7963962
2025,5,1,2025-05,1138,1688,4525.2,7638538
2025,5,1,2025-05,1139,1605,5643.75,9058219
2025,5,1,2025-05,1140,784,5600.14,4390510
2025,5,1,2025-05,1141,752,4445.96,3343362
2025,5,1,2025-05,1142,1420,5418.54,7694327
2025,5,1,2025-05,1143,741,4551.7,3372810
2025,5,1,2025-05,1144,2185,7000.32,15295699
2025,5,1,2025-05,1145,2030,7544.37,15315071
2025,5,1,2025-05,1146,1658,4408.9,7309956
2025,5,1,2025-05,1147,631,7633.76,4816903
2025,5,1,2025-05,1148,729,5953.93,4340415
2025,5,1,2025-05,1149,1653,5221.28,8630776
2025,5,1,2025-05,1150,721,4398.09,3171023
2025,5,1,2025-05,1151,2127,5926.67,12606027
2025,5,1,2025-05,1152,755,6956.59,5252225
2025,5,1,2025-05,1153,1403,6677.85,9369024
2025,5,1,2025-05,1154,1410,4274.72,6027355
2025,5,1,2025-05,1155,2084,4407.12,9184438
2025,5,1,2025-05,1156,1472,5635.01,8294735
2025,5,1,2025-05,1157,1868,5219.14,9749354
2025,5,1,2025-05,1158,768,4998.2,3838618
2025,5,1,2025-05,1159,691,5196.78,3590975
2025,5,1,2025-05,1160,1899,7057.6,13402382
2025,5,1,2025-05,1161,1468,7433.16,10911879
2025,5,1,2025-05,1162,1435,5632.77,8083025
2025,5,1,2025-05,1163,2040,7374.27,15043511
2025,5,1,2025-05,1164,1270,5353.27,6798653
2025,5,1,2025-05,1165,513,5891.98,3022586
2025,5,1,2025-05,1166,1503,4940.61,7425737
2025,5,1,2025-05,1167,1048,6380.51,6686774
2025,5,1,2025-05,1168,1043,7682.14,8012472
2025,5,1,2025-05,1169,980,6316.13,6189807
2025,5,1,2025-05,1170,1311,5479.3,7183362
2025,5,1,2025-05,1171,1074,6470.99,6949843
2025,5,1,2025-05,1172,992,4576.44,4539828
2025,5,1,2025-05,1173,1467,7284.04,10685687
2025,5,1,2025-05,1174,1632,5919.73,9660999
2025,5,1,2025-05,1175,1519,5821.11,8842266
2025,5,1,2025-05,1176,1713,6242.42,10693265
2025,5,1,2025-05,1177,1572,6423.58,10097868
2025,5,1,2025-05,1178,1288,4369.19,5627517
2025,5,1,2025-05,1179,2179,6531.14,14231354
2025,5,1,2025-05,1180,1822,5036.87,9177177
2025,5,1,2025-05,1181,1174,6744.45,7917984
2025,5,1,2025-05,1182,1498,7212.31,10804040
2025,5,1,2025-05,1183,1974,6951.05,13721373
2025,5,1,2025-05,1184,1665,6089.46,10138951
2025,5,1,2025-05,1185,1162,6058.41,7039872
2025,5,1,2025-05,1186,814,4618.91,3759793
2025,5,1,2025-05,1187,1566,6943.34,10873270
2025,5,1,2025-05,1188,1521,5135.03,7810381
2025,5,1,2025-05,1189,1038,5983,6210354
2025,5,1,2025-05,1190,2181,5229.53,11405605
2025,5,1,2025-05,1191,1739,4652.81,8091237
2025,5,1,2025-05,1192,1013,6462.72,6546735
2025,5,1,2025-05,1193,1852,4372.43,8097740
2025,5,1,2025-05,1194,2070,6803.26,14082748
2025,5,1,2025-05,1195,2082,5232.36,10893774
2025,5,1,2025-05,1196,1977,4124.17,8153484
2025,5,1,2025-05,1197,1453,5947.23,8641325
2025,5,1,2025-05,1198,2001,4440.96,8886361
2025,5,1,2025-05,1199,1553,5165.03,8021292
2025,5,1,2025-05,1200,2035,6648.56,13529820
2025,5,1,2025-05,1201,1968,4377.21,8614349
2025,5,1,2025-05,1202,1061,7064.75,7495700
2025,5,1,2025-05,1203,1941,4148.6,8052433
2025,5,1,2025-05,1204,1496,4959.77,7419816
2025,5,1,2025-05,1205,1525,6796.51,10364678
2025,5,1,2025-05,1206,1518,5211.79,7911497
2025,5,1,2025-05,1207,1161,4498.39,5222631
2025,5,1,2025-05,1208,960,5408,5191680
2025,5,1,2025-05,1209,1690,5096.12,8612443
2025,5,1,2025-05,1210,1364,7111.33,9699854
2025,5,1,2025-05,1211,2225,5275.02,11736920
2025,5,1,2025-05,1212,1738,7031.62,12220956
2025,5,1,2025-05,1213,2249,7418.72,16684701
2025,5,1,2025-05,1214,1622,5624.48,9122907
2025,5,1,2025-05,1215,785,7374.41,5788912
2025,5,1,2025-05,1216,1946,5548.04,10796486
2025,5,1,2025-05,1217,1028,7571.48,7783481
2025,5,1,2025-05,1218,814,4509.6,3670814
2025,5,1,2025-05,1219,1509,6621.77,9992251
2025,5,1,2025-05,1220,1276,5932.55,7569934
2025,5,1,2025-05,1221,1044,5462.07,5702401
2025,5,1,2025-05,1222,1002,6466.04,6478972
2025,5,1,2025-05,1223,728,6727.01,4897263
2025,5,1,2025-05,1224,1065,4157.13,4427343
2025,5,1,2025-05,1225,1761,4763.87,8389175
2025,5,1,2025-05,1226,1016,6690.36,6797406
2025,5,1,2025-05,1227,1045,6537.59,6831782
2025,5,1,2025-05,1228,1036,7648.09,7923421
2025,5,1,2025-05,1229,1415,6839.99,9678586
2025,5,1,2025-05,1230,1645,7580.42,12469791
2025,5,1,2025-05,1231,1696,6698.81,11361182
2025,5,1,2025-05,1232,1651,5266.17,8694447
2025,5,1,2025-05,1233,1609,4533.82,7294916
2025,5,1,2025-05,1234,1872,6902.35,12921199
2025,5,1,2025-05,1235,1642,6444.42,10581738
2025,5,1,2025-05,1236,1503,4337.29,6518947
2025,5,1,2025-05,1237,942,5491.9,5173370
2025,5,1,2025-05,1238,1851,7598.97,14065693
2025,5,1,2025-05,1239,1597,5889.54,9405595
2025,5,1,2025-05,1240,1922,5632.61,10825876
2025,5,1,2025-05,1241,912,5753.99,5247639
2025,5,1,2025-05,1242,961,4876.1,4685932
2025,5,1,2025-05,1243,542,5434.63,2945569
2025,5,1,2025-05,1244,1677,5346.67,8966366
2025,5,1,2025-05,1245,1518,4303.76,6533108
2025,5,1,2025-05,1246,1410,6901.38,9730946
2025,5,1,2025-05,1247,806,5698.92,4593330
2025,5,1,2025-05,1248,1967,7150.99,14065997
2025,5,1,2025-05,1249,1844,7235.65,13342539
2025,5,1,2025-05,1250,1632,4922.57,8033634
2025,5,1,2025-05,1251,1538,6586.95,10130729
2025,5,1,2025-05,1252,1725,5834.72,10064892
2025,5,1,2025-05,1253,2129,7325.48,15595947
2025,5,1,2025-05,1254,1476,4917.48,7258200
2025,5,1,2025-05,1255,842,6575.56,5536622
2025,5,1,2025-05,1256,1173,6361.11,7461582
2025,5,1,2025-05,1257,1254,5172.14,6485864
2025,5,1,2025-05,1258,1788,4679.58,8367089
2025,5,1,2025-05,1259,2004,6452.87,12931551
2025,5,1,2025-05,1260,1172,6804.58,7974968
2025,5,1,2025-05,1261,762,5302.9,4040810
2025,5,1,2025-05,1262,1702,6490.21,11046337
2025,5,1,2025-05,1263,1631,5561.63,9071019
2025,5,1,2025-05,1264,910,6643.24,6045348
2025,5,1,2025-05,1265,1101,4925.67,5423163
2025,5,1,2025-05,1266,1722,7342.65,12644043
2025,5,1,2025-05,1267,1414,5127.23,7249903
2025,5,1,2025-05,1268,1920,5591.28,10735258
2025,5,1,2025-05,1269,607,4405.44,2674102
2025,5,1,2025-05,1270,1387,4616.51,6403099
2025,5,1,2025-05,1271,808,5991.35,4841011
2025,5,1,2025-05,1272,1955,5187.04,10140663
2025,5,1,2025-05,1273,1151,7086.96,8157091
2025,5,1,2025-05,1274,2046,4220.59,8635327
2025,5,1,2025-05,1275,881,5532.45,4874088
2025,5,1,2025-05,1276,1824,5318.89,9701655
2025,5,1,2025-05,1277,2127,4205.64,8945396
2025,5,1,2025-05,1278,1750,4597.75,8046062
2025,5,1,2025-05,1279,681,5563.74,3788907
2025,5,1,2025-05,1280,1414,5933.62,8390139
2025,5,1,2025-05,1281,1208,5576.75,6736714
2025,5,1,2025-05,1282,2190,6049.22,13247792
2025,5,1,2025-05,1283,1757,6322.5,11108632
2025,5,1,2025-05,1284,1786,4223.24,7542707
2025,5,1,2025-05,1285,852,5776.03,4921178
2025,5,1,2025-05,1286,1138,7581.03,8627212
2025,5,1,2025-05,1287,1669,5988.44,9994706
2025,5,1,2025-05,1288,1692,6549.39,11081568
2025,5,1,2025-05,1289,880,5253.87,4623406
2025,5,1,2025-05,1290,1975,6900.36,13628211
2025,5,1,2025-05,1291,1540,6883.66,10600836
2025,5,1,2025-05,1292,1546,5955.54,9207265
2025,5,1,2025-05,1293,1878,7649.89,14366493
2025,5,1,2025-05,1294,1465,4577.4,6705891
2025,5,1,2025-05,1295,747,4177.45,3120555
2025,5,1,2025-05,1296,1439,6869.7,9885498
2025,5,1,2025-05,1297,1420,7041.32,9998674
2025,5,1,2025-05,1298,2264,4524.82,10244192
2025,5,1,2025-05,1299,899,5183.16,4659661
2025,5,1,2025-05,1300,2157,4242.59,9151267
2025,5,1,2025-05,1301,634,5182.97,3286003
2025,5,1,2025-05,1302,704,6858.75,4828560
2025,5,1,2025-05,1303,2242,6042.88,13548137
2025,5,1,2025-05,1304,1990,5376.61,10699454
2025,5,1,2025-05,1305,2066,5424.64,11207306
2025,5,1,2025-05,1306,1883,4127,7771141
2025,5,1,2025-05,1307,1766,5188.93,9163650
2025,5,1,2025-05,1308,1574,6476.51,10194027
2025,5,1,2025-05,1309,966,7614.01,7355134
2025,5,1,2025-05,1310,1473,7214.43,10626855
2025,5,1,2025-05,1311,938,4227.75,3965630
2025,5,1,2025-05,1312,1089,7373.12,8029328
2025,5,1,2025-05,1313,1793,6900.82,12373170
2025,5,1,2025-05,1314,1335,6935.1,9258358
2025,5,1,2025-05,1315,2084,5778.45,12042290
2025,5,1,2025-05,1316,1724,5577.21,9615110
2025,5,1,2025-05,1317,1253,5217.65,6537715
2025,5,1,2025-05,1318,1884,4359.19,8212714
2025,5,1,2025-05,1319,1910,4948,9450680
2025,5,1,2025-05,1320,1822,4985.29,9083198
2025,5,1,2025-05,1321,2128,5897.98,12550901
2025,5,1,2025-05,1322,738,6811.57,5026939
2025,5,1,2025-05,1323,1771,5760.87,10202501
2025,5,1,2025-05,1324,1773,4373.06,7753435
2025,5,1,2025-05,1325,2022,7530.84,15227358
2025,5,1,2025-05,1326,2072,7486.19,15511386
2025,5,1,2025-05,1327,1616,7107.76,11486140
2025,5,1,2025-05,1328,970,7720.96,7489331
2025,5,1,2025-05,1329,1016,6076.01,6173226
2025,5,1,2025-05,1330,913,7595.96,6935111
2025,5,1,2025-05,1331,706,4413.36,3115832
2025,5,1,2025-05,1332,995,5598.37,5570378
2025,5,1,2025-05,1333,1517,4975.35,7547606
2025,5,1,2025-05,1334,1492,4880.47,7281661
2025,5,1,2025-05,1335,1595,4589.96,7320986
2025,5,1,2025-05,1336,1495,6373.95,9529055
2025,5,1,2025-05,1337,441,6901.51,3043566
2025,5,1,2025-05,1338,1112,6267,6968904
2025,5,1,2025-05,1339,1526,4742.72,7237391
2025,5,1,2025-05,1340,825,7006.35,5780239
2025,5,1,2025-05,1341,1750,6376.65,11159138
2025,5,1,2025-05,1342,802,5495.94,4407744
2025,5,1,2025-05,1343,2078,6651.15,13821090
2025,5,1,2025-05,1344,1506,5054.16,7611565
2025,5,1,2025-05,1345,2120,5375.52,11396102
2025,5,1,2025-05,1346,1115,7457.97,8315637
2025,5,1,2025-05,1347,868,5099.76,4426592
2025,5,1,2025-05,1348,1073,5870.66,6299218
2025,5,1,2025-05,1349,1237,7351.6,9093929
2025,5,1,2025-05,1350,1419,6630.68,9408935
2025,5,1,2025-05,1351,1473,4348.92,6405959
2025,5,1,2025-05,1352,1651,4651.27,7679247
2025,5,1,2025-05,1353,2134,4209.54,8983158
2025,5,1,2025-05,1354,1138,6461.1,7352732
2025,5,1,2025-05,1355,1279,5749.98,7354224
2025,5,1,2025-05,1356,1664,4672.96,7775805
2025,5,1,2025-05,1357,1154,7542.23,8703733
2025,5,1,2025-05,1358,924,6048.47,5588786
2025,5,1,2025-05,1359,1472,5000.3,7360442
2025,5,1,2025-05,1360,1392,5937.99,8265682
2025,5,1,2025-05,1361,2162,6535.53,14129816
2025,5,1,2025-05,1362,1704,4350.7,7413593
2025,5,1,2025-05,1363,1815,5150.31,9347813
2025,5,1,2025-05,1364,1908,7026.6,13406753
2025,5,1,2025-05,1365,1554,5778.75,8980178
2025,5,1,2025-05,1366,1465,6101.34,8938463
2025,5,1,2025-05,1367,1893,5745.53,10876288
2025,5,1,2025-05,1368,1937,4215.34,8165114
2025,5,1,2025-05,1369,1246,4869.44,6067322
2025,5,1,2025-05,1370,1278,5706,7292268
2025,5,1,2025-05,1371,1927,4879.83,9403432
2025,5,1,2025-05,1372,1475,4391.87,6478008
2025,5,1,2025-05,1373,804,7230.15,5813041
2025,5,1,2025-05,1374,592,7581.43,4488207
2025,5,1,2025-05,1375,1216,6948.57,8449461
2025,5,1,2025-05,1376,1405,7214.72,10136682
2025,5,1,2025-05,1377,1914,4971.58,9515604
2025,5,1,2025-05,1378,1861,7607.02,14156664
2025,5,1,2025-05,1379,1195,4853.43,5799849
2025,5,1,2025-05,1380,1185,7469.24,8851049
2025,5,1,2025-05,1381,1175,7761.4,9119645
2025,5,1,2025-05,1382,947,6732.33,6375517
2025,5,1,2025-05,1383,2000,7667.38,15334760
2025,5,1,2025-05,1384,2160,6271.64,13546742
2025,5,1,2025-05,1385,1754,5106.64,8957047
2025,5,1,2025-05,1386,1757,5674.56,9970202
2025,5,1,2025-05,1387,1914,6214.3,11894170
2025,5,1,2025-05,1388,1099,4313.22,4740229
2025,5,1,2025-05,1389,584,6331.31,3697485
2025,5,1,2025-05,1390,1217,7672.32,9337213
2025,5,1,2025-05,1391,1218,4826.87,5879128
2025,5,1,2025-05,1392,672,6969.03,4683188
2025,5,1,2025-05,1393,2071,7408.52,15343045
2025,5,1,2025-05,1394,1236,7536.87,9315571
2025,5,1,2025-05,1395,1383,7634.11,10557974
2025,5,1,2025-05,1396,845,6051.96,5113906
2025,5,1,2025-05,1397,1735,7640.05,13255487
2025,5,1,2025-05,1398,1767,6849.11,12102377
2025,5,1,2025-05,1399,889,4775.12,4245082
2025,5,1,2025-05,1400,547,5869.25,3210480
2025,5,1,2025-05,1401,2007,6697.91,13442705
2025,5,1,2025-05,1402,566,4975.4,2816076
2025,5,1,2025-05,1403,1645,6512.53,10713112
2025,5,1,2025-05,1404,666,6587.49,4387268
2025,5,1,2025-05,1405,1618,4707.79,7617204
2025,5,1,2025-05,1406,1958,6182.35,12105041
2025,5,1,2025-05,1407,1512,6946.28,10502775
2025,5,1,2025-05,1408,2308,5990.38,13825797
2025,5,1,2025-05,1409,1317,4199.53,5530781
2025,5,1,2025-05,1410,1117,4122.32,4604631
2025,5,1,2025-05,1411,838,5469.97,4583835
2025,5,1,2025-05,1412,2073,7413.78,15368766
2025,5,1,2025-05,1413,1089,4948.55,5388971
2025,5,1,2025-05,1414,1193,6418.12,7656817
2025,5,1,2025-05,1415,705,4958.13,3495482
2025,5,1,2025-05,1416,1214,5309.6,6445854
2025,5,1,2025-05,1417,1088,7275.83,7916103
2025,5,1,2025-05,1418,1308,6765.7,8849536
2025,5,1,2025-05,1419,993,4454.55,4423368
2025,5,1,2025-05,1420,1491,5560.9,8291302
2025,5,1,2025-05,1421,2093,4250.56,8896422
2025,5,1,2025-05,1422,1643,5882.45,9664865
2025,5,1,2025-05,1423,1517,6609.31,10026323
2025,5,1,2025-05,1424,2347,4481.94,10519113
2025,5,1,2025-05,1425,1422,5256.83,7475212
2025,5,1,2025-05,1426,1321,5614.82,7417177
2025,5,1,2025-05,1427,805,7485.79,6026061
2025,5,1,2025-05,1428,1498,7720.4,11565159
2025,5,1,2025-05,1429,2030,4241,8609230
2025,5,1,2025-05,1430,1485,6800.97,10099440
2025,5,1,2025-05,1431,1447,5446.55,7881158
2025,5,1,2025-05,1432,2066,5603.32,11576459
2025,5,1,2025-05,1433,2226,6852.47,15253598
2025,5,1,2025-05,1434,1483,7434.53,11025408
2025,5,1,2025-05,1435,540,7568.78,4087141
2025,5,1,2025-05,1436,947,6250.9,5919602
2025,5,1,2025-05,1437,2179,5410.27,11788978
2025,5,1,2025-05,1438,740,6954.13,5146056
2025,5,1,2025-05,1439,1532,5033.43,7711215
2025,5,1,2025-05,1440,1827,6149.13,11234461
2025,5,1,2025-05,1441,793,5410.83,4290788
2025,5,1,2025-05,1442,1400,6546.74,9165436
2025,5,1,2025-05,1443,1238,5065.16,6270668
2025,5,1,2025-05,1444,1885,4874.15,9187773
2025,5,1,2025-05,1445,1845,7371.35,13600141
2025,5,1,2025-05,1446,1049,4505.77,4726553
2025,5,1,2025-05,1447,607,5913.46,3589470
2025,5,1,2025-05,1448,1411,4942.15,6973374
2025,5,1,2025-05,1449,1144,4318.64,4940524
2025,5,1,2025-05,1450,1363,4308.91,5873044
2025,5,1,2025-05,1451,1037,4726.98,4901878
2025,5,1,2025-05,1452,688,7319.48,5035802
2025,5,1,2025-05,1453,1988,5104.15,10147050
2025,5,1,2025-05,1454,2084,7549.64,15733450
2025,5,1,2025-05,1455,1609,6276.02,10098116
2025,5,1,2025-05,1456,1860,5737.9,10672494
2025,5,1,2025-05,1457,2124,6233.77,13240527
2025,5,1,2025-05,1458,1803,6004.24,10825645
2025,5,1,2025-05,1459,1600,6829.14,10926624
2025,5,1,2025-05,1460,852,5218.24,4445940
2025,5,1,2025-05,1461,1114,5399.47,6015010
2025,5,1,2025-05,1462,1148,7273.77,8350288
2025,5,1,2025-05,1463,1022,7512.58,7677857
2025,5,1,2025-05,1464,2171,7341.17,15937680
2025,5,1,2025-05,1465,854,5658.72,4832547
2025,5,1,2025-05,1466,1301,6969.31,9067072
2025,5,1,2025-05,1467,853,5895.34,5028725
2025,5,1,2025-05,1468,1600,5872.25,9395600
2025,5,1,2025-05,1469,1874,4865.11,9117216
2025,5,1,2025-05,1470,843,6227.45,5249740
2025,5,1,2025-05,1471,1461,4835.81,7065118
2025,5,1,2025-05,1472,772,5316.97,4104701
2025,5,1,2025-05,1473,787,7238.56,5696747
2025,5,1,2025-05,1474,1747,4861.24,8492586
2025,5,1,2025-05,1475,708,4427.76,3134854
2025,5,1,2025-05,1476,1961,4380.33,8589827
2025,5,1,2025-05,1477,788,7571.83,5966602
2025,5,1,2025-05,1478,917,5969.28,5473830
2025,5,1,2025-05,1479,2259,5544.52,12525071
2025,5,1,2025-05,1480,618,7057.61,4361603
2025,5,1,2025-05,1481,1576,7088.66,11171728
2025,5,1,2025-05,1482,1254,5390.62,6759837
2025,5,1,2025-05,1483,989,6629.07,6556150
2025,5,1,2025-05,1484,1786,6912.34,12345439
2025,5,1,2025-05,1485,1434,6418.37,9203943
2025,5,1,2025-05,1486,1488,4691.78,6981369
2025,5,1,2025-05,1487,1513,7208.33,10906203
2025,5,1,2025-05,1488,1113,6099.93,6789222
2025,5,1,2025-05,1489,671,5152.02,3457005
2025,5,1,2025-05,1490,2043,5675.16,11594352
2025,5,1,2025-05,1491,893,4300.77,3840588
2025,5,1,2025-05,1492,976,4639.04,4527703
2025,5,1,2025-05,1493,1447,6931.57,10029982
2025,5,1,2025-05,1494,1726,4145.8,7155651
2025,5,1,2025-05,1495,1119,5633.57,6303965
2025,5,1,2025-05,1496,1622,6071.48,9847941
2025,5,1,2025-05,1497,1103,4393.08,4845567
2025,5,1,2025-05,1498,1808,7658.04,13845736
2025,5,1,2025-05,1499,1258,4975.82,6259582
2025,5,1,2025-05,1500,1659,5305.42,8801692
2025,5,1,2025-05,1501,2030,5214.45,10585334
2025,5,1,2025-05,1502,1187,5022.5,5961708
2025,5,1,2025-05,1503,715,4125.36,2949632
2025,5,1,2025-05,1504,1991,6714.93,13369426
2025,5,1,2025-05,1505,1511,7711.3,11651774
2025,5,1,2025-05,1506,1733,5009.05,8680684
2025,5,1,2025-05,1507,1245,6515.11,8111312
2025,5,1,2025-05,1508,1192,6715.41,8004769
2025,5,1,2025-05,1509,1865,7112.28,13264402
2025,5,1,2025-05,1510,1608,5691.52,9151964
2025,5,1,2025-05,1511,849,5270.66,4474790
2025,5,1,2025-05,1512,1243,5327.04,6621511
2025,5,1,2025-05,1513,925,6721.95,6217804
2025,5,1,2025-05,1514,1347,6941,9349527
2025,5,1,2025-05,1515,781,4803.82,3751783
2025,5,1,2025-05,1516,1706,5533.33,9439861
2025,5,1,2025-05,1517,1314,7369.71,9683799
2025,5,1,2025-05,1518,1281,7081.94,9071965
2025,5,1,2025-05,1519,1458,7759.84,11313847
2025,5,1,2025-05,1520,2294,6829.67,15667263
2025,5,1,2025-05,1521,1301,5594.89,7278952
2025,5,1,2025-05,1522,1810,6250.02,11312536
2025,5,1,2025-05,1523,1614,6507.5,10503105
2025,5,1,2025-05,1524,1060,4463.54,4731352
2025,5,1,2025-05,1525,1667,6099.05,10167116
2025,5,1,2025-05,1526,1747,6785.33,11853972
2025,5,1,2025-05,1527,1039,4699.99,4883290
2025,5,1,2025-05,1528,2186,6958.12,15210450
2025,5,1,2025-05,1529,1188,6244.37,7418312
2025,5,1,2025-05,1530,2150,7631.74,16408241
2025,5,1,2025-05,1531,1613,4313.36,6957450
2025,5,1,2025-05,1532,2057,5098.14,10486874
2025,5,1,2025-05,1533,1472,6317.89,9299934
2025,5,1,2025-05,1534,1217,5275.82,6420673
2025,5,1,2025-05,1535,657,6704.27,4404705
2025,5,1,2025-05,1536,1843,6838.72,12603761
2025,5,1,2025-05,1537,838,4465.04,3741704
2025,5,1,2025-05,1538,1390,5975.72,8306251
2025,5,1,2025-05,1539,1690,5976.06,10099541
2025,5,1,2025-05,1540,1707,5373.99,9173401
2025,5,1,2025-05,1541,1612,7436.09,11986977
2025,5,1,2025-05,1542,848,7118.54,6036522
2025,5,1,2025-05,1543,1524,6577.3,10023805
2025,5,1,2025-05,1544,1108,6731.85,7458890
2025,5,1,2025-05,1545,660,5784.04,3817466
2025,5,1,2025-05,1546,1187,7402.4,8786649
2025,5,1,2025-05,1547,1945,6654.49,12942983
2025,5,1,2025-05,1548,1693,6764.88,11452942
2025,5,1,2025-05,1549,1556,7243.59,11271026
2025,5,1,2025-05,1550,1868,5144.65,9610206
2025,5,1,2025-05,1551,1421,7029.38,9988749
2025,5,1,2025-05,1552,1918,4787.56,9182540
2025,5,1,2025-05,1553,553,5314.08,2938686
2025,5,1,2025-05,1554,1317,5252.54,6917595
2025,5,1,2025-05,1555,1983,7671.04,15211672
2025,5,1,2025-05,1556,1847,7197.07,13292988
2025,5,1,2025-05,1557,1756,6646.28,11670868
2025,5,1,2025-05,1558,2367,6660.42,15765214
2025,5,1,2025-05,1559,838,6100.67,5112361
2025,5,1,2025-05,1560,1491,7481.5,11154916
2025,5,1,2025-05,1561,1798,5869.36,10553109
2025,5,1,2025-05,1562,1091,5502.97,6003740
2025,5,1,2025-05,1563,1101,4702.08,5176990
2025,5,1,2025-05,1564,1028,7025.39,7222101
2025,5,1,2025-05,1565,1403,6810.14,9554626
2025,5,1,2025-05,1566,1643,5619.6,9233003
2025,5,1,2025-05,1567,1799,4252.75,7650697
2025,5,1,2025-05,1568,2187,7058.75,15437486
2025,5,1,2025-05,1569,1781,4356.26,7758499
2025,5,1,2025-05,1570,1532,6642.75,10176693
2025,5,1,2025-05,1571,532,7641.56,4065310
2025,5,1,2025-05,1572,1537,5753.43,8843022
2025,5,1,2025-05,1573,1064,5010.96,5331661
2025,5,1,2025-05,1574,827,6618.26,5473301
2025,5,1,2025-05,1575,917,7060.87,6474818
2025,5,1,2025-05,1576,1317,6052.44,7971063
2025,5,1,2025-05,1577,1326,7605.96,10085503
2025,5,1,2025-05,1578,831,4282.68,3558907
2025,5,1,2025-05,1579,1980,5958.68,11798186
2025,5,1,2025-05,1580,1773,6718.27,11911493
2025,5,1,2025-05,1581,928,7307.01,6780905
2025,5,1,2025-05,1582,960,4817.99,4625270
2025,5,1,2025-05,1583,1476,7014.72,10353727
2025,5,1,2025-05,1584,1596,6099.52,9734834
2025,5,1,2025-05,1585,2179,5561.42,12118334
2025,5,1,2025-05,1586,1002,4572.79,4581936
2025,5,1,2025-05,1587,889,7278.31,6470418
2025,5,1,2025-05,1588,1171,4736.08,5545950
2025,5,1,2025-05,1589,792,5112.19,4048854
2025,5,1,2025-05,1590,2111,5226.23,11032572
2025,5,1,2025-05,1591,1730,7269.16,12575647
2025,5,1,2025-05,1592,968,6639.76,6427288
2025,5,1,2025-05,1593,1148,6943.78,7971459
2025,5,1,2025-05,1594,925,5152.16,4765748
2025,5,1,2025-05,1595,937,6419.45,6015025
2025,5,1,2025-05,1596,1067,6219.14,6635822
2025,5,1,2025-05,1597,1405,7104,9981120
2025,5,1,2025-05,1598,1528,7255.98,11087137
2025,5,1,2025-05,1599,1357,4205.85,5707338
2025,5,1,2025-05,1600,1064,6598.68,7020996
2025,5,1,2025-05,1601,1333,4364.01,5817225
2025,5,1,2025-05,1602,2135,6115.45,13056486
2025,5,1,2025-05,1603,1513,5191.95,7855420
2025,5,1,2025-05,1604,1604,5224.48,8380066
2025,5,1,2025-05,1605,972,5415.16,5263536
2025,5,1,2025-05,1606,831,6355.86,5281720
2025,5,1,2025-05,1607,1512,5318.65,8041799
2025,5,1,2025-05,1608,2296,6689.38,15358816
2025,5,1,2025-05,1609,1473,5602.3,8252188
2025,5,1,2025-05,1610,1207,4442.96,5362653
2025,5,1,2025-05,1611,2026,6875.77,13930310
2025,5,1,2025-05,1612,2157,5216.41,11251796
2025,5,1,2025-05,1613,2244,5719.75,12835119
2025,5,1,2025-05,1614,2013,6635.63,13357523
2025,5,1,2025-05,1615,762,5297.82,4036939
2025,5,1,2025-05,1616,1680,4350.28,7308470
2025,5,1,2025-05,1617,936,5495.38,5143676
2025,5,1,2025-05,1618,1792,7568.69,13563092
2025,5,1,2025-05,1619,1025,6406.7,6566868
2025,5,1,2025-05,1620,1408,6560.81,9237620
2025,5,1,2025-05,1621,2338,6425.86,15023661
2025,5,1,2025-05,1622,1492,4931.48,7357768
2025,5,1,2025-05,1623,1939,5617.86,10893031
2025,5,1,2025-05,1624,2098,6813.91,14295583
2025,5,1,2025-05,1625,1994,4563.78,9100177
2025,5,1,2025-05,1626,1701,5163.11,8782450
2025,5,1,2025-05,1627,929,5194.76,4825932
2025,5,1,2025-05,1628,1546,5703.05,8816915
2025,5,1,2025-05,1629,888,7667.32,6808580
2025,5,1,2025-05,1630,1523,4338.32,6607261
2025,5,1,2025-05,1631,1373,5924.15,8133858
2025,5,1,2025-05,1632,1072,4769.31,5112700
2025,5,1,2025-05,1633,992,7617.84,7556897
2025,5,1,2025-05,1634,745,4555.33,3393721
2025,5,1,2025-05,1635,1742,5584.79,9728704
2025,5,1,2025-05,1636,1266,6828.74,8645185
2025,5,1,2025-05,1637,1196,6685.54,7995906
2025,5,1,2025-05,1638,1764,5681.25,10021725
2025,5,1,2025-05,1639,1452,5384.6,7818439
2025,5,1,2025-05,1640,1132,5490.17,6214872
2025,5,1,2025-05,1641,1319,5142.92,6783511
2025,5,1,2025-05,1642,1408,4885.25,6878432
2025,5,1,2025-05,1643,534,5831.86,3114213
2025,5,1,2025-05,1644,1835,5207.39,9555561
2025,5,1,2025-05,1645,916,5238.78,4798722
2025,5,1,2025-05,1646,832,6504.95,5412118
2025,5,1,2025-05,1647,754,7581.27,5716278
2025,5,1,2025-05,1648,1605,6235.29,10007640
2025,5,1,2025-05,1649,1819,4440.71,8077651
2025,5,1,2025-05,1650,1573,4379.7,6889268
2025,5,1,2025-05,1651,1996,7550.91,15071616
2025,5,1,2025-05,1652,1052,5227.11,5498920
2025,5,1,2025-05,1653,1287,4515.97,5812053
2025,5,1,2025-05,1654,1973,6332.07,12493174
2025,5,1,2025-05,1655,1797,6350.19,11411291
2025,5,1,2025-05,1656,1663,6525.65,10852156
2025,5,1,2025-05,1657,2052,5113.62,10493148
2025,5,1,2025-05,1658,1266,4175.69,5286424
2025,5,1,2025-05,1659,1611,7639.97,12307992
2025,5,1,2025-05,1660,1715,5127.67,8793954
2025,5,1,2025-05,1661,1520,6590.95,10018244
2025,5,1,2025-05,1662,1501,6684.58,10033555
2025,5,1,2025-05,1663,2010,6375.73,12815217
2025,5,1,2025-05,1664,676,5206.85,3519831
2025,5,1,2025-05,1665,1188,5061.16,6012658
2025,5,1,2025-05,1666,2406,6326.93,15222594
2025,5,1,2025-05,1667,942,7297.1,6873868
2025,5,1,2025-05,1668,1814,7497.77,13600955
2025,5,1,2025-05,1669,1931,4486.82,8664049
2025,5,1,2025-05,1670,1539,4676.42,7197010
2025,5,1,2025-05,1671,1848,7569.46,13988362
2025,5,1,2025-05,1672,1604,6764.87,10850851
2025,5,1,2025-05,1673,1617,7280.18,11772051
2025,5,1,2025-05,1674,1669,4844.73,8085854
2025,5,1,2025-05,1675,597,6268.1,3742056
2025,5,1,2025-05,1676,986,6607.79,6515281
2025,5,1,2025-05,1677,1886,6586.33,12421818
2025,5,1,2025-05,1678,1798,5508.2,9903744
2025,5,1,2025-05,1679,1395,4189.11,5843808
2025,5,1,2025-05,1680,1049,6225.37,6530413
2025,5,1,2025-05,1681,553,5150.36,2848149
2025,5,1,2025-05,1682,1849,5676.4,10495664
2025,5,1,2025-05,1683,1480,7612.14,11265967
2025,5,1,2025-05,1684,1477,5587.89,8253314
2025,5,1,2025-05,1685,1404,7202.22,10111917
2025,5,1,2025-05,1686,1384,4900.17,6781835
2025,5,1,2025-05,1687,1920,6560.17,12595526
2025,5,1,2025-05,1688,1960,7606.38,14908505
2025,5,1,2025-05,1689,1859,4614.91,8579118
2025,5,1,2025-05,1690,868,4225.17,3667448
2025,5,1,2025-05,1691,922,5621.48,5183005
2025,5,1,2025-05,1692,889,4560.22,4054036
2025,5,1,2025-05,1693,672,6788.42,4561818
2025,5,1,2025-05,1694,1500,7440.78,11161170
2025,5,1,2025-05,1695,2111,5782.83,12207554
2025,5,1,2025-05,1696,1641,5058.77,8301442
2025,5,1,2025-05,1697,743,5704.26,4238265
2025,5,1,2025-05,1698,2047,6770.76,13859746
2025,5,1,2025-05,1699,1770,4143,7333110
2025,5,1,2025-05,1700,842,6349.37,5346170
2025,5,1,2025-05,1701,1933,6365.77,12305033
2025,5,1,2025-05,1702,674,6589.32,4441202
2025,5,1,2025-05,1703,1806,5067.43,9151779
2025,5,1,2025-05,1704,755,6765.53,5107975
2025,5,1,2025-05,1705,954,4455.16,4250223
2025,5,1,2025-05,1706,1153,4890.36,5638585
2025,5,1,2025-05,1707,1525,7319.3,11161932
2025,5,1,2025-05,1708,1440,6819.67,9820325
2025,5,1,2025-05,1709,734,4140.42,3039068
2025,5,1,2025-05,1710,1168,5051.52,5900175
2025,5,1,2025-05,1711,1837,4897.71,8997093
2025,5,1,2025-05,1712,1864,5117.86,9539691
2025,5,1,2025-05,1713,905,5080.46,4597816
2025,5,1,2025-05,1714,903,4364.05,3940737
2025,5,1,2025-05,1715,793,5884.87,4666702
2025,5,1,2025-05,1716,1322,6812.31,9005874
2025,5,1,2025-05,1717,657,6341.39,4166293
2025,5,1,2025-05,1718,586,6575.42,3853196
2025,5,1,2025-05,1719,1280,4454.36,5701581
2025,5,1,2025-05,1720,1577,7626.83,12027511
2025,5,1,2025-05,1721,1442,7077.23,10205366
2025,5,1,2025-05,1722,1606,7070.51,11355239
2025,5,1,2025-05,1723,968,7054.33,6828591
2025,5,1,2025-05,1724,993,7477.58,7425237
2025,5,1,2025-05,1725,2107,6106.56,12866522
2025,5,1,2025-05,1726,1509,4839.75,7303183
2025,5,1,2025-05,1727,1070,6380.07,6826675
2025,5,1,2025-05,1728,1882,6913.46,13011132
2025,5,1,2025-05,1729,726,6819.46,4950928
2025,5,1,2025-05,1730,1037,6009.1,6231437
2025,5,1,2025-05,1731,1725,4343.11,7491865
2025,5,1,2025-05,1732,1198,5433.7,6509573
2025,5,1,2025-05,1733,1058,7367.67,7794995
2025,5,1,2025-05,1734,1925,6236.23,12004743
2025,5,1,2025-05,1735,1594,6091.52,9709883
2025,5,1,2025-05,1736,1860,5101.51,9488809
2025,5,1,2025-05,1737,1902,5448.46,10362971
2025,5,1,2025-05,1738,821,7367.38,6048619
2025,5,1,2025-05,1739,826,6557.31,5416338
2025,5,1,2025-05,1740,1841,6980.76,12851579
2025,5,1,2025-05,1741,1294,5773.62,7471064
2025,5,1,2025-05,1742,1248,6379.47,7961579
2025,5,1,2025-05,1743,1209,5100.85,6166928
2025,5,1,2025-05,1744,1635,6658.86,10887236
2025,5,1,2025-05,1745,1262,5730.43,7231803
2025,5,1,2025-05,1746,1248,5721.54,7140482
2025,5,1,2025-05,1747,1877,6476.54,12156466
2025,5,1,2025-05,1748,2141,7513.16,16085676
2025,5,1,2025-05,1749,1087,4367.1,4747038
2025,5,1,2025-05,1750,1095,7054.03,7724163
2025,5,1,2025-05,1751,2073,5086.17,10543630
2025,5,1,2025-05,1752,1340,5723.1,7668954
2025,5,1,2025-05,1753,1739,4238.5,7370752
2025,5,1,2025-05,1754,1812,5261.66,9534128
2025,5,1,2025-05,1755,1672,6033.97,10088798
2025,5,1,2025-05,1756,2111,4382.53,9251521
2025,5,1,2025-05,1757,1237,5917.95,7320504
2025,5,1,2025-05,1758,855,7459.4,6377787
2025,5,1,2025-05,1759,1763,4549.53,8020821
2025,5,1,2025-05,1760,642,6920.54,4442987
2025,5,1,2025-05,1761,1400,5706.53,7989142
2025,5,1,2025-05,1762,1038,6505.24,6752439
2025,5,1,2025-05,1763,1973,5059.23,9981861
2025,5,1,2025-05,1764,1634,4711.67,7698869
2025,5,1,2025-05,1765,1144,4687.48,5362477
2025,5,1,2025-05,1766,1887,4535.65,8558772
2025,5,1,2025-05,1767,1794,4761.34,8541844
2025,5,1,2025-05,1768,1481,6514.59,9648108
2025,5,1,2025-05,1769,869,7299.58,6343335
2025,5,1,2025-05,1770,1888,7072.66,13353182
2025,5,1,2025-05,1771,1177,6595.37,7762750
2025,5,1,2025-05,1772,1551,4531.99,7029116
2025,5,1,2025-05,1773,955,5169.88,4937235
2025,5,1,2025-05,1774,1602,5287.78,8471024
2025,5,1,2025-05,1775,1428,5057.85,7222610
2025,5,1,2025-05,1776,838,5996.73,5025260
2025,5,1,2025-05,1777,1240,6056.97,7510643
2025,5,1,2025-05,1778,1748,5416.41,9467885
2025,5,1,2025-05,1779,702,5480.97,3847641
2025,5,1,2025-05,1780,1083,7134.12,7726252
2025,5,1,2025-05,1781,1897,7007.75,13293702
2025,5,1,2025-05,1782,1314,5330.41,7004159
2025,5,1,2025-05,1783,1308,7483.01,9787777
2025,5,1,2025-05,1784,1175,7543.29,8863366
2025,5,1,2025-05,1785,1429,5305.14,7581045
2025,5,1,2025-05,1786,1516,5396.39,8180927
2025,5,1,2025-05,1787,2084,5931.54,12361329
2025,5,1,2025-05,1788,1641,7557.65,12402104
2025,5,1,2025-05,1789,975,7289.03,7106804
2025,5,1,2025-05,1790,958,4519.78,4329949
2025,5,1,2025-05,1791,1635,5588.52,9137230
2025,5,1,2025-05,1792,722,6189.4,4468747
2025,5,1,2025-05,1793,1626,6011.44,9774601
2025,5,1,2025-05,1794,1675,4904.55,8215121
2025,5,1,2025-05,1795,1455,7182.34,10450305
2025,5,1,2025-05,1796,700,6624.77,4637339
2025,5,1,2025-05,1797,1553,7130.42,11073542
2025,5,1,2025-05,1798,1256,7250.48,9106603
2025,5,1,2025-05,1799,1364,6843.1,9333988
2025,5,1,2025-05,1800,2162,5606.98,12122291
2025,5,1,2025-05,1801,1330,6323.72,8410548
2025,5,1,2025-05,1802,1989,4789.78,9526872
2025,5,1,2025-05,1803,1302,6615.32,8613147
2025,5,1,2025-05,1804,1794,4798.31,8608168
2025,5,1,2025-05,1805,1086,6605.3,7173356
2025,5,1,2025-05,1806,748,4961.96,3711546
2025,5,1,2025-05,1807,1952,4625.72,9029405
2025,5,1,2025-05,1808,1601,4798.24,7681982
2025,5,1,2025-05,1809,1290,4244.64,5475586
2025,5,1,2025-05,1810,757,6719.12,5086374
2025,5,1,2025-05,1811,1893,6895.17,13052557
2025,5,1,2025-05,1812,1525,5966.44,9098821
2025,5,1,2025-05,1813,1903,4841.18,9212766
2025,5,1,2025-05,1814,1570,4534.17,7118647
2025,5,1,2025-05,1815,1815,4215.15,7650497
2025,5,1,2025-05,1816,1596,4776.61,7623470
2025,5,1,2025-05,1817,2157,7312.37,15772782
2025,5,1,2025-05,1818,1337,5026.59,6720551
2025,5,1,2025-05,1819,2228,5483.04,12216213
2025,5,1,2025-05,1820,1498,4531.06,6787528
2025,5,1,2025-05,1821,2220,4903.8,10886436
2025,5,1,2025-05,1822,1588,5948.08,9445551
2025,5,1,2025-05,1823,687,6300.42,4328389
2025,5,1,2025-05,1824,944,5041.95,4759601
2025,5,1,2025-05,1825,1193,4421.83,5275243
2025,5,1,2025-05,1826,649,5528.95,3588289
2025,5,1,2025-05,1827,2093,5017.1,10500790
2025,5,1,2025-05,1828,2087,5030.07,10497756
2025,5,1,2025-05,1829,1893,7515.1,14226084
2025,5,1,2025-05,1830,1296,6381.39,8270281
2025,5,1,2025-05,1831,1524,6121.49,9329151
2025,5,1,2025-05,1832,1962,5599.47,10986160
2025,5,1,2025-05,1833,1886,5702.72,10755330
2025,5,1,2025-05,1834,1689,6169.85,10420877
2025,5,1,2025-05,1835,1323,6643.64,8789536
2025,5,1,2025-05,1836,1540,6632.9,10214666
2025,5,1,2025-05,1837,2080,4724.26,9826461
2025,5,1,2025-05,1838,1277,5954.6,7604024
2025,5,1,2025-05,1839,847,5620.78,4760801
2025,5,1,2025-05,1840,1771,7228.5,12801674
2025,5,1,2025-05,1841,1100,6385.05,7023555
2025,5,1,2025-05,1842,1401,6079.84,8517856
2025,5,1,2025-05,1843,2082,4545.13,9462961
2025,5,1,2025-05,1844,1138,6303.95,7173895
2025,5,1,2025-05,1845,1256,4565.44,5734193
2025,5,1,2025-05,1846,1591,5396.46,8585768
2025,5,1,2025-05,1847,654,4686.98,3065285
2025,5,1,2025-05,1848,1115,6624.39,7386195
2025,5,1,2025-05,1849,1103,4916.87,5423308
2025,5,1,2025-05,1850,1594,5567.77,8875025
2025,5,1,2025-05,1851,1388,7393.33,10261942
2025,5,1,2025-05,1852,889,4815.51,4280988
2025,5,1,2025-05,1853,1552,6058.8,9403258
2025,5,1,2025-05,1854,1611,5646.99,9097301
2025,5,1,2025-05,1855,1340,4203.87,5633186
2025,5,1,2025-05,1856,1845,6972.38,12864041
2025,5,1,2025-05,1857,1233,4410.9,5438640
2025,5,1,2025-05,1858,1084,5810.23,6298289
2025,5,1,2025-05,1859,1171,6167.36,7221979
2025,5,1,2025-05,1860,2011,6411.25,12893024
2025,5,1,2025-05,1861,1895,6678.64,12656023
2025,5,1,2025-05,1862,1012,5025.73,5086039
2025,5,1,2025-05,1863,1678,4282.47,7185985
2025,5,1,2025-05,1864,1563,6718.18,10500515
2025,5,1,2025-05,1865,1484,6037.82,8960125
2025,5,1,2025-05,1866,1601,7121.89,11402146
2025,5,1,2025-05,1867,1044,7098.91,7411262
2025,5,1,2025-05,1868,793,7185.92,5698435
2025,5,1,2025-05,1869,997,5922.6,5904832
2025,5,1,2025-05,1870,1976,5302.83,10478392
2025,5,1,2025-05,1871,1197,6906.73,8267356
2025,5,1,2025-05,1872,1158,5788.88,6703523
2025,5,1,2025-05,1873,1601,4827.72,7729180
2025,5,1,2025-05,1874,1368,7229.93,9890544
2025,5,1,2025-05,1875,644,7316.73,4711974
2025,5,1,2025-05,1876,845,5775.15,4880002
2025,5,1,2025-05,1877,1892,4400.51,8325765
2025,5,1,2025-05,1878,1171,5563.04,6514320
2025,5,1,2025-05,1879,1972,7032.22,13867538
2025,5,1,2025-05,1880,1276,7426.66,9476418
2025,5,1,2025-05,1881,1002,4923.34,4933187
2025,5,1,2025-05,1882,701,4373.63,3065915
2025,5,1,2025-05,1883,1756,7386.26,12970273
2025,5,1,2025-05,1884,1472,5485.65,8074877
2025,5,1,2025-05,1885,1342,6061.72,8134828
2025,5,1,2025-05,1886,527,7618.25,4014818
2025,5,1,2025-05,1887,2150,4337.98,9326657
2025,5,1,2025-05,1888,2059,6416.82,13212232
2025,5,1,2025-05,1889,1415,4339.87,6140916
2025,5,1,2025-05,1890,890,5530.29,4921958
2025,5,1,2025-05,1891,1708,6861.76,11719886
2025,5,1,2025-05,1892,1094,5723.06,6261028
2025,5,1,2025-05,1893,1342,7759.82,10413678
2025,5,1,2025-05,1894,1518,6171.86,9368883
2025,5,1,2025-05,1895,1679,5275.24,8857128
2025,5,1,2025-05,1896,2043,4886.76,9983651
2025,5,1,2025-05,1897,1306,5481.84,7159283
2025,5,1,2025-05,1898,2127,5504.49,11708050
2025,5,1,2025-05,1899,1737,4337.72,7534620
2025,5,1,2025-05,1900,806,5444.42,4388203
2025,5,1,2025-05,1901,1268,5867.16,7439559
2025,5,1,2025-05,1902,1341,6793.69,9110338
2025,5,1,2025-05,1903,1748,6501,11363748
2025,5,1,2025-05,1904,828,6760.92,5598042
2025,5,1,2025-05,1905,746,4193.97,3128702
2025,5,1,2025-05,1906,818,4901.03,4009043
2025,5,1,2025-05,1907,1230,6453.24,7937485
2025,5,1,2025-05,1908,1365,5978.13,8160147
2025,5,1,2025-05,1909,946,4082.43,3861979
2025,5,1,2025-05,1910,1523,7025.6,10699989
2025,5,1,2025-05,1911,1922,7003.12,13459997
2025,5,1,2025-05,1912,734,6106.73,4482340
2025,5,1,2025-05,1913,1998,4446.96,8885026
2025,5,1,2025-05,1914,1488,6930.77,10312986
2025,5,1,2025-05,1915,666,6262.69,4170952
2025,5,1,2025-05,1916,658,6954.51,4576068
2025,5,1,2025-05,1917,1000,6822.37,6822370
2025,5,1,2025-05,1918,1649,7001.27,11545094
2025,5,1,2025-05,1919,914,5973.14,5459450
2025,5,1,2025-05,1920,1520,4637.44,7048909
2025,5,1,2025-05,1921,1080,6560.36,7085189
2025,5,1,2025-05,1922,1854,6335.88,11746722
2025,5,1,2025-05,1923,1163,6817.61,7928880
2025,5,1,2025-05,1924,1237,4754.43,5881230
2025,5,1,2025-05,1925,719,4959.31,3565744
2025,5,1,2025-05,1926,1269,7426.47,9424190
2025,5,1,2025-05,1927,1726,6840.24,11806254
2025,5,1,2025-05,1928,2076,7320.07,15196465
2025,5,1,2025-05,1929,851,6893.75,5866581
2025,5,1,2025-05,1930,2029,6357.39,12899144
2025,5,1,2025-05,1931,942,6394.82,6023920
2025,5,1,2025-05,1932,2070,7357.92,15230894
2025,5,1,2025-05,1933,1365,6267.76,8555492
2025,5,1,2025-05,1934,1812,6431,11652972
2025,5,1,2025-05,1935,2029,4737.37,9612124
2025,5,1,2025-05,1936,1912,5828.51,11144111
2025,5,1,2025-05,1937,1853,6733.11,12476453
2025,5,1,2025-05,1938,563,5123.84,2884722
2025,5,1,2025-05,1939,721,4859.15,3503447
2025,5,1,2025-05,1940,1009,5265.66,5313051
2025,5,1,2025-05,1941,552,4954.9,2735105
2025,5,1,2025-05,1942,1248,4876.15,6085435
2025,5,1,2025-05,1943,1638,5627.1,9217190
2025,5,1,2025-05,1944,892,7417.37,6616294
2025,5,1,2025-05,1945,1446,5933.02,8579147
2025,5,1,2025-05,1946,2026,4878.56,9883963
2025,5,1,2025-05,1947,1877,4424.55,8304880
2025,5,1,2025-05,1948,734,6651.27,4882032
2025,5,1,2025-05,1949,1131,5498.87,6219222
2025,5,1,2025-05,1950,1619,7114.72,11518732
2025,5,1,2025-05,1951,1138,6517.87,7417336
2025,5,1,2025-05,1952,1593,7060.14,11246803
2025,5,1,2025-05,1953,1378,5177.53,7134636
2025,5,1,2025-05,1954,1744,6566.36,11451732
2025,5,1,2025-05,1955,647,5151.56,3333059
2025,5,1,2025-05,1956,1582,7489.81,11848879
2025,5,1,2025-05,1957,1797,6419.2,11535302
2025,5,1,2025-05,1958,1678,5389.84,9044152
2025,5,1,2025-05,1959,1669,5119.86,8545046
2025,5,1,2025-05,1960,801,4825.58,3865290
2025,5,1,2025-05,1961,1748,6698.82,11709537
2025,5,1,2025-05,1962,1848,4860.98,8983091
2025,5,1,2025-05,1963,1770,6303.29,11156823
2025,5,1,2025-05,1964,704,5058.96,3561508
2025,5,1,2025-05,1965,1831,6499.97,11901445
2025,5,1,2025-05,1966,1468,7086.97,10403672
2025,5,1,2025-05,1967,2195,6842.18,15018585
2025,5,1,2025-05,1968,1264,6963.97,8802458
2025,5,1,2025-05,1969,910,4854.44,4417540
2025,5,1,2025-05,1970,1493,4507.81,6730160
2025,5,1,2025-05,1971,984,6610.34,6504575
2025,5,1,2025-05,1972,930,5408.88,5030258
2025,5,1,2025-05,1973,1548,5705.31,8831820
2025,5,1,2025-05,1974,1484,4237.99,6289177
2025,5,1,2025-05,1975,1529,5062.85,7741098
2025,5,1,2025-05,1976,2229,4344.56,9684024
2025,5,1,2025-05,1977,982,7284.34,7153222
2025,5,1,2025-05,1978,1575,5050.62,7954726
2025,5,1,2025-05,1979,1848,6156.16,11376584
2025,5,1,2025-05,1980,1406,4371.48,6146301
2025,5,1,2025-05,1981,1380,6472.43,8931953
2025,5,1,2025-05,1982,615,5282.01,3248436
2025,5,1,2025-05,1983,1147,7311.36,8386130
2025,5,1,2025-05,1984,610,7425.83,4529756
2025,5,1,2025-05,1985,2099,5176.5,10865474
2025,5,1,2025-05,1986,1040,7397.73,7693639
2025,5,1,2025-05,1987,1518,7741.97,11752310
2025,5,1,2025-05,1988,1996,7113.49,14198526
2025,5,1,2025-05,1989,1611,7132.57,11490570
2025,5,1,2025-05,1990,646,5008.68,3235607
2025,5,1,2025-05,1991,1520,6233.58,9475042
2025,5,1,2025-05,1992,776,4400.13,3414501
2025,5,1,2025-05,1993,981,4451.95,4367363
2025,5,1,2025-05,1994,1598,7729.12,12351134
2025,5,1,2025-05,1995,1151,5341.19,6147710
2025,5,1,2025-05,1996,1368,6854.7,9377230
2025,5,1,2025-05,1997,1978,7066.4,13977339
2025,5,1,2025-05,1998,2144,7161.17,15353548
2025,5,1,2025-05,1999,1233,7701.06,9495407
2025,5,1,2025-05,2000,1580,4954.28,7827762
2025,5,1,2025-05,2001,913,4324.86,3948597
2025,5,1,2025-05,2002,1454,5560.9,8085549
2025,5,1,2025-05,2003,1201,4582.17,5503186
2025,5,1,2025-05,2004,1013,4213.88,4268660
2025,5,1,2025-05,2005,1817,5451.39,9905176
2025,5,1,2025-05,2006,1822,6930.13,12626697
2025,5,1,2025-05,2007,1373,6121.18,8404380
2025,5,1,2025-05,2008,1124,5291.91,5948107
2025,5,1,2025-05,2009,979,6503.46,6366887
2025,5,1,2025-05,2010,1957,4899,9587343
2025,5,1,2025-05,2011,1666,4198.26,6994301
2025,5,1,2025-05,2012,1125,6899.58,7762028
2025,5,1,2025-05,2013,1478,6407.27,9469945
2025,5,1,2025-05,2014,2031,6859.32,13931279
2025,5,1,2025-05,2015,717,4384.26,3143514
2025,5,1,2025-05,2016,1860,7149.49,13298051
2025,5,1,2025-05,2017,1185,6413.5,7599998
2025,5,1,2025-05,2018,2095,6148.33,12880751
2025,5,1,2025-05,2019,1960,6427.8,12598488
2025,5,1,2025-05,2020,1166,7238.13,8439660
2025,5,1,2025-05,2021,760,6308.89,4794756
2025,5,1,2025-05,2022,1357,6213.01,8431055
2025,5,1,2025-05,2023,1499,7700.74,11543409
2025,5,1,2025-05,2024,1709,6842.09,11693132
2025,5,1,2025-05,2025,808,5734.04,4633104
2025,5,1,2025-05,2026,1181,6688.12,7898670
2025,5,1,2025-05,2027,1082,5455.09,5902407
2025,5,1,2025-05,2028,1968,5031.56,9902110
2025,5,1,2025-05,2029,1689,6216.89,10500327
2025,5,1,2025-05,2030,979,7525.92,7367876
2025,5,1,2025-05,2031,998,7503.58,7488573
2025,5,1,2025-05,2032,603,5421.19,3268978
2025,5,1,2025-05,2033,1058,6010.27,6358866
2025,5,1,2025-05,2034,1042,4901.95,5107832
2025,5,1,2025-05,2035,1566,7747.19,12132100
2025,5,1,2025-05,2036,1705,7590.91,12942502
2025,5,1,2025-05,2037,921,6430.88,5922840
2025,5,1,2025-05,2038,842,6951.05,5852784
2025,5,1,2025-05,2039,908,6755.23,6133749
2025,5,1,2025-05,2040,943,6264.48,5907405
2025,5,1,2025-05,2041,1208,4386.34,5298699
2025,5,1,2025-05,2042,841,5813.27,4888960
2025,5,1,2025-05,2043,1837,6618.78,12158699
2025,5,1,2025-05,2044,696,6555.08,4562336
2025,5,1,2025-05,2045,1504,5433.54,8172044
2025,5,1,2025-05,2046,1944,7529.27,14636901
2025,5,1,2025-05,2047,1631,4745.02,7739128
2025,5,1,2025-05,2048,925,5984.09,5535283
2025,5,1,2025-05,2049,754,6631.37,5000053
2025,5,1,2025-05,2050,1857,6686.54,12416905
2025,5,1,2025-05,2051,2144,6525.5,13990672
2025,5,1,2025-05,2052,852,5074.51,4323483
2025,5,1,2025-05,2053,2446,4628.27,11320748
2025,5,1,2025-05,2054,2081,6366.51,13248707
2025,5,1,2025-05,2055,1122,6250.38,7012926
2025,5,1,2025-05,2056,993,4788.54,4755020
2025,5,1,2025-05,2057,1398,6631.46,9270781
2025,5,1,2025-05,2058,1955,5810.85,11360212
2025,5,1,2025-05,2059,837,6561.55,5492017
2025,5,1,2025-05,2060,2152,7143.75,15373350
2025,5,1,2025-05,2061,1638,4778.46,7827117
2025,5,1,2025-05,2062,1284,4257.46,5466579
2025,5,1,2025-05,2063,902,6913.31,6235806
2025,5,1,2025-05,2064,1154,6365.9,7346249
2025,5,1,2025-05,2065,1608,6574.59,10571941
2025,5,1,2025-05,2066,1661,7132.33,11846800
2025,5,1,2025-05,2067,1885,7061.35,13310645
2025,5,1,2025-05,2068,1901,7537.37,14328540
2025,5,1,2025-05,2069,783,6018.74,4712673
2025,5,1,2025-05,2070,1724,5872.46,10124121
2025,5,1,2025-05,2071,1647,5590.57,9207669
2025,5,1,2025-05,2072,1227,4699.26,5765992
2025,5,1,2025-05,2073,1000,6228.82,6228820
2025,5,1,2025-05,2074,1196,5204.46,6224534
2025,5,1,2025-05,2075,1613,7453.82,12023012
2025,5,1,2025-05,2076,2005,6279.94,12591280
2025,5,1,2025-05,2077,1614,6269.81,10119473
2025,5,1,2025-05,2078,1898,5397.45,10244360
2025,5,1,2025-05,2079,1374,4393.38,6036504
2025,5,1,2025-05,2080,2021,4258.88,8607196
2025,5,1,2025-05,2081,789,5611.85,4427750
2025,5,1,2025-05,2082,1186,4497,5333442
2025,5,1,2025-05,2083,872,6362.42,5548030
2025,5,1,2025-05,2084,2191,7325.81,16050850
2025,6,1,2025-06,1,1799,7115.38,12800569
2025,6,1,2025-06,2,2348,4856.68,11403485
2025,6,1,2025-06,3,1515,4445.45,6734857
2025,6,1,2025-06,4,1860,5070.62,9431353
2025,6,1,2025-06,5,1971,4251.35,8379411
2025,6,1,2025-06,6,1819,5986.45,10889353
2025,6,1,2025-06,7,1872,7396.6,13846435
2025,6,1,2025-06,8,848,4263.51,3615456
2025,6,1,2025-06,9,1250,4512.45,5640562
2025,6,1,2025-06,10,1897,5714.13,10839705
2025,6,1,2025-06,11,1195,7389,8829855
2025,6,1,2025-06,12,2088,5190.96,10838724
2025,6,1,2025-06,13,596,5888.77,3509707
2025,6,1,2025-06,14,2064,4233.21,8737345
2025,6,1,2025-06,15,1824,4552.34,8303468
2025,6,1,2025-06,16,1731,7654.85,13250545
2025,6,1,2025-06,17,784,7543.19,5913861
2025,6,1,2025-06,18,2024,4029.91,8156538
2025,6,1,2025-06,19,1513,7458.51,11284726
2025,6,1,2025-06,20,909,6251.08,5682232
2025,6,1,2025-06,21,2403,7131.92,17138004
2025,6,1,2025-06,22,1486,5746.9,8539893
2025,6,1,2025-06,23,1186,5925.89,7028106
2025,6,1,2025-06,24,1993,5770.56,11500726
2025,6,1,2025-06,25,1510,6475.89,9778594
2025,6,1,2025-06,26,1003,4543.24,4556870
2025,6,1,2025-06,27,1875,4120.37,7725694
2025,6,1,2025-06,28,1229,5200.29,6391156
2025,6,1,2025-06,29,2226,6559.34,14601091
2025,6,1,2025-06,30,865,4772.45,4128169
2025,6,1,2025-06,31,1039,6469.45,6721759
2025,6,1,2025-06,32,1411,7574.5,10687620
2025,6,1,2025-06,33,1529,4449.99,6804035
2025,6,1,2025-06,34,1288,6471.29,8335022
2025,6,1,2025-06,35,1739,5651.81,9828498
2025,6,1,2025-06,36,1241,7185.3,8916957
2025,6,1,2025-06,37,2281,4662.03,10634090
2025,6,1,2025-06,38,1270,6551.87,8320875
2025,6,1,2025-06,39,1680,7064.43,11868242
2025,6,1,2025-06,40,957,7402.42,7084116
2025,6,1,2025-06,41,1645,6504.49,10699886
2025,6,1,2025-06,42,1589,5894.41,9366217
2025,6,1,2025-06,43,1580,6237.2,9854776
2025,6,1,2025-06,44,1454,7214.94,10490523
2025,6,1,2025-06,45,2209,6074.57,13418725
2025,6,1,2025-06,46,1696,4175.91,7082343
2025,6,1,2025-06,47,2036,7420.82,15108790
2025,6,1,2025-06,48,1304,6501.42,8477852
2025,6,1,2025-06,49,580,6476.88,3756590
2025,6,1,2025-06,50,1600,4875.24,7800384
2025,6,1,2025-06,51,805,6448.92,5191381
2025,6,1,2025-06,52,2012,5512.38,11090909
2025,6,1,2025-06,53,1009,6427.37,6485216
2025,6,1,2025-06,54,1249,4484.39,5601003
2025,6,1,2025-06,55,1140,6440.28,7341919
2025,6,1,2025-06,56,655,7647.38,5009034
2025,6,1,2025-06,57,989,4332.47,4284813
2025,6,1,2025-06,58,1427,7632.87,10892105
2025,6,1,2025-06,59,2085,5635.99,11751039
2025,6,1,2025-06,60,1029,7182.28,7390566
2025,6,1,2025-06,61,1502,6867.54,10315045
2025,6,1,2025-06,62,2179,6038.48,13157848
2025,6,1,2025-06,63,664,6636.91,4406908
2025,6,1,2025-06,64,2131,7200.93,15345182
2025,6,1,2025-06,65,1684,5593.83,9420010
2025,6,1,2025-06,66,2331,5290.38,12331876
2025,6,1,2025-06,67,2028,6447.82,13076179
2025,6,1,2025-06,68,1234,6983.91,8618145
2025,6,1,2025-06,69,1437,6755.63,9707840
2025,6,1,2025-06,70,955,6955.7,6642694
2025,6,1,2025-06,71,1168,5638.2,6585418
2025,6,1,2025-06,72,1975,7058.79,13941110
2025,6,1,2025-06,73,2256,4510.67,10176072
2025,6,1,2025-06,74,1732,5877.46,10179761
2025,6,1,2025-06,75,1742,4090.29,7125285
2025,6,1,2025-06,76,2115,5230.08,11061619
2025,6,1,2025-06,77,1333,5382.71,7175152
2025,6,1,2025-06,78,1786,5407.15,9657170
2025,6,1,2025-06,79,2116,6659.29,14091058
2025,6,1,2025-06,80,1370,5471.86,7496448
2025,6,1,2025-06,81,1063,5672.36,6029719
2025,6,1,2025-06,82,1313,4903.34,6438085
2025,6,1,2025-06,83,1082,5386.63,5828334
2025,6,1,2025-06,84,1028,4824.51,4959596
2025,6,1,2025-06,85,1796,4393.26,7890295
2025,6,1,2025-06,86,955,6235.33,5954740
2025,6,1,2025-06,87,1544,6470.23,9990035
2025,6,1,2025-06,88,2163,6342.13,13718027
2025,6,1,2025-06,89,1276,5713.5,7290426
2025,6,1,2025-06,90,2376,5495.45,13057189
2025,6,1,2025-06,91,2045,7142.65,14606719
2025,6,1,2025-06,92,1908,5898.33,11254014
2025,6,1,2025-06,93,910,5775.57,5255769
2025,6,1,2025-06,94,1236,4164.05,5146766
2025,6,1,2025-06,95,1010,5350.3,5403803
2025,6,1,2025-06,96,1526,5449.34,8315693
2025,6,1,2025-06,97,1807,5520.18,9974965
2025,6,1,2025-06,98,1581,6096.15,9638013
2025,6,1,2025-06,99,819,5992.66,4907989
2025,6,1,2025-06,100,1630,6177.51,10069341
2025,6,1,2025-06,101,885,6781.5,6001628
2025,6,1,2025-06,102,1320,6984.8,9219936
2025,6,1,2025-06,103,1164,6586.17,7666302
2025,6,1,2025-06,104,1962,7596.12,14903587
2025,6,1,2025-06,105,1770,4121.15,7294435
2025,6,1,2025-06,106,734,4831.5,3546321
2025,6,1,2025-06,107,800,4144.88,3315904
2025,6,1,2025-06,108,1042,6424.64,6694475
2025,6,1,2025-06,109,2065,7308.36,15091763
2025,6,1,2025-06,110,2014,4905.31,9879294
2025,6,1,2025-06,111,1356,7415.98,10056069
2025,6,1,2025-06,112,2463,4289.63,10565359
2025,6,1,2025-06,113,1723,7333.63,12635844
2025,6,1,2025-06,114,2009,5363.14,10774548
2025,6,1,2025-06,115,1328,4433.5,5887688
2025,6,1,2025-06,116,1004,5736.65,5759597
2025,6,1,2025-06,117,1202,5099.83,6129996
2025,6,1,2025-06,118,1029,5176.9,5327030
2025,6,1,2025-06,119,1156,5194.75,6005131
2025,6,1,2025-06,120,991,6964.01,6901334
2025,6,1,2025-06,121,1851,6011.95,11128119
2025,6,1,2025-06,122,910,5090.82,4632646
2025,6,1,2025-06,123,1656,6281.96,10402926
2025,6,1,2025-06,124,758,6652.81,5042830
2025,6,1,2025-06,125,828,5072.35,4199906
2025,6,1,2025-06,126,1397,5526.53,7720562
2025,6,1,2025-06,127,1504,4506.13,6777220
2025,6,1,2025-06,128,1796,4737.35,8508281
2025,6,1,2025-06,129,1744,6504.64,11344092
2025,6,1,2025-06,130,1323,4726.01,6252511
2025,6,1,2025-06,131,1284,5970.39,7665981
2025,6,1,2025-06,132,1540,6626.41,10204671
2025,6,1,2025-06,133,935,4469.96,4179413
2025,6,1,2025-06,134,1416,6123.14,8670366
2025,6,1,2025-06,135,1590,4948.02,7867352
2025,6,1,2025-06,136,1884,7494.77,14120147
2025,6,1,2025-06,137,1249,5753.3,7185872
2025,6,1,2025-06,138,2317,6926.52,16048747
2025,6,1,2025-06,139,1413,6039.95,8534449
2025,6,1,2025-06,140,1727,4189.06,7234507
2025,6,1,2025-06,141,1830,6431.88,11770340
2025,6,1,2025-06,142,1244,7551.39,9393929
2025,6,1,2025-06,143,1499,6168.16,9246072
2025,6,1,2025-06,144,1062,7006.17,7440553
2025,6,1,2025-06,145,1518,7312.86,11100921
2025,6,1,2025-06,146,1813,4862.15,8815078
2025,6,1,2025-06,147,1034,4867.51,5033005
2025,6,1,2025-06,148,1014,6330.39,6419015
2025,6,1,2025-06,149,1791,5564.08,9965267
2025,6,1,2025-06,150,1722,7128.66,12275553
2025,6,1,2025-06,151,1940,7234.37,14034678
2025,6,1,2025-06,152,1797,5316.34,9553463
2025,6,1,2025-06,153,1390,4921.86,6841385
2025,6,1,2025-06,154,1896,6860.37,13007262
2025,6,1,2025-06,155,1488,5106.8,7598918
2025,6,1,2025-06,156,1801,7031.79,12664254
2025,6,1,2025-06,157,823,5595.41,4605022
2025,6,1,2025-06,158,1074,6373.83,6845493
2025,6,1,2025-06,159,2101,4411.49,9268540
2025,6,1,2025-06,160,1055,6252.96,6596873
2025,6,1,2025-06,161,1511,5658.78,8550417
2025,6,1,2025-06,162,1720,6153.49,10584003
2025,6,1,2025-06,163,1394,4706.98,6561530
2025,6,1,2025-06,164,1750,6709.99,11742482
2025,6,1,2025-06,165,1389,7228.35,10040178
2025,6,1,2025-06,166,1906,4886.82,9314279
2025,6,1,2025-06,167,2025,4403.21,8916500
2025,6,1,2025-06,168,1964,4097.74,8047961
2025,6,1,2025-06,169,1266,6362.97,8055520
2025,6,1,2025-06,170,1343,6293.38,8452009
2025,6,1,2025-06,171,1134,5992.42,6795404
2025,6,1,2025-06,172,1771,4884.88,8651122
2025,6,1,2025-06,173,1333,5442.07,7254279
2025,6,1,2025-06,174,1596,6208.06,9908064
2025,6,1,2025-06,175,1761,5828.9,10264693
2025,6,1,2025-06,176,2164,7582.06,16407578
2025,6,1,2025-06,177,2148,4560.01,9794901
2025,6,1,2025-06,178,2042,6560.7,13396949
2025,6,1,2025-06,179,2374,5544.56,13162785
2025,6,1,2025-06,180,1914,5606.04,10729961
2025,6,1,2025-06,181,715,6702.48,4792273
2025,6,1,2025-06,182,1963,6543.11,12844125
2025,6,1,2025-06,183,1952,7537.5,14713200
2025,6,1,2025-06,184,2167,4520.68,9796314
2025,6,1,2025-06,185,1975,4423.18,8735780
2025,6,1,2025-06,186,1487,6688.19,9945339
2025,6,1,2025-06,187,1384,6162.6,8529038
2025,6,1,2025-06,188,1506,5071.55,7637754
2025,6,1,2025-06,189,2038,4394.35,8955685
2025,6,1,2025-06,190,2401,4410.75,10590211
2025,6,1,2025-06,191,1568,7322.3,11481366
2025,6,1,2025-06,192,2366,4791.7,11337162
2025,6,1,2025-06,193,2395,5236.78,12542088
2025,6,1,2025-06,194,1466,4937.46,7238316
2025,6,1,2025-06,195,987,5367.32,5297545
2025,6,1,2025-06,196,2115,4350.06,9200377
2025,6,1,2025-06,197,2093,5904.46,12358035
2025,6,1,2025-06,198,1364,4279.35,5837033
2025,6,1,2025-06,199,1321,6925.62,9148744
2025,6,1,2025-06,200,2160,4955.9,10704744
2025,6,1,2025-06,201,2052,6001.61,12315304
2025,6,1,2025-06,202,1925,7199.59,13859211
2025,6,1,2025-06,203,1907,6378.73,12164238
2025,6,1,2025-06,204,1003,6036.98,6055091
2025,6,1,2025-06,205,1288,5168.99,6657659
2025,6,1,2025-06,206,1841,5213.98,9598937
2025,6,1,2025-06,207,1992,6422.99,12794596
2025,6,1,2025-06,208,1908,7603.64,14507745
2025,6,1,2025-06,209,1955,6467,12642985
2025,6,1,2025-06,210,1613,6044.94,9750488
2025,6,1,2025-06,211,2098,6622.48,13893963
2025,6,1,2025-06,212,1370,5773.59,7909818
2025,6,1,2025-06,213,811,4313.51,3498257
2025,6,1,2025-06,214,700,6148.14,4303698
2025,6,1,2025-06,215,1218,7604.69,9262512
2025,6,1,2025-06,216,970,4683.75,4543238
2025,6,1,2025-06,217,1597,6591.36,10526402
2025,6,1,2025-06,218,1991,4756.67,9470530
2025,6,1,2025-06,219,1059,6007.18,6361604
2025,6,1,2025-06,220,2166,4354.22,9431241
2025,6,1,2025-06,221,1732,5690.62,9856154
2025,6,1,2025-06,222,1905,6834.27,13019284
2025,6,1,2025-06,223,1440,5418.88,7803187
2025,6,1,2025-06,224,2365,6458.46,15274258
2025,6,1,2025-06,225,1020,6873.89,7011368
2025,6,1,2025-06,226,1555,7446.98,11580054
2025,6,1,2025-06,227,2226,4956.04,11032145
2025,6,1,2025-06,228,996,5518.74,5496665
2025,6,1,2025-06,229,2044,4601.7,9405875
2025,6,1,2025-06,230,809,7584.31,6135707
2025,6,1,2025-06,231,1184,7397.13,8758202
2025,6,1,2025-06,232,1480,6028.28,8921854
2025,6,1,2025-06,233,1222,7077.91,8649206
2025,6,1,2025-06,234,1016,5953.51,6048766
2025,6,1,2025-06,235,1780,6310.64,11232939
2025,6,1,2025-06,236,1014,4472.75,4535368
2025,6,1,2025-06,237,1773,6814.51,12082126
2025,6,1,2025-06,238,1617,4621.04,7472222
2025,6,1,2025-06,239,906,6991.23,6334054
2025,6,1,2025-06,240,1170,6901.85,8075164
2025,6,1,2025-06,241,1926,6610.56,12731939
2025,6,1,2025-06,242,1882,4227.2,7955590
2025,6,1,2025-06,243,934,5141.2,4801881
2025,6,1,2025-06,244,2196,4976.75,10928943
2025,6,1,2025-06,245,1107,5318.94,5888067
2025,6,1,2025-06,246,1888,4441.1,8384797
2025,6,1,2025-06,247,1335,7404.91,9885555
2025,6,1,2025-06,248,1556,6071.98,9448001
2025,6,1,2025-06,249,1687,5084.78,8578024
2025,6,1,2025-06,250,1015,5470.01,5552060
2025,6,1,2025-06,251,2176,5688.3,12377741
2025,6,1,2025-06,252,904,6201.22,5605903
2025,6,1,2025-06,253,1893,5892.17,11153878
2025,6,1,2025-06,254,1936,7395.17,14317049
2025,6,1,2025-06,255,1031,5844.26,6025432
2025,6,1,2025-06,256,1560,7633.93,11908931
2025,6,1,2025-06,257,1351,7115.92,9613608
2025,6,1,2025-06,258,1063,4858.38,5164458
2025,6,1,2025-06,259,1551,7343.45,11389691
2025,6,1,2025-06,260,1260,4544.25,5725755
2025,6,1,2025-06,261,1036,7026.21,7279154
2025,6,1,2025-06,262,971,5459.59,5301262
2025,6,1,2025-06,263,2171,7243.16,15724900
2025,6,1,2025-06,264,2160,7135.25,15412140
2025,6,1,2025-06,265,796,6969.99,5548112
2025,6,1,2025-06,266,1008,6918.84,6974191
2025,6,1,2025-06,267,1143,5137.4,5872048
2025,6,1,2025-06,268,1281,4398.6,5634607
2025,6,1,2025-06,269,1822,5519.13,10055855
2025,6,1,2025-06,270,1678,4756.71,7981759
2025,6,1,2025-06,271,825,6592.17,5438540
2025,6,1,2025-06,272,1580,5345.14,8445321
2025,6,1,2025-06,273,1942,7540.99,14644603
2025,6,1,2025-06,274,807,6436.27,5194070
2025,6,1,2025-06,275,1106,7022.96,7767394
2025,6,1,2025-06,276,1589,4544.45,7221131
2025,6,1,2025-06,277,2001,7197.98,14403158
2025,6,1,2025-06,278,1698,7351.93,12483577
2025,6,1,2025-06,279,596,5886.97,3508634
2025,6,1,2025-06,280,2105,6350.72,13368266
2025,6,1,2025-06,281,1905,6746.13,12851378
2025,6,1,2025-06,282,1536,4784.79,7349437
2025,6,1,2025-06,283,1123,5882.65,6606216
2025,6,1,2025-06,284,1989,5460.58,10861094
2025,6,1,2025-06,285,1134,4546.14,5155323
2025,6,1,2025-06,286,888,5285.97,4693941
2025,6,1,2025-06,287,574,4274.31,2453454
2025,6,1,2025-06,288,1714,4183.35,7170262
2025,6,1,2025-06,289,1210,4525,5475250
2025,6,1,2025-06,290,1093,7475.03,8170208
2025,6,1,2025-06,291,2128,6005.56,12779832
2025,6,1,2025-06,292,2439,7517.71,18335695
2025,6,1,2025-06,293,762,5601.63,4268442
2025,6,1,2025-06,294,1010,5161.79,5213408
2025,6,1,2025-06,295,2068,5934.37,12272277
2025,6,1,2025-06,296,1841,5703.12,10499444
2025,6,1,2025-06,297,1251,4331.46,5418656
2025,6,1,2025-06,298,2201,6365.84,14011214
2025,6,1,2025-06,299,735,4850.06,3564794
2025,6,1,2025-06,300,883,6206.77,5480578
2025,6,1,2025-06,301,1601,6384.39,10221408
2025,6,1,2025-06,302,1529,4607.44,7044776
2025,6,1,2025-06,303,1030,4323.23,4452927
2025,6,1,2025-06,304,1459,6840.28,9979969
2025,6,1,2025-06,305,2071,5668.64,11739753
2025,6,1,2025-06,306,1797,4353.34,7822952
2025,6,1,2025-06,307,985,7617.9,7503632
2025,6,1,2025-06,308,1497,4265.21,6385019
2025,6,1,2025-06,309,981,6489.95,6366641
2025,6,1,2025-06,310,2149,7575.27,16279255
2025,6,1,2025-06,311,1342,4948.78,6641263
2025,6,1,2025-06,312,2317,4579.35,10610354
2025,6,1,2025-06,313,2134,4463.68,9525493
2025,6,1,2025-06,314,2086,5145.7,10733930
2025,6,1,2025-06,315,1127,4424.94,4986907
2025,6,1,2025-06,316,1225,6546.21,8019107
2025,6,1,2025-06,317,1749,4366.79,7637516
2025,6,1,2025-06,318,1370,5933.06,8128292
2025,6,1,2025-06,319,1226,7690.93,9429080
2025,6,1,2025-06,320,1715,6888.04,11812989
2025,6,1,2025-06,321,1383,6263.58,8662531
2025,6,1,2025-06,322,2101,5187.84,10899652
2025,6,1,2025-06,323,1904,6284.01,11964755
2025,6,1,2025-06,324,1506,5929.03,8929119
2025,6,1,2025-06,325,739,5618.56,4152116
2025,6,1,2025-06,326,978,4531.21,4431523
2025,6,1,2025-06,327,2214,7238.91,16026947
2025,6,1,2025-06,328,1094,5712.2,6249147
2025,6,1,2025-06,329,1024,4894.82,5012296
2025,6,1,2025-06,330,1907,5384.98,10269157
2025,6,1,2025-06,331,790,5589.39,4415618
2025,6,1,2025-06,332,1017,7076.99,7197299
2025,6,1,2025-06,333,1913,6752.89,12918279
2025,6,1,2025-06,334,1593,6803.7,10838294
2025,6,1,2025-06,335,975,4141.27,4037738
2025,6,1,2025-06,336,1615,5580.33,9012233
2025,6,1,2025-06,337,1767,5780.29,10213772
2025,6,1,2025-06,338,1109,4135.84,4586647
2025,6,1,2025-06,339,1831,5011.06,9175251
2025,6,1,2025-06,340,1793,6751.27,12105027
2025,6,1,2025-06,341,1365,4574.55,6244261
2025,6,1,2025-06,342,1417,5996.76,8497409
2025,6,1,2025-06,343,2050,4805.04,9850332
2025,6,1,2025-06,344,1751,4106.14,7189851
2025,6,1,2025-06,345,829,4975.86,4124988
2025,6,1,2025-06,346,1884,7513.32,14155095
2025,6,1,2025-06,347,2126,6992.5,14866055
2025,6,1,2025-06,348,1052,7553.59,7946377
2025,6,1,2025-06,349,1198,5831.72,6986401
2025,6,1,2025-06,350,1708,4501.38,7688357
2025,6,1,2025-06,351,2220,6046.47,13423163
2025,6,1,2025-06,352,1222,5657.53,6913502
2025,6,1,2025-06,353,820,7064.52,5792906
2025,6,1,2025-06,354,1785,4419.8,7889343
2025,6,1,2025-06,355,1158,5859.59,6785405
2025,6,1,2025-06,356,2072,4569.74,9468501
2025,6,1,2025-06,357,1207,5295.81,6392043
2025,6,1,2025-06,358,1175,6651.84,7815912
2025,6,1,2025-06,359,850,5786.82,4918797
2025,6,1,2025-06,360,1277,5457.92,6969764
2025,6,1,2025-06,361,1959,5481.29,10737847
2025,6,1,2025-06,362,1498,5736.83,8593771
2025,6,1,2025-06,363,1562,6781.25,10592312
2025,6,1,2025-06,364,1712,7278.57,12460912
2025,6,1,2025-06,365,968,7448.44,7210090
2025,6,1,2025-06,366,854,6805.41,5811820
2025,6,1,2025-06,367,1761,5171.67,9107311
2025,6,1,2025-06,368,1581,6623.32,10471469
2025,6,1,2025-06,369,2075,5676.08,11777866
2025,6,1,2025-06,370,2069,5035.71,10418884
2025,6,1,2025-06,371,1933,7128.42,13779236
2025,6,1,2025-06,372,900,4188.77,3769893
2025,6,1,2025-06,373,838,7327.93,6140805
2025,6,1,2025-06,374,1314,5788.3,7605826
2025,6,1,2025-06,375,1234,6355.73,7842971
2025,6,1,2025-06,376,2147,6372.11,13680920
2025,6,1,2025-06,377,1502,7259.04,10903078
2025,6,1,2025-06,378,1419,6350.94,9011984
2025,6,1,2025-06,379,2045,6321.52,12927508
2025,6,1,2025-06,380,1700,4231.37,7193329
2025,6,1,2025-06,381,1548,5932.09,9182875
2025,6,1,2025-06,382,722,4602.49,3322998
2025,6,1,2025-06,383,1182,6730.11,7954990
2025,6,1,2025-06,384,2362,5909.32,13957814
2025,6,1,2025-06,385,1719,6525.81,11217867
2025,6,1,2025-06,386,2036,4224.22,8600512
2025,6,1,2025-06,387,2168,4349.93,9430648
2025,6,1,2025-06,388,760,6617,5028920
2025,6,1,2025-06,389,2000,4338.87,8677740
2025,6,1,2025-06,390,1729,4280.32,7400673
2025,6,1,2025-06,391,2338,4153.28,9710369
2025,6,1,2025-06,392,1544,7513.6,11600998
2025,6,1,2025-06,393,1513,6672.15,10094963
2025,6,1,2025-06,394,1880,5351.02,10059918
2025,6,1,2025-06,395,1048,5147.86,5394957
2025,6,1,2025-06,396,1268,5336.74,6766986
2025,6,1,2025-06,397,1533,6753.82,10353606
2025,6,1,2025-06,398,1583,6507.25,10300977
2025,6,1,2025-06,399,758,4817.35,3651551
2025,6,1,2025-06,400,1201,4655.44,5591183
2025,6,1,2025-06,401,664,4402.08,2922981
2025,6,1,2025-06,402,1179,6490.5,7652300
2025,6,1,2025-06,403,862,6878.39,5929172
2025,6,1,2025-06,404,934,4995.16,4665479
2025,6,1,2025-06,405,1522,4176.2,6356176
2025,6,1,2025-06,406,1868,4382.3,8186136
2025,6,1,2025-06,407,1041,7504.74,7812434
2025,6,1,2025-06,408,2046,5191.55,10621911
2025,6,1,2025-06,409,1974,6793.43,13410231
2025,6,1,2025-06,410,2147,6306.35,13539733
2025,6,1,2025-06,411,1541,5375.24,8283245
2025,6,1,2025-06,412,1565,4789.48,7495536
2025,6,1,2025-06,413,1564,4534.19,7091473
2025,6,1,2025-06,414,794,6351.54,5043123
2025,6,1,2025-06,415,1421,6853.25,9738468
2025,6,1,2025-06,416,1886,6406.62,12082885
2025,6,1,2025-06,417,1849,6000.99,11095831
2025,6,1,2025-06,418,1042,4253.05,4431678
2025,6,1,2025-06,419,910,7517.07,6840534
2025,6,1,2025-06,420,1392,6906.26,9613514
2025,6,1,2025-06,421,2129,4976.75,10595501
2025,6,1,2025-06,422,1095,7586.71,8307447
2025,6,1,2025-06,423,1433,6225.15,8920640
2025,6,1,2025-06,424,1491,6185.61,9222745
2025,6,1,2025-06,425,1593,6806.89,10843376
2025,6,1,2025-06,426,1573,6964.28,10954812
2025,6,1,2025-06,427,1119,6465.26,7234626
2025,6,1,2025-06,428,1444,4506.7,6507675
2025,6,1,2025-06,429,1777,5261.94,9350467
2025,6,1,2025-06,430,1117,7327.89,8185253
2025,6,1,2025-06,431,1881,4877.86,9175255
2025,6,1,2025-06,432,1739,5446.57,9471585
2025,6,1,2025-06,433,864,5613.51,4850073
2025,6,1,2025-06,434,1901,5676.56,10791141
2025,6,1,2025-06,435,2103,6274.99,13196304
2025,6,1,2025-06,436,1532,7436.1,11392105
2025,6,1,2025-06,437,1507,4975.04,7497385
2025,6,1,2025-06,438,1784,4474.35,7982240
2025,6,1,2025-06,439,1614,4801.08,7748943
2025,6,1,2025-06,440,1996,7249.55,14470102
2025,6,1,2025-06,441,959,6426.66,6163167
2025,6,1,2025-06,442,1602,5091.63,8156791
2025,6,1,2025-06,443,1536,6961.23,10692449
2025,6,1,2025-06,444,1581,7175.54,11344529
2025,6,1,2025-06,445,1268,7142.76,9057020
2025,6,1,2025-06,446,1002,7423.4,7438247
2025,6,1,2025-06,447,1244,4977.49,6191998
2025,6,1,2025-06,448,1464,6793.73,9946021
2025,6,1,2025-06,449,1794,5802.87,10410349
2025,6,1,2025-06,450,1411,7107.26,10028344
2025,6,1,2025-06,451,1177,6751.17,7946127
2025,6,1,2025-06,452,1512,6918,10460016
2025,6,1,2025-06,453,1835,6490.7,11910434
2025,6,1,2025-06,454,2219,4699.66,10428546
2025,6,1,2025-06,455,1431,5993.86,8577214
2025,6,1,2025-06,456,2050,7617.76,15616408
2025,6,1,2025-06,457,1076,7353.32,7912172
2025,6,1,2025-06,458,1503,4258.85,6401052
2025,6,1,2025-06,459,2011,4604.12,9258885
2025,6,1,2025-06,460,2109,4561.68,9620583
2025,6,1,2025-06,461,2027,6658.66,13497104
2025,6,1,2025-06,462,2037,6984.31,14227039
2025,6,1,2025-06,463,1338,4802.73,6426053
2025,6,1,2025-06,464,1256,5891.44,7399649
2025,6,1,2025-06,465,1518,7162.62,10872857
2025,6,1,2025-06,466,1880,6703.22,12602054
2025,6,1,2025-06,467,1803,6085.11,10971453
2025,6,1,2025-06,468,1256,6197.6,7784186
2025,6,1,2025-06,469,965,5854.05,5649158
2025,6,1,2025-06,470,1958,5142.94,10069877
2025,6,1,2025-06,471,1562,6041.87,9437401
2025,6,1,2025-06,472,1977,6592.91,13034183
2025,6,1,2025-06,473,2045,7206.95,14738213
2025,6,1,2025-06,474,1413,6351.62,8974839
2025,6,1,2025-06,475,2380,6833.54,16263825
2025,6,1,2025-06,476,1250,4624.36,5780450
2025,6,1,2025-06,477,1420,5763.95,8184809
2025,6,1,2025-06,478,1655,4116.98,6813602
2025,6,1,2025-06,479,843,4970.76,4190351
2025,6,1,2025-06,480,1828,6695.47,12239319
2025,6,1,2025-06,481,683,7632.17,5212772
2025,6,1,2025-06,482,2122,4427.62,9395410
2025,6,1,2025-06,483,1903,5509.74,10485035
2025,6,1,2025-06,484,1930,6957.13,13427261
2025,6,1,2025-06,485,1359,4807.5,6533392
2025,6,1,2025-06,486,2096,6019.14,12616117
2025,6,1,2025-06,487,2029,6695.84,13585859
2025,6,1,2025-06,488,1938,6231.26,12076182
2025,6,1,2025-06,489,1626,4848.76,7884084
2025,6,1,2025-06,490,1346,5410.64,7282721
2025,6,1,2025-06,491,802,6960.03,5581944
2025,6,1,2025-06,492,1631,6041.66,9853947
2025,6,1,2025-06,493,1773,4110.3,7287562
2025,6,1,2025-06,494,1317,6774.98,8922649
2025,6,1,2025-06,495,2017,4277.35,8627415
2025,6,1,2025-06,496,1765,6724.43,11868619
2025,6,1,2025-06,497,942,4809.02,4530097
2025,6,1,2025-06,498,1204,7515.09,9048168
2025,6,1,2025-06,499,1270,5460.58,6934937
2025,6,1,2025-06,500,1169,5283.84,6176809
2025,6,1,2025-06,501,1416,4610.51,6528482
2025,6,1,2025-06,502,2082,5246.85,10923942
2025,6,1,2025-06,503,1931,7218.97,13939831
2025,6,1,2025-06,504,1074,7692.74,8262003
2025,6,1,2025-06,505,841,5344.91,4495069
2025,6,1,2025-06,506,1355,5765.51,7812266
2025,6,1,2025-06,507,1815,6658.67,12085486
2025,6,1,2025-06,508,1465,7272.32,10653949
2025,6,1,2025-06,509,2009,6166.79,12389081
2025,6,1,2025-06,510,1812,5429.42,9838109
2025,6,1,2025-06,511,1373,5561.21,7635541
2025,6,1,2025-06,512,1186,6586.94,7812111
2025,6,1,2025-06,513,1452,4045.09,5873471
2025,6,1,2025-06,514,1747,6295.08,10997505
2025,6,1,2025-06,515,2005,5252.69,10531643
2025,6,1,2025-06,516,1242,6882.26,8547767
2025,6,1,2025-06,517,1794,4392.06,7879356
2025,6,1,2025-06,518,1583,6091.16,9642306
2025,6,1,2025-06,519,1004,5821.64,5844927
2025,6,1,2025-06,520,1150,6469.62,7440063
2025,6,1,2025-06,521,1135,4353.81,4941574
2025,6,1,2025-06,522,1587,6106.97,9691761
2025,6,1,2025-06,523,1148,6083.8,6984202
2025,6,1,2025-06,524,2031,6088.26,12365256
2025,6,1,2025-06,525,1670,6242.72,10425342
2025,6,1,2025-06,526,1426,6497.84,9265920
2025,6,1,2025-06,527,1063,6945.61,7383183
2025,6,1,2025-06,528,1920,5016.15,9631008
2025,6,1,2025-06,529,1309,7056.55,9237024
2025,6,1,2025-06,530,2354,5922.48,13941518
2025,6,1,2025-06,531,2067,4327.63,8945211
2025,6,1,2025-06,532,2212,4234.34,9366360
2025,6,1,2025-06,533,1834,5321.98,9760511
2025,6,1,2025-06,534,1743,6884.15,11999073
2025,6,1,2025-06,535,864,6542.43,5652660
2025,6,1,2025-06,536,1219,6868.99,8373299
2025,6,1,2025-06,537,906,5996.66,5432974
2025,6,1,2025-06,538,2046,5647.5,11554785
2025,6,1,2025-06,539,2057,4641.34,9547236
2025,6,1,2025-06,540,1354,5177.6,7010470
2025,6,1,2025-06,541,1400,5593.99,7831586
2025,6,1,2025-06,542,743,4455.22,3310228
2025,6,1,2025-06,543,1565,4862.61,7609985
2025,6,1,2025-06,544,1703,6252.45,10647922
2025,6,1,2025-06,545,902,6751.94,6090250
2025,6,1,2025-06,546,1400,7643.44,10700816
2025,6,1,2025-06,547,1421,7418.73,10542015
2025,6,1,2025-06,548,1572,6345.58,9975252
2025,6,1,2025-06,549,1949,5489.97,10699952
2025,6,1,2025-06,550,955,6407.39,6119057
2025,6,1,2025-06,551,888,6965.74,6185577
2025,6,1,2025-06,552,1301,4471.57,5817513
2025,6,1,2025-06,553,1982,5627.82,11154339
2025,6,1,2025-06,554,1388,7116.29,9877411
2025,6,1,2025-06,555,1722,5356.11,9223221
2025,6,1,2025-06,556,1206,6063.92,7313088
2025,6,1,2025-06,557,2176,6058.56,13183427
2025,6,1,2025-06,558,2302,4768.01,10975959
2025,6,1,2025-06,559,1464,5350.39,7832971
2025,6,1,2025-06,560,1677,5261.98,8824340
2025,6,1,2025-06,561,1856,4153.57,7709026
2025,6,1,2025-06,562,1587,4165.84,6611188
2025,6,1,2025-06,563,1626,7077.12,11507397
2025,6,1,2025-06,564,2158,5106.53,11019892
2025,6,1,2025-06,565,968,5899.9,5711103
2025,6,1,2025-06,566,1569,5096.15,7995859
2025,6,1,2025-06,567,1025,7460.75,7647269
2025,6,1,2025-06,568,1490,4994.22,7441388
2025,6,1,2025-06,569,2028,5620.26,11397887
2025,6,1,2025-06,570,1866,7239.72,13509318
2025,6,1,2025-06,571,1615,7058.59,11399623
2025,6,1,2025-06,572,724,4645.41,3363277
2025,6,1,2025-06,573,1273,6931.77,8824143
2025,6,1,2025-06,574,1998,5841.15,11670618
2025,6,1,2025-06,575,562,5800.72,3260005
2025,6,1,2025-06,576,2096,4522.48,9479118
2025,6,1,2025-06,577,1039,4358.45,4528430
2025,6,1,2025-06,578,1159,6712.87,7780216
2025,6,1,2025-06,579,1617,5811.46,9397131
2025,6,1,2025-06,580,1497,5766.21,8632016
2025,6,1,2025-06,581,1851,6644.25,12298507
2025,6,1,2025-06,582,871,6778.88,5904404
2025,6,1,2025-06,583,1421,4731.28,6723149
2025,6,1,2025-06,584,1416,6285.21,8899857
2025,6,1,2025-06,585,2028,4650.73,9431680
2025,6,1,2025-06,586,1031,6837.39,7049349
2025,6,1,2025-06,587,1496,6461.79,9666838
2025,6,1,2025-06,588,1764,7422.55,13093378
2025,6,1,2025-06,589,930,4301.81,4000683
2025,6,1,2025-06,590,1174,4235.08,4971984
2025,6,1,2025-06,591,1183,5067.09,5994367
2025,6,1,2025-06,592,2172,4972.11,10799423
2025,6,1,2025-06,593,951,4925.18,4683846
2025,6,1,2025-06,594,1007,7379.25,7430905
2025,6,1,2025-06,595,1336,5012.06,6696112
2025,6,1,2025-06,596,1483,4982.07,7388410
2025,6,1,2025-06,597,1683,6812.13,11464815
2025,6,1,2025-06,598,2217,5612.22,12442292
2025,6,1,2025-06,599,1339,6864.34,9191351
2025,6,1,2025-06,600,2236,4269.09,9545685
2025,6,1,2025-06,601,901,5802.92,5228431
2025,6,1,2025-06,602,1639,4145.71,6794819
2025,6,1,2025-06,603,1684,4334.25,7298877
2025,6,1,2025-06,604,1893,7287.5,13795238
2025,6,1,2025-06,605,1319,4565.55,6021960
2025,6,1,2025-06,606,1803,5936.52,10703546
2025,6,1,2025-06,607,1653,5527.57,9137073
2025,6,1,2025-06,608,1461,5332.29,7790476
2025,6,1,2025-06,609,2170,7271.11,15778309
2025,6,1,2025-06,610,1943,4070.44,7908865
2025,6,1,2025-06,611,1987,6482.79,12881304
2025,6,1,2025-06,612,1191,7550.32,8992431
2025,6,1,2025-06,613,1728,6059.51,10470833
2025,6,1,2025-06,614,794,7461.32,5924288
2025,6,1,2025-06,615,1708,4247.15,7254132
2025,6,1,2025-06,616,2031,5522.21,11215609
2025,6,1,2025-06,617,1701,5027.58,8551914
2025,6,1,2025-06,618,1025,6744.68,6913297
2025,6,1,2025-06,619,1982,7599.68,15062566
2025,6,1,2025-06,620,1469,5032.99,7393462
2025,6,1,2025-06,621,1947,6398.14,12457179
2025,6,1,2025-06,622,1756,4781.4,8396138
2025,6,1,2025-06,623,2048,6157.86,12611297
2025,6,1,2025-06,624,1485,5776.64,8578310
2025,6,1,2025-06,625,948,7593.84,7198960
2025,6,1,2025-06,626,1413,6232.63,8806706
2025,6,1,2025-06,627,1560,5320.61,8300152
2025,6,1,2025-06,628,1367,4498.79,6149846
2025,6,1,2025-06,629,1889,4568.76,8630388
2025,6,1,2025-06,630,1883,4805.38,9048531
2025,6,1,2025-06,631,1985,5013.94,9952671
2025,6,1,2025-06,632,1284,7057.35,9061637
2025,6,1,2025-06,633,1619,6076.29,9837514
2025,6,1,2025-06,634,1921,5986.05,11499202
2025,6,1,2025-06,635,2099,4466.14,9374428
2025,6,1,2025-06,636,1913,7128.11,13636074
2025,6,1,2025-06,637,1966,6703.65,13179376
2025,6,1,2025-06,638,881,4360.65,3841733
2025,6,1,2025-06,639,2146,6678.96,14333048
2025,6,1,2025-06,640,1481,6013.22,8905579
2025,6,1,2025-06,641,1591,4282.79,6813919
2025,6,1,2025-06,642,1388,5720.15,7939568
2025,6,1,2025-06,643,1828,5811.94,10624226
2025,6,1,2025-06,644,871,4618.85,4023018
2025,6,1,2025-06,645,1731,7474.06,12937598
2025,6,1,2025-06,646,2245,7061.26,15852529
2025,6,1,2025-06,647,1125,6548.04,7366545
2025,6,1,2025-06,648,2142,5704.52,12219082
2025,6,1,2025-06,649,2452,5443.52,13347511
2025,6,1,2025-06,650,1568,6432.29,10085831
2025,6,1,2025-06,651,1125,6061.95,6819694
2025,6,1,2025-06,652,2006,4262.69,8550956
2025,6,1,2025-06,653,975,5851.58,5705290
2025,6,1,2025-06,654,1977,7041.52,13921085
2025,6,1,2025-06,655,1971,5825.92,11482888
2025,6,1,2025-06,656,2163,4305.32,9312407
2025,6,1,2025-06,657,2040,6877.84,14030794
2025,6,1,2025-06,658,2251,4774.83,10748142
2025,6,1,2025-06,659,1012,5017.96,5078176
2025,6,1,2025-06,660,1519,4692.44,7127816
2025,6,1,2025-06,661,1705,5247.12,8946340
2025,6,1,2025-06,662,855,6762.07,5781570
2025,6,1,2025-06,663,962,5911.44,5686805
2025,6,1,2025-06,664,1316,4754.11,6256409
2025,6,1,2025-06,665,824,7216.4,5946314
2025,6,1,2025-06,666,1866,7234.07,13498775
2025,6,1,2025-06,667,2247,7207.93,16196219
2025,6,1,2025-06,668,1148,4907.58,5633902
2025,6,1,2025-06,669,1523,5737.73,8738563
2025,6,1,2025-06,670,1462,7608.42,11123510
2025,6,1,2025-06,671,1941,6880.84,13355710
2025,6,1,2025-06,672,1732,4173.42,7228363
2025,6,1,2025-06,673,1427,4310.44,6150998
2025,6,1,2025-06,674,1273,5772.95,7348965
2025,6,1,2025-06,675,1683,7309.24,12301451
2025,6,1,2025-06,676,1558,5995.7,9341301
2025,6,1,2025-06,677,2153,5849.98,12595007
2025,6,1,2025-06,678,1762,4446.71,7835103
2025,6,1,2025-06,679,964,6414.04,6183135
2025,6,1,2025-06,680,936,6993.49,6545907
2025,6,1,2025-06,681,751,5537.11,4158370
2025,6,1,2025-06,682,1225,6912.83,8468217
2025,6,1,2025-06,683,1785,7503.89,13394444
2025,6,1,2025-06,684,2359,4795.89,11313505
2025,6,1,2025-06,685,2372,6020.3,14280152
2025,6,1,2025-06,686,1464,5154.32,7545924
2025,6,1,2025-06,687,1508,6930.41,10451058
2025,6,1,2025-06,688,1692,6150.71,10407001
2025,6,1,2025-06,689,1900,6336.42,12039198
2025,6,1,2025-06,690,821,6929.99,5689522
2025,6,1,2025-06,691,867,5486.81,4757064
2025,6,1,2025-06,692,1313,7322.65,9614639
2025,6,1,2025-06,693,1415,6062.58,8578551
2025,6,1,2025-06,694,789,4675.17,3688709
2025,6,1,2025-06,695,1434,6593.96,9455739
2025,6,1,2025-06,696,1986,6850.07,13604239
2025,6,1,2025-06,697,810,5249.37,4251990
2025,6,1,2025-06,698,1803,7047.72,12707039
2025,6,1,2025-06,699,1803,7262.43,13094161
2025,6,1,2025-06,700,762,5103.31,3888722
2025,6,1,2025-06,701,1647,7626.38,12560648
2025,6,1,2025-06,702,1921,4488.49,8622389
2025,6,1,2025-06,703,2005,4836.14,9696461
2025,6,1,2025-06,704,2249,4799.62,10794345
2025,6,1,2025-06,705,2124,7231.43,15359557
2025,6,1,2025-06,706,730,6450.52,4708880
2025,6,1,2025-06,707,2014,4625.28,9315314
2025,6,1,2025-06,708,1974,5662.58,11177933
2025,6,1,2025-06,709,1881,6288.05,11827822
2025,6,1,2025-06,710,2296,4365.4,10022958
2025,6,1,2025-06,711,2119,7314.53,15499489
2025,6,1,2025-06,712,1886,7005.39,13212166
2025,6,1,2025-06,713,1462,5961.12,8715157
2025,6,1,2025-06,714,1277,7537.72,9625668
2025,6,1,2025-06,715,1653,5565.24,9199342
2025,6,1,2025-06,716,1478,7613.21,11252324
2025,6,1,2025-06,717,2123,6513.84,13828882
2025,6,1,2025-06,718,1743,6356.79,11079885
2025,6,1,2025-06,719,1610,4674.6,7526106
2025,6,1,2025-06,720,1616,7233.28,11688980
2025,6,1,2025-06,721,849,5637,4785813
2025,6,1,2025-06,722,1615,4661.97,7529082
2025,6,1,2025-06,723,2254,4102.21,9246381
2025,6,1,2025-06,724,1354,6054.73,8198104
2025,6,1,2025-06,725,1224,5941.18,7272004
2025,6,1,2025-06,726,1642,6587.07,10815969
2025,6,1,2025-06,727,1760,7220.24,12707622
2025,6,1,2025-06,728,2017,4442.71,8960946
2025,6,1,2025-06,729,1483,6716.1,9959976
2025,6,1,2025-06,730,794,4775.02,3791366
2025,6,1,2025-06,731,1364,7128.1,9722728
2025,6,1,2025-06,732,2179,6912.55,15062446
2025,6,1,2025-06,733,2094,6035.87,12639112
2025,6,1,2025-06,734,1074,6634.53,7125485
2025,6,1,2025-06,735,1587,5224.89,8291900
2025,6,1,2025-06,736,1579,5771.62,9113388
2025,6,1,2025-06,737,892,6952.98,6202058
2025,6,1,2025-06,738,1489,5795.96,8630184
2025,6,1,2025-06,739,1330,5419.81,7208347
2025,6,1,2025-06,740,1561,5913.46,9230911
2025,6,1,2025-06,741,1801,6954.07,12524280
2025,6,1,2025-06,742,1942,5298.02,10288755
2025,6,1,2025-06,743,1479,4746.81,7020532
2025,6,1,2025-06,744,1050,6648.54,6980967
2025,6,1,2025-06,745,1590,7028.83,11175840
2025,6,1,2025-06,746,1306,4463.86,5829801
2025,6,1,2025-06,747,1549,4968.74,7696578
2025,6,1,2025-06,748,1617,4613.4,7459868
2025,6,1,2025-06,749,2024,5273.45,10673463
2025,6,1,2025-06,750,937,5755.38,5392791
2025,6,1,2025-06,751,1551,6819.59,10577184
2025,6,1,2025-06,752,980,6433.97,6305291
2025,6,1,2025-06,753,1499,6328.44,9486332
2025,6,1,2025-06,754,1052,5282.41,5557095
2025,6,1,2025-06,755,564,7078.72,3992398
2025,6,1,2025-06,756,1413,5702.67,8057873
2025,6,1,2025-06,757,1515,7701.3,11667470
2025,6,1,2025-06,758,1947,6362.27,12387340
2025,6,1,2025-06,759,2004,4566.28,9150825
2025,6,1,2025-06,760,1584,6490.17,10280429
2025,6,1,2025-06,761,1729,5109.52,8834360
2025,6,1,2025-06,762,1852,6486.42,12012850
2025,6,1,2025-06,763,1796,4271.76,7672081
2025,6,1,2025-06,764,1222,4712.33,5758467
2025,6,1,2025-06,765,1844,7110.69,13112112
2025,6,1,2025-06,766,924,4944.24,4568478
2025,6,1,2025-06,767,812,7039.19,5715822
2025,6,1,2025-06,768,2174,5085.7,11056312
2025,6,1,2025-06,769,959,6341.71,6081700
2025,6,1,2025-06,770,1771,6610.6,11707373
2025,6,1,2025-06,771,2019,5941.08,11995041
2025,6,1,2025-06,772,751,5126.94,3850332
2025,6,1,2025-06,773,1823,4836.59,8817104
2025,6,1,2025-06,774,1661,4163.13,6914959
2025,6,1,2025-06,775,1364,5227.81,7130733
2025,6,1,2025-06,776,1443,6380.56,9207148
2025,6,1,2025-06,777,2359,7466.78,17614134
2025,6,1,2025-06,778,795,7203.51,5726790
2025,6,1,2025-06,779,1846,6788.18,12530980
2025,6,1,2025-06,780,1473,6966.76,10262037
2025,6,1,2025-06,781,817,6444.32,5265009
2025,6,1,2025-06,782,1108,4948.22,5482628
2025,6,1,2025-06,783,1426,7321.77,10440844
2025,6,1,2025-06,784,1309,6446.21,8438089
2025,6,1,2025-06,785,1353,6166.52,8343302
2025,6,1,2025-06,786,1303,4511.23,5878133
2025,6,1,2025-06,787,1574,5729.71,9018564
2025,6,1,2025-06,788,2247,5658.9,12715548
2025,6,1,2025-06,789,1882,7239.76,13625228
2025,6,1,2025-06,790,1680,6020.05,10113684
2025,6,1,2025-06,791,1543,5397.42,8328219
2025,6,1,2025-06,792,1532,7595.96,11637011
2025,6,1,2025-06,793,2228,4458.01,9932446
2025,6,1,2025-06,794,780,5564.6,4340388
2025,6,1,2025-06,795,1996,4283.12,8549108
2025,6,1,2025-06,796,1911,6653.02,12713921
2025,6,1,2025-06,797,1795,7330.65,13158517
2025,6,1,2025-06,798,955,5097.1,4867730
2025,6,1,2025-06,799,494,7169.6,3541782
2025,6,1,2025-06,800,909,5054.49,4594531
2025,6,1,2025-06,801,1325,7362.83,9755750
2025,6,1,2025-06,802,1315,6796.56,8937476
2025,6,1,2025-06,803,2205,6909.58,15235624
2025,6,1,2025-06,804,1202,4047.05,4864554
2025,6,1,2025-06,805,1527,7465.1,11399208
2025,6,1,2025-06,806,963,6716.46,6467951
2025,6,1,2025-06,807,708,5161.71,3654491
2025,6,1,2025-06,808,1983,7004.28,13889487
2025,6,1,2025-06,809,658,5123.64,3371355
2025,6,1,2025-06,810,1929,7171.14,13833129
2025,6,1,2025-06,811,711,4525.13,3217367
2025,6,1,2025-06,812,1050,6594.79,6924530
2025,6,1,2025-06,813,1466,5935.8,8701883
2025,6,1,2025-06,814,1156,4455.27,5150292
2025,6,1,2025-06,815,987,4950.44,4886084
2025,6,1,2025-06,816,1619,4145.32,6711273
2025,6,1,2025-06,817,1886,5735.49,10817134
2025,6,1,2025-06,818,998,5115.82,5105588
2025,6,1,2025-06,819,1800,6259.72,11267496
2025,6,1,2025-06,820,1103,5160.72,5692274
2025,6,1,2025-06,821,880,5138.86,4522197
2025,6,1,2025-06,822,1732,6741.68,11676590
2025,6,1,2025-06,823,1512,4218.89,6378962
2025,6,1,2025-06,824,1262,7318.11,9235455
2025,6,1,2025-06,825,1377,7167.95,9870267
2025,6,1,2025-06,826,1545,6584.59,10173192
2025,6,1,2025-06,827,2267,6201.43,14058642
2025,6,1,2025-06,828,1615,7309.21,11804374
2025,6,1,2025-06,829,1980,4771.64,9447847
2025,6,1,2025-06,830,2051,4378.84,8981001
2025,6,1,2025-06,831,1465,4917.65,7204357
2025,6,1,2025-06,832,1130,6882.2,7776886
2025,6,1,2025-06,833,831,4181.72,3475009
2025,6,1,2025-06,834,1170,6155.37,7201783
2025,6,1,2025-06,835,1043,7615.21,7942664
2025,6,1,2025-06,836,2162,7079.73,15306376
2025,6,1,2025-06,837,1548,5969.41,9240647
2025,6,1,2025-06,838,1331,4262.75,5673720
2025,6,1,2025-06,839,1476,7091.8,10467497
2025,6,1,2025-06,840,2265,6199.56,14042003
2025,6,1,2025-06,841,666,4432.64,2952138
2025,6,1,2025-06,842,1606,4364.37,7009178
2025,6,1,2025-06,843,2257,7331.88,16548053
2025,6,1,2025-06,844,1573,6469.12,10175926
2025,6,1,2025-06,845,1031,6989.17,7205834
2025,6,1,2025-06,846,1309,7192.79,9415362
2025,6,1,2025-06,847,2193,6149.61,13486095
2025,6,1,2025-06,848,967,5941,5744947
2025,6,1,2025-06,849,947,5597.62,5300946
2025,6,1,2025-06,850,1646,5270.9,8675901
2025,6,1,2025-06,851,2028,5531.63,11218146
2025,6,1,2025-06,852,1758,6795.83,11947069
2025,6,1,2025-06,853,1267,6188.24,7840500
2025,6,1,2025-06,854,1331,7319.24,9741908
2025,6,1,2025-06,855,1792,5695.5,10206336
2025,6,1,2025-06,856,653,6357.57,4151493
2025,6,1,2025-06,857,953,6358.33,6059488
2025,6,1,2025-06,858,1585,6190.68,9812228
2025,6,1,2025-06,859,1688,6685.79,11285614
2025,6,1,2025-06,860,512,4883.82,2500516
2025,6,1,2025-06,861,762,5874.52,4476384
2025,6,1,2025-06,862,2209,4389.45,9696295
2025,6,1,2025-06,863,2248,5485.43,12331247
2025,6,1,2025-06,864,1565,5826.07,9117800
2025,6,1,2025-06,865,1801,6402.6,11531083
2025,6,1,2025-06,866,853,7478.7,6379331
2025,6,1,2025-06,867,1328,6225.94,8268048
2025,6,1,2025-06,868,764,6663.7,5091067
2025,6,1,2025-06,869,2103,5952.28,12517645
2025,6,1,2025-06,870,1031,6315.58,6511363
2025,6,1,2025-06,871,917,4352.38,3991132
2025,6,1,2025-06,872,810,4955.42,4013890
2025,6,1,2025-06,873,860,5350.38,4601327
2025,6,1,2025-06,874,1413,5751.46,8126813
2025,6,1,2025-06,875,2091,4245.1,8876504
2025,6,1,2025-06,876,1367,4621.45,6317522
2025,6,1,2025-06,877,785,5044.33,3959799
2025,6,1,2025-06,878,2279,7530.62,17162283
2025,6,1,2025-06,879,1620,5240.37,8489399
2025,6,1,2025-06,880,1072,5768.34,6183660
2025,6,1,2025-06,881,1546,4795.86,7414400
2025,6,1,2025-06,882,1215,6320.04,7678849
2025,6,1,2025-06,883,2089,5100.44,10654819
2025,6,1,2025-06,884,2200,4809.49,10580878
2025,6,1,2025-06,885,1372,6002.87,8235938
2025,6,1,2025-06,886,669,4066.95,2720790
2025,6,1,2025-06,887,1098,4111.12,4514010
2025,6,1,2025-06,888,927,4929.36,4569517
2025,6,1,2025-06,889,1398,4152.47,5805153
2025,6,1,2025-06,890,1812,4455.26,8072931
2025,6,1,2025-06,891,2064,5307.92,10955547
2025,6,1,2025-06,892,1859,6958.97,12936725
2025,6,1,2025-06,893,2234,6104.28,13636962
2025,6,1,2025-06,894,1343,5985,8037855
2025,6,1,2025-06,895,1194,5106.12,6096707
2025,6,1,2025-06,896,1415,7374.91,10435498
2025,6,1,2025-06,897,2147,5489.45,11785849
2025,6,1,2025-06,898,1544,4340.51,6701747
2025,6,1,2025-06,899,1384,6209.03,8593298
2025,6,1,2025-06,900,1037,4520.42,4687676
2025,6,1,2025-06,901,1242,5314,6599988
2025,6,1,2025-06,902,1115,5870.06,6545117
2025,6,1,2025-06,903,1628,7248.81,11801063
2025,6,1,2025-06,904,1257,5849.03,7352231
2025,6,1,2025-06,905,1864,6575.15,12256080
2025,6,1,2025-06,906,1803,7588.59,13682228
2025,6,1,2025-06,907,1685,4532.39,7637077
2025,6,1,2025-06,908,913,5049.14,4609865
2025,6,1,2025-06,909,858,5530.17,4744886
2025,6,1,2025-06,910,1873,5557.33,10408879
2025,6,1,2025-06,911,1007,5556.51,5595406
2025,6,1,2025-06,912,1095,7314.16,8009005
2025,6,1,2025-06,913,1900,6602.01,12543819
2025,6,1,2025-06,914,954,6262.68,5974597
2025,6,1,2025-06,915,887,5198.8,4611336
2025,6,1,2025-06,916,1648,6994.13,11526326
2025,6,1,2025-06,917,770,7468.66,5750868
2025,6,1,2025-06,918,1042,6976.08,7269075
2025,6,1,2025-06,919,1901,4131.12,7853259
2025,6,1,2025-06,920,1447,6414.9,9282360
2025,6,1,2025-06,921,1963,4247.16,8337175
2025,6,1,2025-06,922,761,5030.48,3828195
2025,6,1,2025-06,923,1438,4256.33,6120603
2025,6,1,2025-06,924,1984,6223.9,12348218
2025,6,1,2025-06,925,1615,6565.4,10603121
2025,6,1,2025-06,926,621,4465.39,2773007
2025,6,1,2025-06,927,1304,5433.74,7085597
2025,6,1,2025-06,928,714,5664.33,4044332
2025,6,1,2025-06,929,1455,5376.65,7823026
2025,6,1,2025-06,930,1265,4534.64,5736320
2025,6,1,2025-06,931,1393,5599.55,7800173
2025,6,1,2025-06,932,540,6734.83,3636808
2025,6,1,2025-06,933,846,4282.95,3623376
2025,6,1,2025-06,934,2089,4392.18,9175264
2025,6,1,2025-06,935,2238,5267.16,11787904
2025,6,1,2025-06,936,992,7482.13,7422273
2025,6,1,2025-06,937,1417,6536.69,9262490
2025,6,1,2025-06,938,1264,6551.06,8280540
2025,6,1,2025-06,939,1402,5394.34,7562865
2025,6,1,2025-06,940,2199,6211.58,13659264
2025,6,1,2025-06,941,1838,4099.6,7535065
2025,6,1,2025-06,942,1708,6325.35,10803698
2025,6,1,2025-06,943,1780,7330.14,13047649
2025,6,1,2025-06,944,1503,6210.82,9334862
2025,6,1,2025-06,945,1467,7115.21,10438013
2025,6,1,2025-06,946,1015,6629.47,6728912
2025,6,1,2025-06,947,2211,4499.87,9949213
2025,6,1,2025-06,948,1710,7265.59,12424159
2025,6,1,2025-06,949,1383,4307.26,5956941
2025,6,1,2025-06,950,1749,5994.39,10484188
2025,6,1,2025-06,951,1875,4654.62,8727412
2025,6,1,2025-06,952,1239,4110.73,5093194
2025,6,1,2025-06,953,829,5581.59,4627138
2025,6,1,2025-06,954,1371,5087.61,6975113
2025,6,1,2025-06,955,1741,5814.84,10123636
2025,6,1,2025-06,956,2208,6167.1,13616957
2025,6,1,2025-06,957,1976,4265.96,8429537
2025,6,1,2025-06,958,691,4512.21,3117937
2025,6,1,2025-06,959,2294,6062.37,13907077
2025,6,1,2025-06,960,750,5273.35,3955013
2025,6,1,2025-06,961,1498,6686.84,10016886
2025,6,1,2025-06,962,1253,6454.1,8086987
2025,6,1,2025-06,963,808,7140.3,5769362
2025,6,1,2025-06,964,2102,6571.52,13813335
2025,6,1,2025-06,965,844,5627.31,4749450
2025,6,1,2025-06,966,2211,6487.58,14344039
2025,6,1,2025-06,967,736,5012.88,3689480
2025,6,1,2025-06,968,889,5223.97,4644109
2025,6,1,2025-06,969,895,6928.97,6201428
2025,6,1,2025-06,970,1913,5611.83,10735431
2025,6,1,2025-06,971,965,6920.09,6677887
2025,6,1,2025-06,972,966,6980.17,6742844
2025,6,1,2025-06,973,849,7232.36,6140274
2025,6,1,2025-06,974,2225,7295.29,16232020
2025,6,1,2025-06,975,763,5623.85,4290998
2025,6,1,2025-06,976,1358,5244.86,7122520
2025,6,1,2025-06,977,2163,6103.46,13201784
2025,6,1,2025-06,978,1416,5452.72,7721052
2025,6,1,2025-06,979,1193,6186.31,7380268
2025,6,1,2025-06,980,1046,6557.49,6859135
2025,6,1,2025-06,981,1472,6569.1,9669715
2025,6,1,2025-06,982,1406,5409.21,7605349
2025,6,1,2025-06,983,1996,4624.08,9229664
2025,6,1,2025-06,984,2173,5570.91,12105587
2025,6,1,2025-06,985,2164,4536.66,9817332
2025,6,1,2025-06,986,1020,7224.78,7369276
2025,6,1,2025-06,987,1518,5284.2,8021416
2025,6,1,2025-06,988,2210,4699.24,10385320
2025,6,1,2025-06,989,1961,4250.03,8334309
2025,6,1,2025-06,990,2017,6373.26,12854865
2025,6,1,2025-06,991,1547,6304.42,9752938
2025,6,1,2025-06,992,951,5372.01,5108782
2025,6,1,2025-06,993,1271,4364.97,5547877
2025,6,1,2025-06,994,1242,5564.4,6910985
2025,6,1,2025-06,995,1924,5159.88,9927609
2025,6,1,2025-06,996,1677,6492.92,10888627
2025,6,1,2025-06,997,2082,6205.01,12918831
2025,6,1,2025-06,998,1001,5361.59,5366952
2025,6,1,2025-06,999,1518,4940.47,7499633
2025,6,1,2025-06,1000,1841,7664.93,14111136
2025,6,1,2025-06,1001,1459,5634.45,8220663
2025,6,1,2025-06,1002,1726,6553.25,11310910
2025,6,1,2025-06,1003,1112,4543.81,5052717
2025,6,1,2025-06,1004,1454,5764.69,8381859
2025,6,1,2025-06,1005,1755,4165.99,7311312
2025,6,1,2025-06,1006,904,5831.23,5271432
2025,6,1,2025-06,1007,1192,7563.85,9016109
2025,6,1,2025-06,1008,1552,5478.68,8502911
2025,6,1,2025-06,1009,1900,4183.64,7948916
2025,6,1,2025-06,1010,465,4287.11,1993506
2025,6,1,2025-06,1011,2224,5516.54,12268785
2025,6,1,2025-06,1012,981,4620.46,4532671
2025,6,1,2025-06,1013,954,4279.1,4082261
2025,6,1,2025-06,1014,701,6768.09,4744431
2025,6,1,2025-06,1015,1259,5659.62,7125462
2025,6,1,2025-06,1016,613,5065.69,3105268
2025,6,1,2025-06,1017,1674,7298.71,12218041
2025,6,1,2025-06,1018,1029,4504.1,4634719
2025,6,1,2025-06,1019,1606,7488.76,12026949
2025,6,1,2025-06,1020,1407,5171.26,7275963
2025,6,1,2025-06,1021,2184,7331.94,16012957
2025,6,1,2025-06,1022,847,6214.78,5263919
2025,6,1,2025-06,1023,1570,7015.19,11013848
2025,6,1,2025-06,1024,1569,7490.85,11753144
2025,6,1,2025-06,1025,2101,5050.84,10611815
2025,6,1,2025-06,1026,1800,7578.32,13640976
2025,6,1,2025-06,1027,2295,5439.76,12484249
2025,6,1,2025-06,1028,811,5508.94,4467750
2025,6,1,2025-06,1029,1993,5264.36,10491869
2025,6,1,2025-06,1030,1089,5976.7,6508626
2025,6,1,2025-06,1031,2195,4639.02,10182649
2025,6,1,2025-06,1032,2040,6072.68,12388267
2025,6,1,2025-06,1033,1491,5955.11,8879069
2025,6,1,2025-06,1034,1398,6778.36,9476147
2025,6,1,2025-06,1035,910,7052.17,6417475
2025,6,1,2025-06,1036,1114,5656.81,6301686
2025,6,1,2025-06,1037,794,5177.24,4110729
2025,6,1,2025-06,1038,967,5004.12,4838984
2025,6,1,2025-06,1039,1175,4820.15,5663676
2025,6,1,2025-06,1040,765,4388.21,3356981
2025,6,1,2025-06,1041,792,5255.33,4162221
2025,6,1,2025-06,1042,1303,5034.13,6559471
2025,6,1,2025-06,1043,993,7494.32,7441860
2025,6,1,2025-06,1044,803,6029.41,4841616
2025,6,1,2025-06,1045,1558,5305.26,8265595
2025,6,1,2025-06,1046,970,6106.47,5923276
2025,6,1,2025-06,1047,1660,4606.84,7647354
2025,6,1,2025-06,1048,1588,5763.05,9151723
2025,6,1,2025-06,1049,521,6313.77,3289474
2025,6,1,2025-06,1050,870,5801.09,5046948
2025,6,1,2025-06,1051,987,5442.75,5371994
2025,6,1,2025-06,1052,1740,7604.55,13231917
2025,6,1,2025-06,1053,737,7246.26,5340494
2025,6,1,2025-06,1054,1844,6313.08,11641320
2025,6,1,2025-06,1055,796,6071.81,4833161
2025,6,1,2025-06,1056,2119,6320.69,13393542
2025,6,1,2025-06,1057,1184,4753.96,5628689
2025,6,1,2025-06,1058,1682,5508.44,9265196
2025,6,1,2025-06,1059,1446,4243.4,6135956
2025,6,1,2025-06,1060,1675,5779.42,9680528
2025,6,1,2025-06,1061,2191,6081.99,13325640
2025,6,1,2025-06,1062,1686,4850.22,8177471
2025,6,1,2025-06,1063,1068,7623.49,8141887
2025,6,1,2025-06,1064,720,7261.05,5227956
2025,6,1,2025-06,1065,1025,6598.03,6762981
2025,6,1,2025-06,1066,1197,5902.83,7065688
2025,6,1,2025-06,1067,2361,7166.43,16919941
2025,6,1,2025-06,1068,1885,4441.44,8372114
2025,6,1,2025-06,1069,1544,6905.98,10662833
2025,6,1,2025-06,1070,1187,4527.76,5374451
2025,6,1,2025-06,1071,1901,6880.58,13079983
2025,6,1,2025-06,1072,2192,5048.47,11066246
2025,6,1,2025-06,1073,1672,7204.8,12046426
2025,6,1,2025-06,1074,1976,7450.1,14721398
2025,6,1,2025-06,1075,1597,4588.77,7328266
2025,6,1,2025-06,1076,1952,5713.53,11152811
2025,6,1,2025-06,1077,1167,7592.6,8860564
2025,6,1,2025-06,1078,1621,5754.47,9327996
2025,6,1,2025-06,1079,1971,7141.74,14076370
2025,6,1,2025-06,1080,1459,6228.74,9087732
2025,6,1,2025-06,1081,1859,5380.18,10001755
2025,6,1,2025-06,1082,886,5053.5,4477401
2025,6,1,2025-06,1083,1516,4752.16,7204275
2025,6,1,2025-06,1084,2055,6761.99,13895889
2025,6,1,2025-06,1085,668,5493.4,3669591
2025,6,1,2025-06,1086,2250,5941.65,13368712
2025,6,1,2025-06,1087,1328,5871.92,7797910
2025,6,1,2025-06,1088,761,6160.9,4688445
2025,6,1,2025-06,1089,1238,7186.62,8897036
2025,6,1,2025-06,1090,2046,7621.93,15594469
2025,6,1,2025-06,1091,961,5513.17,5298156
2025,6,1,2025-06,1092,1129,7070.58,7982685
2025,6,1,2025-06,1093,1123,6866.52,7711102
2025,6,1,2025-06,1094,2015,6055.23,12201288
2025,6,1,2025-06,1095,1349,7479.86,10090331
2025,6,1,2025-06,1096,1662,4778.13,7941252
2025,6,1,2025-06,1097,1157,4467.15,5168493
2025,6,1,2025-06,1098,1648,7148.94,11781453
2025,6,1,2025-06,1099,1224,5740.73,7026654
2025,6,1,2025-06,1100,896,7042.9,6310438
2025,6,1,2025-06,1101,1806,7213.26,13027148
2025,6,1,2025-06,1102,1564,4339.26,6786603
2025,6,1,2025-06,1103,756,7253.11,5483351
2025,6,1,2025-06,1104,2045,5660.19,11575089
2025,6,1,2025-06,1105,1632,5885.82,9605658
2025,6,1,2025-06,1106,1101,6311.62,6949094
2025,6,1,2025-06,1107,1580,7407.2,11703376
2025,6,1,2025-06,1108,685,4175.95,2860526
2025,6,1,2025-06,1109,1782,5821.74,10374341
2025,6,1,2025-06,1110,887,6593.6,5848523
2025,6,1,2025-06,1111,1214,6702.09,8136337
2025,6,1,2025-06,1112,1208,6542.87,7903787
2025,6,1,2025-06,1113,1899,4496.82,8539461
2025,6,1,2025-06,1114,1243,5111.98,6354191
2025,6,1,2025-06,1115,2115,5268.62,11143131
2025,6,1,2025-06,1116,2039,7050.92,14376826
2025,6,1,2025-06,1117,1977,5130.53,10143058
2025,6,1,2025-06,1118,1130,4807.69,5432690
2025,6,1,2025-06,1119,2037,7526.7,15331888
2025,6,1,2025-06,1120,1682,4103.05,6901330
2025,6,1,2025-06,1121,1032,7676.93,7922592
2025,6,1,2025-06,1122,542,6521.71,3534767
2025,6,1,2025-06,1123,1350,7032.37,9493700
2025,6,1,2025-06,1124,2106,5137.6,10819786
2025,6,1,2025-06,1125,1922,4104.33,7888522
2025,6,1,2025-06,1126,1760,6738.56,11859866
2025,6,1,2025-06,1127,1770,6974.7,12345219
2025,6,1,2025-06,1128,2153,6744.77,14521490
2025,6,1,2025-06,1129,1773,4521.68,8016939
2025,6,1,2025-06,1130,847,6769.23,5733538
2025,6,1,2025-06,1131,1947,6829.37,13296783
2025,6,1,2025-06,1132,746,6442.56,4806150
2025,6,1,2025-06,1133,1224,6778.05,8296333
2025,6,1,2025-06,1134,1119,7065.17,7905925
2025,6,1,2025-06,1135,1639,6290.4,10309966
2025,6,1,2025-06,1136,1629,4369.55,7117997
2025,6,1,2025-06,1137,1571,5863.78,9211998
2025,6,1,2025-06,1138,2101,4353.09,9145842
2025,6,1,2025-06,1139,1638,5533.96,9064626
2025,6,1,2025-06,1140,802,5528.14,4433568
2025,6,1,2025-06,1141,992,4330.59,4295945
2025,6,1,2025-06,1142,1807,5323.73,9619980
2025,6,1,2025-06,1143,704,4488.15,3159658
2025,6,1,2025-06,1144,2088,7044.06,14707997
2025,6,1,2025-06,1145,2050,7540.37,15457758
2025,6,1,2025-06,1146,2004,4367.51,8752490
2025,6,1,2025-06,1147,691,7401.11,5114167
2025,6,1,2025-06,1148,1087,5910.5,6424714
2025,6,1,2025-06,1149,1542,5153.88,7947283
2025,6,1,2025-06,1150,859,4326.7,3716635
2025,6,1,2025-06,1151,2241,5883.7,13185372
2025,6,1,2025-06,1152,711,6917.39,4918264
2025,6,1,2025-06,1153,1351,6600.26,8916951
2025,6,1,2025-06,1154,1732,4248.75,7358835
2025,6,1,2025-06,1155,2184,4281.61,9351036
2025,6,1,2025-06,1156,1588,5507.22,8745465
2025,6,1,2025-06,1157,2069,5184.9,10727558
2025,6,1,2025-06,1158,901,4915.74,4429082
2025,6,1,2025-06,1159,666,5122.91,3411858
2025,6,1,2025-06,1160,2103,6960.8,14638562
2025,6,1,2025-06,1161,1480,7424.38,10988082
2025,6,1,2025-06,1162,1201,5576.9,6697857
2025,6,1,2025-06,1163,1856,7283.59,13518343
2025,6,1,2025-06,1164,1619,5275.73,8541407
2025,6,1,2025-06,1165,912,5672.22,5173065
2025,6,1,2025-06,1166,1588,4872.17,7737006
2025,6,1,2025-06,1167,1015,6466.17,6563163
2025,6,1,2025-06,1168,972,7573.46,7361403
2025,6,1,2025-06,1169,1226,6286.03,7706673
2025,6,1,2025-06,1170,1118,5371.44,6005270
2025,6,1,2025-06,1171,1012,6413.36,6490320
2025,6,1,2025-06,1172,917,4465.32,4094698
2025,6,1,2025-06,1173,1944,7248.75,14091570
2025,6,1,2025-06,1174,1902,5838.4,11104637
2025,6,1,2025-06,1175,1752,5730.12,10039170
2025,6,1,2025-06,1176,1609,6228.31,10021351
2025,6,1,2025-06,1177,1534,6292.14,9652143
2025,6,1,2025-06,1178,1449,4322.03,6262621
2025,6,1,2025-06,1179,2311,6571.72,15187245
2025,6,1,2025-06,1180,1609,4870.37,7836425
2025,6,1,2025-06,1181,1148,6680.8,7669558
2025,6,1,2025-06,1182,1627,7017.24,11417049
2025,6,1,2025-06,1183,2043,6956.95,14213049
2025,6,1,2025-06,1184,1944,6053.98,11768937
2025,6,1,2025-06,1185,1430,6016.56,8603681
2025,6,1,2025-06,1186,799,4585.38,3663719
2025,6,1,2025-06,1187,1912,6790.27,12982996
2025,6,1,2025-06,1188,1726,5045.88,8709189
2025,6,1,2025-06,1189,1313,5844.93,7674393
2025,6,1,2025-06,1190,2262,5081.8,11495032
2025,6,1,2025-06,1191,1630,4610.01,7514316
2025,6,1,2025-06,1192,636,6339.89,4032170
2025,6,1,2025-06,1193,1667,4302.78,7172734
2025,6,1,2025-06,1194,2341,6596.39,15442149
2025,6,1,2025-06,1195,2007,5206.27,10448984
2025,6,1,2025-06,1196,2193,4065.17,8914918
2025,6,1,2025-06,1197,1599,5968.16,9543088
2025,6,1,2025-06,1198,2264,4305.12,9746792
2025,6,1,2025-06,1199,1470,5111.77,7514302
2025,6,1,2025-06,1200,2103,6594.58,13868402
2025,6,1,2025-06,1201,2426,4260.19,10335221
2025,6,1,2025-06,1202,1298,7056.5,9159337
2025,6,1,2025-06,1203,2149,4087.49,8784016
2025,6,1,2025-06,1204,1505,4969.55,7479173
2025,6,1,2025-06,1205,1548,6734.21,10424557
2025,6,1,2025-06,1206,1878,5210.96,9786183
2025,6,1,2025-06,1207,1420,4442.48,6308322
2025,6,1,2025-06,1208,1221,5410.8,6606587
2025,6,1,2025-06,1209,1753,5054.47,8860486
2025,6,1,2025-06,1210,1442,7068.86,10193296
2025,6,1,2025-06,1211,2265,5213.14,11807762
2025,6,1,2025-06,1212,1801,6932.27,12485018
2025,6,1,2025-06,1213,2042,7354.52,15017930
2025,6,1,2025-06,1214,2055,5606.74,11521851
2025,6,1,2025-06,1215,1039,7293.39,7577832
2025,6,1,2025-06,1216,2205,5440.23,11995707
2025,6,1,2025-06,1217,1052,7483.36,7872495
2025,6,1,2025-06,1218,812,4408.86,3579994
2025,6,1,2025-06,1219,1565,6602.61,10333085
2025,6,1,2025-06,1220,1355,5802.05,7861778
2025,6,1,2025-06,1221,1157,5452.58,6308635
2025,6,1,2025-06,1222,1195,6343.06,7579957
2025,6,1,2025-06,1223,906,6620.72,5998372
2025,6,1,2025-06,1224,1243,4060.7,5047450
2025,6,1,2025-06,1225,2028,4746.72,9626348
2025,6,1,2025-06,1226,1135,6656.57,7555207
2025,6,1,2025-06,1227,1179,6474.7,7633671
2025,6,1,2025-06,1228,936,7511.04,7030333
2025,6,1,2025-06,1229,1259,6714.78,8453908
2025,6,1,2025-06,1230,1763,7444.67,13124953
2025,6,1,2025-06,1231,1743,6594.03,11493394
2025,6,1,2025-06,1232,1463,5188.7,7591068
2025,6,1,2025-06,1233,1305,4502.42,5875658
2025,6,1,2025-06,1234,2123,6896.63,14641545
2025,6,1,2025-06,1235,1972,6354.42,12530916
2025,6,1,2025-06,1236,1346,4389.18,5907836
2025,6,1,2025-06,1237,684,5345.68,3656445
2025,6,1,2025-06,1238,2014,7559.03,15223886
2025,6,1,2025-06,1239,1459,5875.18,8571888
2025,6,1,2025-06,1240,1937,5593.55,10834706
2025,6,1,2025-06,1241,653,5717.43,3733482
2025,6,1,2025-06,1242,1201,4804.39,5770072
2025,6,1,2025-06,1243,944,5308.08,5010828
2025,6,1,2025-06,1244,1767,5403.98,9548833
2025,6,1,2025-06,1245,1525,4238.22,6463286
2025,6,1,2025-06,1246,1638,6728.33,11021005
2025,6,1,2025-06,1247,832,5443.31,4528834
2025,6,1,2025-06,1248,2231,7001.23,15619744
2025,6,1,2025-06,1249,1816,7043.85,12791632
2025,6,1,2025-06,1250,1561,4791.11,7478923
2025,6,1,2025-06,1251,1453,6377.99,9267219
2025,6,1,2025-06,1252,1905,5844.23,11133258
2025,6,1,2025-06,1253,2161,7251.31,15670081
2025,6,1,2025-06,1254,1659,4835.69,8022410
2025,6,1,2025-06,1255,907,6484.93,5881832
2025,6,1,2025-06,1256,1310,6236.13,8169330
2025,6,1,2025-06,1257,987,5115.94,5049433
2025,6,1,2025-06,1258,1742,4578.22,7975259
2025,6,1,2025-06,1259,2145,6367.86,13659060
2025,6,1,2025-06,1260,1426,6658.14,9494508
2025,6,1,2025-06,1261,1014,5250.47,5323977
2025,6,1,2025-06,1262,2003,6340.88,12700783
2025,6,1,2025-06,1263,1887,5517.4,10411334
2025,6,1,2025-06,1264,1102,6581.8,7253144
2025,6,1,2025-06,1265,1407,4823.65,6786876
2025,6,1,2025-06,1266,1509,7238.64,10923108
2025,6,1,2025-06,1267,1405,5087.91,7148514
2025,6,1,2025-06,1268,2344,5420.62,12705933
2025,6,1,2025-06,1269,656,4341.69,2848149
2025,6,1,2025-06,1270,1328,4493.78,5967740
2025,6,1,2025-06,1271,1005,5926.43,5956062
2025,6,1,2025-06,1272,2269,5000.09,11345204
2025,6,1,2025-06,1273,1039,7060.63,7335995
2025,6,1,2025-06,1274,2094,4138.36,8665726
2025,6,1,2025-06,1275,932,5470.76,5098748
2025,6,1,2025-06,1276,2067,5312.78,10981516
2025,6,1,2025-06,1277,2237,4168.72,9325427
2025,6,1,2025-06,1278,1487,4458.18,6629314
2025,6,1,2025-06,1279,748,5620.83,4204381
2025,6,1,2025-06,1280,1474,5803.26,8554005
2025,6,1,2025-06,1281,1401,5508.18,7716960
2025,6,1,2025-06,1282,2147,5959.44,12794918
2025,6,1,2025-06,1283,1967,6186.55,12168944
2025,6,1,2025-06,1284,1741,4085.1,7112159
2025,6,1,2025-06,1285,801,5761.37,4614857
2025,6,1,2025-06,1286,1262,7491.34,9454071
2025,6,1,2025-06,1287,1649,5851.69,9649437
2025,6,1,2025-06,1288,1887,6553.15,12365794
2025,6,1,2025-06,1289,1060,5218.57,5531684
2025,6,1,2025-06,1290,1909,6817.53,13014665
2025,6,1,2025-06,1291,1668,6793.45,11331475
2025,6,1,2025-06,1292,1548,6027.81,9331050
2025,6,1,2025-06,1293,1935,7554.42,14617803
2025,6,1,2025-06,1294,1769,4581.72,8105063
2025,6,1,2025-06,1295,813,4121.44,3350731
2025,6,1,2025-06,1296,1657,6865.11,11375487
2025,6,1,2025-06,1297,1244,6861.66,8535905
2025,6,1,2025-06,1298,2346,4378.05,10270905
2025,6,1,2025-06,1299,896,5082.56,4553974
2025,6,1,2025-06,1300,2201,4175.22,9189659
2025,6,1,2025-06,1301,786,5152.22,4049645
2025,6,1,2025-06,1302,683,6830.78,4665423
2025,6,1,2025-06,1303,2290,6031.36,13811814
2025,6,1,2025-06,1304,1872,5260.75,9848124
2025,6,1,2025-06,1305,2158,5450.02,11761143
2025,6,1,2025-06,1306,2141,4093.72,8764655
2025,6,1,2025-06,1307,1763,5102.74,8996131
2025,6,1,2025-06,1308,1504,6448.64,9698755
2025,6,1,2025-06,1309,1149,7586.1,8716429
2025,6,1,2025-06,1310,1377,7118.77,9802546
2025,6,1,2025-06,1311,1028,4170.85,4287634
2025,6,1,2025-06,1312,852,7267.39,6191816
2025,6,1,2025-06,1313,1552,6878.52,10675463
2025,6,1,2025-06,1314,1471,6877.63,10116994
2025,6,1,2025-06,1315,1960,5802.79,11373468
2025,6,1,2025-06,1316,1696,5430.13,9209500
2025,6,1,2025-06,1317,1313,5094.56,6689157
2025,6,1,2025-06,1318,1904,4302.3,8191579
2025,6,1,2025-06,1319,1673,4849.77,8113665
2025,6,1,2025-06,1320,2019,4911.19,9915693
2025,6,1,2025-06,1321,2241,5859.72,13131633
2025,6,1,2025-06,1322,742,6764.05,5018925
2025,6,1,2025-06,1323,1837,5772.23,10603587
2025,6,1,2025-06,1324,1895,4255.17,8063547
2025,6,1,2025-06,1325,2045,7525.17,15388973
2025,6,1,2025-06,1326,1910,7447.75,14225202
2025,6,1,2025-06,1327,1562,6864.88,10722943
2025,6,1,2025-06,1328,1280,7673.43,9821990
2025,6,1,2025-06,1329,992,6095.51,6046746
2025,6,1,2025-06,1330,905,7568.48,6849474
2025,6,1,2025-06,1331,959,4377.17,4197706
2025,6,1,2025-06,1332,1233,5396.56,6653958
2025,6,1,2025-06,1333,1813,4819.72,8738152
2025,6,1,2025-06,1334,1348,4795.82,6464765
2025,6,1,2025-06,1335,1531,4524.54,6927071
2025,6,1,2025-06,1336,1891,6332.18,11974152
2025,6,1,2025-06,1337,827,6881.09,5690661
2025,6,1,2025-06,1338,956,6102.83,5834305
2025,6,1,2025-06,1339,1465,4640.58,6798450
2025,6,1,2025-06,1340,782,6911.97,5405161
2025,6,1,2025-06,1341,1722,6335.73,10910127
2025,6,1,2025-06,1342,727,5477.73,3982310
2025,6,1,2025-06,1343,2129,6489.44,13816018
2025,6,1,2025-06,1344,1545,4971.71,7681292
2025,6,1,2025-06,1345,2176,5192.75,11299424
2025,6,1,2025-06,1346,1425,7381.99,10519336
2025,6,1,2025-06,1347,775,5251.25,4069719
2025,6,1,2025-06,1348,1305,5780.04,7542952
2025,6,1,2025-06,1349,1544,7228.65,11161036
2025,6,1,2025-06,1350,1507,6623.45,9981539
2025,6,1,2025-06,1351,1460,4323.95,6312967
2025,6,1,2025-06,1352,1664,4614.55,7678611
2025,6,1,2025-06,1353,2055,4093.6,8412348
2025,6,1,2025-06,1354,1160,6349.51,7365432
2025,6,1,2025-06,1355,1258,5679.54,7144861
2025,6,1,2025-06,1356,1691,4644.52,7853883
2025,6,1,2025-06,1357,1046,7484.84,7829143
2025,6,1,2025-06,1358,1031,5970.04,6155111
2025,6,1,2025-06,1359,1351,4901.01,6621265
2025,6,1,2025-06,1360,1702,5869.13,9989259
2025,6,1,2025-06,1361,1923,6538.31,12573170
2025,6,1,2025-06,1362,1702,4342.79,7391429
2025,6,1,2025-06,1363,2013,5104.59,10275540
2025,6,1,2025-06,1364,1707,7003.3,11954633
2025,6,1,2025-06,1365,1837,5749.8,10562383
2025,6,1,2025-06,1366,1795,6083.1,10919164
2025,6,1,2025-06,1367,2041,5632.96,11496871
2025,6,1,2025-06,1368,2054,4210.12,8647586
2025,6,1,2025-06,1369,1365,4690.14,6402041
2025,6,1,2025-06,1370,1623,5608.59,9102742
2025,6,1,2025-06,1371,1721,4794.06,8250577
2025,6,1,2025-06,1372,1446,4270.64,6175345
2025,6,1,2025-06,1373,680,7021.78,4774810
2025,6,1,2025-06,1374,801,7574.76,6067383
2025,6,1,2025-06,1375,1492,7038.8,10501890
2025,6,1,2025-06,1376,1520,7165.66,10891803
2025,6,1,2025-06,1377,1989,4933.92,9813567
2025,6,1,2025-06,1378,1854,7477.61,13863489
2025,6,1,2025-06,1379,1307,4801.51,6275574
2025,6,1,2025-06,1380,1343,7442.41,9995157
2025,6,1,2025-06,1381,1171,7703.66,9020986
2025,6,1,2025-06,1382,873,6571.88,5737251
2025,6,1,2025-06,1383,2021,7565.61,15290098
2025,6,1,2025-06,1384,2020,6103.42,12328908
2025,6,1,2025-06,1385,1933,5051.24,9764047
2025,6,1,2025-06,1386,2043,5657.79,11558865
2025,6,1,2025-06,1387,2046,6141.66,12565836
2025,6,1,2025-06,1388,1348,4265.76,5750244
2025,6,1,2025-06,1389,626,6325.73,3959907
2025,6,1,2025-06,1390,1350,7504.56,10131156
2025,6,1,2025-06,1391,1241,4747.61,5891784
2025,6,1,2025-06,1392,1010,6898.28,6967263
2025,6,1,2025-06,1393,1869,7306.28,13655437
2025,6,1,2025-06,1394,1381,7466.1,10310684
2025,6,1,2025-06,1395,1565,7594.15,11884845
2025,6,1,2025-06,1396,766,5933.76,4545260
2025,6,1,2025-06,1397,1506,7559.8,11385059
2025,6,1,2025-06,1398,1999,6723.36,13439997
2025,6,1,2025-06,1399,1128,4659.57,5255995
2025,6,1,2025-06,1400,875,5760.29,5040254
2025,6,1,2025-06,1401,2131,6656.19,14184341
2025,6,1,2025-06,1402,725,4977.36,3608586
2025,6,1,2025-06,1403,1712,6376.54,10916636
2025,6,1,2025-06,1404,763,6389.43,4875135
2025,6,1,2025-06,1405,1754,4653.61,8162432
2025,6,1,2025-06,1406,1813,6085.75,11033465
2025,6,1,2025-06,1407,1790,6803.83,12178856
2025,6,1,2025-06,1408,2358,5851.99,13798992
2025,6,1,2025-06,1409,1356,4134.84,5606843
2025,6,1,2025-06,1410,941,4096.96,3855239
2025,6,1,2025-06,1411,673,5384.6,3623836
2025,6,1,2025-06,1412,2320,7384.74,17132597
2025,6,1,2025-06,1413,1275,4915.53,6267301
2025,6,1,2025-06,1414,1607,6302.85,10128680
2025,6,1,2025-06,1415,789,4905.1,3870124
2025,6,1,2025-06,1416,1267,5259.48,6663761
2025,6,1,2025-06,1417,1140,7078.72,8069741
2025,6,1,2025-06,1418,1606,6704.81,10767925
2025,6,1,2025-06,1419,1183,4462.04,5278593
2025,6,1,2025-06,1420,1568,5603.69,8786586
2025,6,1,2025-06,1421,2323,4094.52,9511570
2025,6,1,2025-06,1422,1581,5844.74,9240534
2025,6,1,2025-06,1423,1587,6446.02,10229834
2025,6,1,2025-06,1424,2310,4495.18,10383866
2025,6,1,2025-06,1425,1355,5103.8,6915649
2025,6,1,2025-06,1426,1333,5507.63,7341671
2025,6,1,2025-06,1427,1030,7329.61,7549498
2025,6,1,2025-06,1428,1553,7746.8,12030780
2025,6,1,2025-06,1429,2116,4235.61,8962551
2025,6,1,2025-06,1430,1613,6867.3,11076955
2025,6,1,2025-06,1431,1418,5419.39,7684695
2025,6,1,2025-06,1432,1896,5475.33,10381226
2025,6,1,2025-06,1433,2049,6747.38,13825382
2025,6,1,2025-06,1434,1628,7363.08,11987094
2025,6,1,2025-06,1435,810,7479.01,6057998
2025,6,1,2025-06,1436,771,6007.36,4631675
2025,6,1,2025-06,1437,2301,5308.27,12214329
2025,6,1,2025-06,1438,755,6889.7,5201724
2025,6,1,2025-06,1439,1542,4975.09,7671589
2025,6,1,2025-06,1440,1818,5998.33,10904964
2025,6,1,2025-06,1441,1129,5354.05,6044722
2025,6,1,2025-06,1442,1433,6472.07,9274476
2025,6,1,2025-06,1443,1614,4946.95,7984377
2025,6,1,2025-06,1444,1756,4778.38,8390835
2025,6,1,2025-06,1445,2242,7415.49,16625529
2025,6,1,2025-06,1446,853,4509.36,3846484
2025,6,1,2025-06,1447,750,5866.93,4400198
2025,6,1,2025-06,1448,1319,4942.63,6519329
2025,6,1,2025-06,1449,1402,4153.33,5822969
2025,6,1,2025-06,1450,1265,4189.03,5299123
2025,6,1,2025-06,1451,1076,4785.86,5149585
2025,6,1,2025-06,1452,905,7199.23,6515303
2025,6,1,2025-06,1453,2229,5047.71,11251346
2025,6,1,2025-06,1454,1930,7439.31,14357868
2025,6,1,2025-06,1455,1645,6171.03,10151344
2025,6,1,2025-06,1456,1739,5621.28,9775406
2025,6,1,2025-06,1457,2307,6212.52,14332284
2025,6,1,2025-06,1458,2045,5839.11,11940980
2025,6,1,2025-06,1459,1633,6873.1,11223772
2025,6,1,2025-06,1460,1280,5104.69,6534003
2025,6,1,2025-06,1461,1173,5273.35,6185640
2025,6,1,2025-06,1462,1105,7301.55,8068213
2025,6,1,2025-06,1463,897,7391.53,6630202
2025,6,1,2025-06,1464,2172,7207.06,15653734
2025,6,1,2025-06,1465,918,5563.98,5107734
2025,6,1,2025-06,1466,1319,6931.8,9143044
2025,6,1,2025-06,1467,1095,5739.3,6284534
2025,6,1,2025-06,1468,1899,5904.45,11212551
2025,6,1,2025-06,1469,1869,4897.7,9153801
2025,6,1,2025-06,1470,824,6207.16,5114700
2025,6,1,2025-06,1471,1768,4782.71,8455831
2025,6,1,2025-06,1472,875,5210.53,4559214
2025,6,1,2025-06,1473,786,7146.64,5617259
2025,6,1,2025-06,1474,1909,4874.22,9304886
2025,6,1,2025-06,1475,951,4356.35,4142889
2025,6,1,2025-06,1476,1968,4303.83,8469937
2025,6,1,2025-06,1477,767,7457.43,5719849
2025,6,1,2025-06,1478,907,5875.81,5329360
2025,6,1,2025-06,1479,2210,5602.48,12381481
2025,6,1,2025-06,1480,824,6931.06,5711193
2025,6,1,2025-06,1481,1732,7062.89,12232925
2025,6,1,2025-06,1482,1212,5344.06,6477001
2025,6,1,2025-06,1483,898,6537.66,5870819
2025,6,1,2025-06,1484,1965,6880.73,13520634
2025,6,1,2025-06,1485,1636,6426.87,10514359
2025,6,1,2025-06,1486,1658,4670.21,7743208
2025,6,1,2025-06,1487,1611,7204.53,11606498
2025,6,1,2025-06,1488,1197,5978.42,7156169
2025,6,1,2025-06,1489,647,5061.23,3274616
2025,6,1,2025-06,1490,1958,5632.14,11027730
2025,6,1,2025-06,1491,1140,4193.77,4780898
2025,6,1,2025-06,1492,1181,4614.62,5449866
2025,6,1,2025-06,1493,1390,6843.72,9512771
2025,6,1,2025-06,1494,1871,4063.03,7601929
2025,6,1,2025-06,1495,1142,5639.79,6440640
2025,6,1,2025-06,1496,1680,5938.94,9977419
2025,6,1,2025-06,1497,1542,4188.05,6457973
2025,6,1,2025-06,1498,2143,7538.65,16155327
2025,6,1,2025-06,1499,1310,4826.43,6322623
2025,6,1,2025-06,1500,1838,5180.54,9521833
2025,6,1,2025-06,1501,2051,5129.25,10520092
2025,6,1,2025-06,1502,1119,4939.95,5527804
2025,6,1,2025-06,1503,840,4069.88,3418699
2025,6,1,2025-06,1504,1838,6809.44,12515751
2025,6,1,2025-06,1505,1521,7548.57,11481375
2025,6,1,2025-06,1506,1668,4901.88,8176336
2025,6,1,2025-06,1507,1353,6474.07,8759417
2025,6,1,2025-06,1508,1128,6741.77,7604717
2025,6,1,2025-06,1509,1656,7166.33,11867442
2025,6,1,2025-06,1510,1804,5603.53,10108768
2025,6,1,2025-06,1511,754,5175.81,3902561
2025,6,1,2025-06,1512,1091,5258.31,5736816
2025,6,1,2025-06,1513,1386,6677.96,9255653
2025,6,1,2025-06,1514,1452,6974.44,10126887
2025,6,1,2025-06,1515,878,4631.62,4066562
2025,6,1,2025-06,1516,1594,5417.68,8635782
2025,6,1,2025-06,1517,1235,7329.31,9051698
2025,6,1,2025-06,1518,1590,6915.63,10995852
2025,6,1,2025-06,1519,1533,7548.12,11571268
2025,6,1,2025-06,1520,2392,6732.55,16104260
2025,6,1,2025-06,1521,1164,5414.64,6302641
2025,6,1,2025-06,1522,2117,6213.79,13154593
2025,6,1,2025-06,1523,1831,6491.97,11886797
2025,6,1,2025-06,1524,814,4311.5,3509561
2025,6,1,2025-06,1525,1498,6046.47,9057612
2025,6,1,2025-06,1526,1568,6621.5,10382512
2025,6,1,2025-06,1527,1261,4649.41,5862906
2025,6,1,2025-06,1528,2206,6916.66,15258152
2025,6,1,2025-06,1529,1337,6272.55,8386399
2025,6,1,2025-06,1530,2211,7422.02,16410086
2025,6,1,2025-06,1531,1862,4237.89,7890951
2025,6,1,2025-06,1532,1939,5024.11,9741749
2025,6,1,2025-06,1533,1578,6231.23,9832881
2025,6,1,2025-06,1534,1434,5124.4,7348390
2025,6,1,2025-06,1535,930,6659.3,6193149
2025,6,1,2025-06,1536,1918,6797.41,13037432
2025,6,1,2025-06,1537,944,4382.62,4137193
2025,6,1,2025-06,1538,1566,5911.76,9257816
2025,6,1,2025-06,1539,1875,5909.59,11080481
2025,6,1,2025-06,1540,1856,5455.24,10124925
2025,6,1,2025-06,1541,1892,7393.33,13988180
2025,6,1,2025-06,1542,931,7042.09,6556186
2025,6,1,2025-06,1543,1686,6529.79,11009226
2025,6,1,2025-06,1544,1270,6693.59,8500859
2025,6,1,2025-06,1545,814,5733.01,4666670
2025,6,1,2025-06,1546,1302,7443.61,9691580
2025,6,1,2025-06,1547,2210,6551.54,14478903
2025,6,1,2025-06,1548,1707,6676.01,11395949
2025,6,1,2025-06,1549,1501,7166.09,10756301
2025,6,1,2025-06,1550,1970,5082.87,10013254
2025,6,1,2025-06,1551,1355,7032.99,9529701
2025,6,1,2025-06,1552,2032,4841.96,9838863
2025,6,1,2025-06,1553,814,5276.66,4295201
2025,6,1,2025-06,1554,1294,5264.66,6812470
2025,6,1,2025-06,1555,2100,7462.93,15672153
2025,6,1,2025-06,1556,2043,7090.03,14484931
2025,6,1,2025-06,1557,1931,6583.24,12712236
2025,6,1,2025-06,1558,2053,6761.42,13881195
2025,6,1,2025-06,1559,995,6017.74,5987651
2025,6,1,2025-06,1560,1360,7517.39,10223650
2025,6,1,2025-06,1561,1873,5843.27,10944445
2025,6,1,2025-06,1562,1181,5470.35,6460483
2025,6,1,2025-06,1563,893,4653.21,4155317
2025,6,1,2025-06,1564,1177,6908.42,8131210
2025,6,1,2025-06,1565,1518,6666.71,10120066
2025,6,1,2025-06,1566,1915,5369.48,10282554
2025,6,1,2025-06,1567,2089,4190.22,8753370
2025,6,1,2025-06,1568,1811,7128.95,12910528
2025,6,1,2025-06,1569,1744,4135.43,7212190
2025,6,1,2025-06,1570,1533,6657.05,10205258
2025,6,1,2025-06,1571,891,7497.86,6680593
2025,6,1,2025-06,1572,1706,5675.44,9682301
2025,6,1,2025-06,1573,1405,4904.35,6890612
2025,6,1,2025-06,1574,1227,6687.6,8205685
2025,6,1,2025-06,1575,839,6933.72,5817391
2025,6,1,2025-06,1576,1446,6041.25,8735648
2025,6,1,2025-06,1577,1476,7508.75,11082915
2025,6,1,2025-06,1578,890,4217.52,3753593
2025,6,1,2025-06,1579,2134,5938.99,12673805
2025,6,1,2025-06,1580,1993,6572.26,13098514
2025,6,1,2025-06,1581,1084,7132.89,7732053
2025,6,1,2025-06,1582,889,4708.97,4186274
2025,6,1,2025-06,1583,1610,6915.5,11133955
2025,6,1,2025-06,1584,1698,6070.8,10308218
2025,6,1,2025-06,1585,2118,5487.43,11622377
2025,6,1,2025-06,1586,942,4526.59,4264048
2025,6,1,2025-06,1587,1308,7213.2,9434866
2025,6,1,2025-06,1588,1663,4635.81,7709352
2025,6,1,2025-06,1589,839,5208,4369512
2025,6,1,2025-06,1590,2200,5046.71,11102762
2025,6,1,2025-06,1591,1857,7163.77,13303121
2025,6,1,2025-06,1592,1089,6465.08,7040472
2025,6,1,2025-06,1593,1045,6983.45,7297705
2025,6,1,2025-06,1594,858,5005.42,4294650
2025,6,1,2025-06,1595,1053,6219.97,6549628
2025,6,1,2025-06,1596,1228,6144.92,7545962
2025,6,1,2025-06,1597,1645,7141.06,11747044
2025,6,1,2025-06,1598,1757,7342.48,12900737
2025,6,1,2025-06,1599,1251,4073.98,5096549
2025,6,1,2025-06,1600,1020,6476.16,6605683
2025,6,1,2025-06,1601,1578,4285.8,6762992
2025,6,1,2025-06,1602,2100,6001.82,12603822
2025,6,1,2025-06,1603,1877,5113.94,9598865
2025,6,1,2025-06,1604,1988,5233.18,10403562
2025,6,1,2025-06,1605,804,5363.28,4312077
2025,6,1,2025-06,1606,752,6273.6,4717747
2025,6,1,2025-06,1607,1586,5337.97,8466020
2025,6,1,2025-06,1608,2362,6646.96,15700120
2025,6,1,2025-06,1609,1349,5538.52,7471463
2025,6,1,2025-06,1610,1389,4250.58,5904056
2025,6,1,2025-06,1611,2152,6825.54,14688562
2025,6,1,2025-06,1612,1931,5066.62,9783643
2025,6,1,2025-06,1613,1916,5653.08,10831301
2025,6,1,2025-06,1614,2170,6544.95,14202542
2025,6,1,2025-06,1615,736,5258.32,3870124
2025,6,1,2025-06,1616,2098,4326.85,9077731
2025,6,1,2025-06,1617,1214,5415.83,6574818
2025,6,1,2025-06,1618,1945,7492.51,14572932
2025,6,1,2025-06,1619,1390,6427.14,8933725
2025,6,1,2025-06,1620,1482,6445.06,9551579
2025,6,1,2025-06,1621,2201,6307.43,13882653
2025,6,1,2025-06,1622,1623,4718.31,7657817
2025,6,1,2025-06,1623,1963,5570.62,10935127
2025,6,1,2025-06,1624,2059,6825.66,14054034
2025,6,1,2025-06,1625,2079,4459.03,9270323
2025,6,1,2025-06,1626,1876,5087.42,9544000
2025,6,1,2025-06,1627,1071,5110.38,5473217
2025,6,1,2025-06,1628,1564,5692.1,8902444
2025,6,1,2025-06,1629,799,7603.86,6075484
2025,6,1,2025-06,1630,1847,4350.68,8035706
2025,6,1,2025-06,1631,1496,5929.72,8870861
2025,6,1,2025-06,1632,1348,4735.99,6384115
2025,6,1,2025-06,1633,734,7590.15,5571170
2025,6,1,2025-06,1634,625,4459.67,2787294
2025,6,1,2025-06,1635,1487,5518.46,8205950
2025,6,1,2025-06,1636,1373,6686.91,9181127
2025,6,1,2025-06,1637,1521,6625.87,10077948
2025,6,1,2025-06,1638,1888,5582.78,10540289
2025,6,1,2025-06,1639,1804,5333.2,9621093
2025,6,1,2025-06,1640,1338,5410.1,7238714
2025,6,1,2025-06,1641,1464,4955.62,7255028
2025,6,1,2025-06,1642,1586,4849.61,7691481
2025,6,1,2025-06,1643,610,5766.27,3517425
2025,6,1,2025-06,1644,2032,4993.15,10146081
2025,6,1,2025-06,1645,1223,5065.86,6195547
2025,6,1,2025-06,1646,485,6433.38,3120189
2025,6,1,2025-06,1647,911,7516.96,6847951
2025,6,1,2025-06,1648,1456,6214.72,9048632
2025,6,1,2025-06,1649,1721,4324.17,7441897
2025,6,1,2025-06,1650,1535,4381.15,6725065
2025,6,1,2025-06,1651,1784,7457.94,13304965
2025,6,1,2025-06,1652,992,5125.53,5084526
2025,6,1,2025-06,1653,1235,4372.01,5399432
2025,6,1,2025-06,1654,2130,6237.68,13286258
2025,6,1,2025-06,1655,1945,6385.3,12419408
2025,6,1,2025-06,1656,1777,6422.25,11412338
2025,6,1,2025-06,1657,1995,5060.82,10096336
2025,6,1,2025-06,1658,1349,4175.9,5633289
2025,6,1,2025-06,1659,1995,7506.3,14975068
2025,6,1,2025-06,1660,1895,4966.98,9412427
2025,6,1,2025-06,1661,1534,6410.18,9833216
2025,6,1,2025-06,1662,1316,6625.45,8719092
2025,6,1,2025-06,1663,1943,6257.26,12157856
2025,6,1,2025-06,1664,770,5167.53,3978998
2025,6,1,2025-06,1665,1133,5054.43,5726669
2025,6,1,2025-06,1666,2370,6294.99,14919126
2025,6,1,2025-06,1667,385,7174.23,2762079
2025,6,1,2025-06,1668,1929,7469.3,14408280
2025,6,1,2025-06,1669,2341,4537.86,10623130
2025,6,1,2025-06,1670,1581,4684.01,7405420
2025,6,1,2025-06,1671,2021,7493.38,15144121
2025,6,1,2025-06,1672,1802,6792.63,12240319
2025,6,1,2025-06,1673,1598,7193.11,11494590
2025,6,1,2025-06,1674,1934,4894.33,9465634
2025,6,1,2025-06,1675,441,6222.38,2744070
2025,6,1,2025-06,1676,820,6639.28,5444210
2025,6,1,2025-06,1677,1965,6537.82,12846816
2025,6,1,2025-06,1678,1920,5499.84,10559693
2025,6,1,2025-06,1679,1785,4050.95,7230946
2025,6,1,2025-06,1680,1289,6178.48,7964061
2025,6,1,2025-06,1681,667,4955.34,3305212
2025,6,1,2025-06,1682,2172,5654.62,12281835
2025,6,1,2025-06,1683,1875,7480.64,14026200
2025,6,1,2025-06,1684,1692,5389.91,9119728
2025,6,1,2025-06,1685,1740,7032.99,12237403
2025,6,1,2025-06,1686,1278,4684.04,5986203
2025,6,1,2025-06,1687,1869,6425.93,12010063
2025,6,1,2025-06,1688,2114,7532.01,15922669
2025,6,1,2025-06,1689,2062,4435.26,9145506
2025,6,1,2025-06,1690,878,4130.44,3626526
2025,6,1,2025-06,1691,996,5709.64,5686801
2025,6,1,2025-06,1692,1194,4347.58,5191011
2025,6,1,2025-06,1693,874,6804.31,5946967
2025,6,1,2025-06,1694,1575,7328.32,11542104
2025,6,1,2025-06,1695,2007,5532.35,11103426
2025,6,1,2025-06,1696,1614,4958.51,8003035
2025,6,1,2025-06,1697,864,5663.09,4892910
2025,6,1,2025-06,1698,2088,6668.24,13923285
2025,6,1,2025-06,1699,1928,4023.85,7757983
2025,6,1,2025-06,1700,1099,6199.57,6813327
2025,6,1,2025-06,1701,2000,6219.85,12439700
2025,6,1,2025-06,1702,898,6330.47,5684762
2025,6,1,2025-06,1703,1907,4928.97,9399546
2025,6,1,2025-06,1704,726,6632.77,4815391
2025,6,1,2025-06,1705,1144,4433.79,5072256
2025,6,1,2025-06,1706,1254,4803.71,6023852
2025,6,1,2025-06,1707,1450,7257.27,10523042
2025,6,1,2025-06,1708,1554,6736.85,10469065
2025,6,1,2025-06,1709,1264,4136.71,5228801
2025,6,1,2025-06,1710,1291,4948.18,6388100
2025,6,1,2025-06,1711,2134,4810.57,10265756
2025,6,1,2025-06,1712,1821,5099.66,9286481
2025,6,1,2025-06,1713,990,4936.36,4886996
2025,6,1,2025-06,1714,991,4380.26,4340838
2025,6,1,2025-06,1715,1158,5761.27,6671551
2025,6,1,2025-06,1716,1522,6744.41,10264992
2025,6,1,2025-06,1717,552,6213.32,3429753
2025,6,1,2025-06,1718,1007,6525.67,6571350
2025,6,1,2025-06,1719,1344,4453.44,5985423
2025,6,1,2025-06,1720,1725,7528.84,12987249
2025,6,1,2025-06,1721,1489,7172.82,10680329
2025,6,1,2025-06,1722,1894,6978.68,13217620
2025,6,1,2025-06,1723,1422,7080.97,10069139
2025,6,1,2025-06,1724,1379,7437.19,10255885
2025,6,1,2025-06,1725,2363,5959.87,14083173
2025,6,1,2025-06,1726,1475,4847.65,7150284
2025,6,1,2025-06,1727,1114,6249.38,6961809
2025,6,1,2025-06,1728,2102,6669.2,14018658
2025,6,1,2025-06,1729,640,6699.5,4287680
2025,6,1,2025-06,1730,816,5959.87,4863254
2025,6,1,2025-06,1731,1909,4298.15,8205168
2025,6,1,2025-06,1732,1298,5456.24,7082200
2025,6,1,2025-06,1733,777,7327.94,5693809
2025,6,1,2025-06,1734,1863,6184.95,11522562
2025,6,1,2025-06,1735,1860,5995.53,11151686
2025,6,1,2025-06,1736,1793,5033.28,9024671
2025,6,1,2025-06,1737,2057,5416.02,11140753
2025,6,1,2025-06,1738,764,7314.03,5587919
2025,6,1,2025-06,1739,1118,6472.24,7235964
2025,6,1,2025-06,1740,2025,6931.29,14035862
2025,6,1,2025-06,1741,1631,5720.17,9329597
2025,6,1,2025-06,1742,1455,6427.9,9352594
2025,6,1,2025-06,1743,1075,4877.34,5243140
2025,6,1,2025-06,1744,1593,6436.31,10253042
2025,6,1,2025-06,1745,1228,5625.87,6908568
2025,6,1,2025-06,1746,1432,5595.75,8013114
2025,6,1,2025-06,1747,1862,6405.34,11926743
2025,6,1,2025-06,1748,2256,7433.7,16770427
2025,6,1,2025-06,1749,1235,4233.76,5228694
2025,6,1,2025-06,1750,1236,7044.99,8707608
2025,6,1,2025-06,1751,2264,5151.66,11663358
2025,6,1,2025-06,1752,1293,5641.06,7293891
2025,6,1,2025-06,1753,2071,4216.58,8732537
2025,6,1,2025-06,1754,2036,5083.57,10350149
2025,6,1,2025-06,1755,1789,5860.55,10484524
2025,6,1,2025-06,1756,2004,4317.17,8651609
2025,6,1,2025-06,1757,1194,5874.64,7014320
2025,6,1,2025-06,1758,916,7418.67,6795502
2025,6,1,2025-06,1759,2052,4439.65,9110162
2025,6,1,2025-06,1760,855,6695.03,5724251
2025,6,1,2025-06,1761,1803,5505.49,9926398
2025,6,1,2025-06,1762,957,6446.53,6169329
2025,6,1,2025-06,1763,2062,5066.21,10446525
2025,6,1,2025-06,1764,1576,4698.23,7404410
2025,6,1,2025-06,1765,1235,4721.58,5831151
2025,6,1,2025-06,1766,2080,4420.05,9193704
2025,6,1,2025-06,1767,2111,4744.21,10015027
2025,6,1,2025-06,1768,1546,6462.05,9990329
2025,6,1,2025-06,1769,897,7208.9,6466383
2025,6,1,2025-06,1770,1864,6956.98,12967811
2025,6,1,2025-06,1771,1160,6485.91,7523656
2025,6,1,2025-06,1772,1558,4441.97,6920589
2025,6,1,2025-06,1773,1129,5114.01,5773717
2025,6,1,2025-06,1774,1467,5235.26,7680126
2025,6,1,2025-06,1775,1615,4985.3,8051260
2025,6,1,2025-06,1776,767,5917.29,4538561
2025,6,1,2025-06,1777,1267,5988.61,7587569
2025,6,1,2025-06,1778,1852,5327.93,9867326
2025,6,1,2025-06,1779,992,5325.82,5283213
2025,6,1,2025-06,1780,1111,6974.8,7749003
2025,6,1,2025-06,1781,2029,6889.11,13978004
2025,6,1,2025-06,1782,1367,5169.26,7066378
2025,6,1,2025-06,1783,1281,7315.7,9371412
2025,6,1,2025-06,1784,1131,7465.38,8443345
2025,6,1,2025-06,1785,1261,5313.02,6699718
2025,6,1,2025-06,1786,1458,5335.95,7779815
2025,6,1,2025-06,1787,1875,5801.05,10876969
2025,6,1,2025-06,1788,1638,7465.23,12228047
2025,6,1,2025-06,1789,1097,7261.74,7966129
2025,6,1,2025-06,1790,1184,4522.33,5354439
2025,6,1,2025-06,1791,1781,5401.84,9620677
2025,6,1,2025-06,1792,649,6104.69,3961944
2025,6,1,2025-06,1793,1722,5882.2,10129148
2025,6,1,2025-06,1794,1653,4816.67,7961956
2025,6,1,2025-06,1795,1521,7088.76,10782004
2025,6,1,2025-06,1796,787,6585.78,5183009
2025,6,1,2025-06,1797,1949,7038.43,13717900
2025,6,1,2025-06,1798,1243,7113.91,8842590
2025,6,1,2025-06,1799,1104,6746.84,7448511
2025,6,1,2025-06,1800,2245,5679.63,12750769
2025,6,1,2025-06,1801,1461,6249.91,9131119
2025,6,1,2025-06,1802,2003,4700.22,9414541
2025,6,1,2025-06,1803,1177,6467.15,7611836
2025,6,1,2025-06,1804,1886,4715.85,8894093
2025,6,1,2025-06,1805,1093,6508.94,7114271
2025,6,1,2025-06,1806,832,4892.2,4070310
2025,6,1,2025-06,1807,1881,4598.96,8650644
2025,6,1,2025-06,1808,1477,4703.24,6946685
2025,6,1,2025-06,1809,1554,4233.87,6579434
2025,6,1,2025-06,1810,909,6711,6100299
2025,6,1,2025-06,1811,1943,6709.6,13036753
2025,6,1,2025-06,1812,1513,5866.43,8875909
2025,6,1,2025-06,1813,1789,4712.72,8431056
2025,6,1,2025-06,1814,1534,4337.95,6654415
2025,6,1,2025-06,1815,1857,4096.83,7607813
2025,6,1,2025-06,1816,1645,4662.13,7669204
2025,6,1,2025-06,1817,2300,7224.22,16615706
2025,6,1,2025-06,1818,1704,4997.21,8515246
2025,6,1,2025-06,1819,2333,5315.56,12401201
2025,6,1,2025-06,1820,1349,4515.07,6090829
2025,6,1,2025-06,1821,2289,4885.81,11183619
2025,6,1,2025-06,1822,1984,5920.63,11746530
2025,6,1,2025-06,1823,694,6242.63,4332385
2025,6,1,2025-06,1824,1088,4932.29,5366332
2025,6,1,2025-06,1825,1530,4317.76,6606173
2025,6,1,2025-06,1826,688,5489.99,3777113
2025,6,1,2025-06,1827,2186,4867.01,10639284
2025,6,1,2025-06,1828,2161,4823.66,10423929
2025,6,1,2025-06,1829,2052,7460.08,15308084
2025,6,1,2025-06,1830,1339,6314.81,8455531
2025,6,1,2025-06,1831,1802,6135.11,11055468
2025,6,1,2025-06,1832,1937,5617.1,10880323
2025,6,1,2025-06,1833,1824,5629.55,10268299
2025,6,1,2025-06,1834,1758,6066.89,10665593
2025,6,1,2025-06,1835,1415,6576.52,9305776
2025,6,1,2025-06,1836,1854,6609.33,12253698
2025,6,1,2025-06,1837,1913,4668.7,8931223
2025,6,1,2025-06,1838,1376,5842.37,8039101
2025,6,1,2025-06,1839,992,5555.74,5511294
2025,6,1,2025-06,1840,1802,7264.34,13090341
2025,6,1,2025-06,1841,1337,6404.98,8563458
2025,6,1,2025-06,1842,1659,6007.29,9966094
2025,6,1,2025-06,1843,1985,4476.43,8885714
2025,6,1,2025-06,1844,1164,6199.31,7215997
2025,6,1,2025-06,1845,1451,4518.98,6557040
2025,6,1,2025-06,1846,1788,5413,9678444
2025,6,1,2025-06,1847,1094,4553.37,4981387
2025,6,1,2025-06,1848,1128,6539.56,7376624
2025,6,1,2025-06,1849,1270,4854.66,6165418
2025,6,1,2025-06,1850,1676,5552.37,9305772
2025,6,1,2025-06,1851,1515,7311.18,11076438
2025,6,1,2025-06,1852,1036,4801.72,4974582
2025,6,1,2025-06,1853,1559,5861.15,9137533
2025,6,1,2025-06,1854,1732,5634.72,9759335
2025,6,1,2025-06,1855,1321,4088.79,5401292
2025,6,1,2025-06,1856,1969,6794.1,13377583
2025,6,1,2025-06,1857,1402,4403.92,6174296
2025,6,1,2025-06,1858,1008,5815.51,5862034
2025,6,1,2025-06,1859,1182,6012.87,7107212
2025,6,1,2025-06,1860,1986,6357.07,12625141
2025,6,1,2025-06,1861,2042,6517.26,13308245
2025,6,1,2025-06,1862,1215,4922.92,5981348
2025,6,1,2025-06,1863,1812,4125.45,7475315
2025,6,1,2025-06,1864,1578,6626.29,10456286
2025,6,1,2025-06,1865,1416,5959.63,8438836
2025,6,1,2025-06,1866,1801,7016.88,12637401
2025,6,1,2025-06,1867,1066,7022.33,7485804
2025,6,1,2025-06,1868,851,7141.14,6077110
2025,6,1,2025-06,1869,938,5766.33,5408818
2025,6,1,2025-06,1870,2176,5290.35,11511802
2025,6,1,2025-06,1871,1384,6925.14,9584394
2025,6,1,2025-06,1872,886,5633.27,4991077
2025,6,1,2025-06,1873,1787,4737.28,8465519
2025,6,1,2025-06,1874,1349,7171.8,9674758
2025,6,1,2025-06,1875,904,7282.5,6583380
2025,6,1,2025-06,1876,783,5739.41,4493958
2025,6,1,2025-06,1877,1856,4300.16,7981097
2025,6,1,2025-06,1878,1214,5471.1,6641915
2025,6,1,2025-06,1879,2177,6962.77,15157950
2025,6,1,2025-06,1880,1446,7264.78,10504872
2025,6,1,2025-06,1881,923,4726.09,4362181
2025,6,1,2025-06,1882,888,4353.31,3865739
2025,6,1,2025-06,1883,1890,7224.16,13653662
2025,6,1,2025-06,1884,1284,5416.57,6954876
2025,6,1,2025-06,1885,1596,6087.86,9716225
2025,6,1,2025-06,1886,766,7554.37,5786647
2025,6,1,2025-06,1887,2242,4243.48,9513882
2025,6,1,2025-06,1888,2210,6420.25,14188752
2025,6,1,2025-06,1889,1687,4404.29,7430037
2025,6,1,2025-06,1890,1008,5406.14,5449389
2025,6,1,2025-06,1891,1847,7033.75,12991336
2025,6,1,2025-06,1892,1225,5620.86,6885554
2025,6,1,2025-06,1893,1202,7691.23,9244858
2025,6,1,2025-06,1894,1369,5974.34,8178871
2025,6,1,2025-06,1895,1806,5224.79,9435971
2025,6,1,2025-06,1896,2493,4921.74,12269898
2025,6,1,2025-06,1897,1400,5241.63,7338282
2025,6,1,2025-06,1898,1902,5480.77,10424425
2025,6,1,2025-06,1899,1860,4368.28,8125001
2025,6,1,2025-06,1900,1081,5437.98,5878456
2025,6,1,2025-06,1901,1394,5754.57,8021871
2025,6,1,2025-06,1902,1418,6613.83,9378411
2025,6,1,2025-06,1903,1547,6432.83,9951588
2025,6,1,2025-06,1904,934,6621.15,6184154
2025,6,1,2025-06,1905,555,4011.93,2226621
2025,6,1,2025-06,1906,884,4833.85,4273123
2025,6,1,2025-06,1907,1785,6434.78,11486082
2025,6,1,2025-06,1908,1159,5831.27,6758442
2025,6,1,2025-06,1909,893,4071.66,3635992
2025,6,1,2025-06,1910,1894,6931.4,13128072
2025,6,1,2025-06,1911,1910,6796.8,12981888
2025,6,1,2025-06,1912,1056,6144.56,6488655
2025,6,1,2025-06,1913,1840,4261.32,7840829
2025,6,1,2025-06,1914,1500,6751.39,10127085
2025,6,1,2025-06,1915,819,6192.51,5071666
2025,6,1,2025-06,1916,750,6836.53,5127398
2025,6,1,2025-06,1917,791,6700.95,5300451
2025,6,1,2025-06,1918,1770,6937.49,12279357
2025,6,1,2025-06,1919,986,5927.43,5844446
2025,6,1,2025-06,1920,1606,4603.08,7392546
2025,6,1,2025-06,1921,1241,6485.41,8048394
2025,6,1,2025-06,1922,2301,6298.63,14493148
2025,6,1,2025-06,1923,770,6752.16,5199163
2025,6,1,2025-06,1924,1423,4722.6,6720260
2025,6,1,2025-06,1925,517,4748.82,2455140
2025,6,1,2025-06,1926,1443,7235.61,10440985
2025,6,1,2025-06,1927,1972,6791.07,13391990
2025,6,1,2025-06,1928,2292,7310.46,16755574
2025,6,1,2025-06,1929,866,6753.93,5848903
2025,6,1,2025-06,1930,2085,6181.14,12887677
2025,6,1,2025-06,1931,1300,6348.87,8253531
2025,6,1,2025-06,1932,2371,7273.31,17245018
2025,6,1,2025-06,1933,1504,6228.44,9367574
2025,6,1,2025-06,1934,2178,6380.61,13896969
2025,6,1,2025-06,1935,2135,4607.73,9837504
2025,6,1,2025-06,1936,1652,5677.66,9379494
2025,6,1,2025-06,1937,2174,6590.7,14328182
2025,6,1,2025-06,1938,752,5041.91,3791516
2025,6,1,2025-06,1939,937,4835.96,4531295
2025,6,1,2025-06,1940,920,5233.16,4814507
2025,6,1,2025-06,1941,636,4921.97,3130373
2025,6,1,2025-06,1942,1169,4842.95,5661409
2025,6,1,2025-06,1943,1675,5568.47,9327187
2025,6,1,2025-06,1944,723,7299.11,5277257
2025,6,1,2025-06,1945,1758,5900.7,10373431
2025,6,1,2025-06,1946,2114,4726.07,9990912
2025,6,1,2025-06,1947,2063,4296.62,8863927
2025,6,1,2025-06,1948,742,6569.45,4874532
2025,6,1,2025-06,1949,1030,5472.78,5636963
2025,6,1,2025-06,1950,1829,6992.59,12789447
2025,6,1,2025-06,1951,1351,6542.66,8839134
2025,6,1,2025-06,1952,2024,6918.86,14003773
2025,6,1,2025-06,1953,1647,5012.85,8256164
2025,6,1,2025-06,1954,1739,6633.44,11535552
2025,6,1,2025-06,1955,848,5085.46,4312470
2025,6,1,2025-06,1956,1696,7541.42,12790248
2025,6,1,2025-06,1957,1661,6350.02,10547383
2025,6,1,2025-06,1958,1627,5220.79,8494225
2025,6,1,2025-06,1959,1695,5037.35,8538308
2025,6,1,2025-06,1960,916,4788.6,4386358
2025,6,1,2025-06,1961,1523,6614.26,10073518
2025,6,1,2025-06,1962,2164,4905.31,10615091
2025,6,1,2025-06,1963,2025,6205.58,12566300
2025,6,1,2025-06,1964,847,5056.09,4282508
2025,6,1,2025-06,1965,1891,6399.24,12100963
2025,6,1,2025-06,1966,1219,6948.35,8470039
2025,6,1,2025-06,1967,2022,6863.85,13878705
2025,6,1,2025-06,1968,1390,6696.46,9308079
2025,6,1,2025-06,1969,1016,4748.76,4824740
2025,6,1,2025-06,1970,1488,4436.93,6602152
2025,6,1,2025-06,1971,1072,6592.7,7067374
2025,6,1,2025-06,1972,869,5457.09,4742211
2025,6,1,2025-06,1973,1476,5603.7,8271061
2025,6,1,2025-06,1974,1481,4123.8,6107348
2025,6,1,2025-06,1975,1186,4969.88,5894278
2025,6,1,2025-06,1976,2262,4202.4,9505829
2025,6,1,2025-06,1977,1015,7295.01,7404435
2025,6,1,2025-06,1978,1734,5032.82,8726910
2025,6,1,2025-06,1979,1778,5978.84,10630378
2025,6,1,2025-06,1980,1645,4207.33,6921058
2025,6,1,2025-06,1981,1584,6425.93,10178673
2025,6,1,2025-06,1982,601,5202.49,3126696
2025,6,1,2025-06,1983,1093,7275.76,7952406
2025,6,1,2025-06,1984,1038,7216.57,7490800
2025,6,1,2025-06,1985,1920,5266.89,10112429
2025,6,1,2025-06,1986,1058,7370.67,7798169
2025,6,1,2025-06,1987,1639,7708.89,12634871
2025,6,1,2025-06,1988,2178,6991.45,15227378
2025,6,1,2025-06,1989,1680,7090.12,11911402
2025,6,1,2025-06,1990,836,5039.06,4212654
2025,6,1,2025-06,1991,1743,6160.05,10736967
2025,6,1,2025-06,1992,650,4376.02,2844413
2025,6,1,2025-06,1993,1170,4445.47,5201200
2025,6,1,2025-06,1994,1468,7692.78,11293001
2025,6,1,2025-06,1995,1403,5222.72,7327476
2025,6,1,2025-06,1996,1697,6722.2,11407573
2025,6,1,2025-06,1997,1910,6874.35,13130008
2025,6,1,2025-06,1998,2374,7090.18,16832087
2025,6,1,2025-06,1999,1235,7625.4,9417369
2025,6,1,2025-06,2000,1812,4854.52,8796390
2025,6,1,2025-06,2001,985,4261.98,4198050
2025,6,1,2025-06,2002,1480,5549.09,8212653
2025,6,1,2025-06,2003,1303,4529.82,5902355
2025,6,1,2025-06,2004,970,4152.27,4027702
2025,6,1,2025-06,2005,1845,5416.6,9993627
2025,6,1,2025-06,2006,2053,6834.04,14030284
2025,6,1,2025-06,2007,1701,6046.25,10284671
2025,6,1,2025-06,2008,1102,5174.34,5702123
2025,6,1,2025-06,2009,880,6483,5705040
2025,6,1,2025-06,2010,2307,4872.45,11240742
2025,6,1,2025-06,2011,1786,4141.83,7397308
2025,6,1,2025-06,2012,1069,6782.77,7250781
2025,6,1,2025-06,2013,1492,6211.36,9267349
2025,6,1,2025-06,2014,2049,6752.52,13835913
2025,6,1,2025-06,2015,876,4168.08,3651238
2025,6,1,2025-06,2016,2062,7080.51,14600012
2025,6,1,2025-06,2017,1354,6327.04,8566812
2025,6,1,2025-06,2018,2040,6007.71,12255728
2025,6,1,2025-06,2019,2280,6305.06,14375537
2025,6,1,2025-06,2020,1214,7158.43,8690334
2025,6,1,2025-06,2021,581,6267.5,3641418
2025,6,1,2025-06,2022,1665,6152.13,10243296
2025,6,1,2025-06,2023,1596,7661.82,12228265
2025,6,1,2025-06,2024,1480,6714.79,9937889
2025,6,1,2025-06,2025,762,5639.46,4297269
2025,6,1,2025-06,2026,1350,6534.33,8821346
2025,6,1,2025-06,2027,1225,5446.82,6672354
2025,6,1,2025-06,2028,2210,4892.01,10811342
2025,6,1,2025-06,2029,1702,6132.42,10437379
2025,6,1,2025-06,2030,1201,7432.57,8926517
2025,6,1,2025-06,2031,990,7422.11,7347889
2025,6,1,2025-06,2032,711,5338.56,3795716
2025,6,1,2025-06,2033,1170,5971.97,6987205
2025,6,1,2025-06,2034,1056,4784.69,5052633
2025,6,1,2025-06,2035,1597,7675.67,12258045
2025,6,1,2025-06,2036,1600,7540.91,12065456
2025,6,1,2025-06,2037,1452,6328.7,9189272
2025,6,1,2025-06,2038,1016,6929.95,7040829
2025,6,1,2025-06,2039,1337,6622.14,8853801
2025,6,1,2025-06,2040,799,6203.66,4956724
2025,6,1,2025-06,2041,983,4226.12,4154276
2025,6,1,2025-06,2042,764,5771.86,4409701
2025,6,1,2025-06,2043,1905,6510.29,12402102
2025,6,1,2025-06,2044,744,6528.62,4857293
2025,6,1,2025-06,2045,1524,5459.65,8320507
2025,6,1,2025-06,2046,1859,7455.41,13859607
2025,6,1,2025-06,2047,1248,4689.99,5853108
2025,6,1,2025-06,2048,770,5857.36,4510167
2025,6,1,2025-06,2049,822,6539.45,5375428
2025,6,1,2025-06,2050,2187,6596.15,14425780
2025,6,1,2025-06,2051,1949,6339.46,12355608
2025,6,1,2025-06,2052,964,5015.35,4834797
2025,6,1,2025-06,2053,2180,4730.6,10312708
2025,6,1,2025-06,2054,2506,6338.79,15885008
2025,6,1,2025-06,2055,1214,6367.24,7729829
2025,6,1,2025-06,2056,964,4754.72,4583550
2025,6,1,2025-06,2057,1657,6621.98,10972621
2025,6,1,2025-06,2058,2037,5667.87,11545451
2025,6,1,2025-06,2059,973,6450.71,6276541
2025,6,1,2025-06,2060,2084,6984.34,14555365
2025,6,1,2025-06,2061,1872,4688.57,8777003
2025,6,1,2025-06,2062,1306,4110.01,5367673
2025,6,1,2025-06,2063,952,6840.35,6512013
2025,6,1,2025-06,2064,1322,6230.72,8237012
2025,6,1,2025-06,2065,1586,6527.64,10352837
2025,6,1,2025-06,2066,1749,6946.83,12150006
2025,6,1,2025-06,2067,2090,6940.4,14505436
2025,6,1,2025-06,2068,2024,7503.82,15187732
2025,6,1,2025-06,2069,772,5915.77,4566974
2025,6,1,2025-06,2070,2061,5797.25,11948132
2025,6,1,2025-06,2071,1723,5496.64,9470711
2025,6,1,2025-06,2072,1211,4644.68,5624707
2025,6,1,2025-06,2073,988,6093.7,6020576
2025,6,1,2025-06,2074,1008,5084.84,5125519
2025,6,1,2025-06,2075,1484,7410.68,10997449
2025,6,1,2025-06,2076,1937,6121.77,11857868
2025,6,1,2025-06,2077,1981,6144.09,12171442
2025,6,1,2025-06,2078,1804,5290.14,9543413
2025,6,1,2025-06,2079,1595,4285.73,6835739
2025,6,1,2025-06,2080,1968,4175.56,8217502
2025,6,1,2025-06,2081,932,5571.67,5192796
2025,6,1,2025-06,2082,1077,4385.8,4723507
2025,6,1,2025-06,2083,731,6161.03,4503713
2025,6,1,2025-06,2084,2172,7248.57,15743894
2025,7,1,2025-07,1,1866,7256.48,13540592
2025,7,1,2025-07,2,2288,4833.79,11059712
2025,7,1,2025-07,3,1565,4402.99,6890679
2025,7,1,2025-07,4,1967,4979.93,9795522
2025,7,1,2025-07,5,2029,4287.33,8698993
2025,7,1,2025-07,6,1760,6014.67,10585819
2025,7,1,2025-07,7,1661,7435.9,12351030
2025,7,1,2025-07,8,783,4186.29,3277865
2025,7,1,2025-07,9,1203,4497.34,5410300
2025,7,1,2025-07,10,1875,5725.17,10734694
2025,7,1,2025-07,11,1048,7301.31,7651773
2025,7,1,2025-07,12,2343,5201.91,12188075
2025,7,1,2025-07,13,934,5886.31,5497814
2025,7,1,2025-07,14,1997,4162.21,8311933
2025,7,1,2025-07,15,1962,4650.98,9125223
2025,7,1,2025-07,16,1579,7579,11967241
2025,7,1,2025-07,17,868,7546.06,6549980
2025,7,1,2025-07,18,2008,4083.61,8199889
2025,7,1,2025-07,19,1423,7432.32,10576191
2025,7,1,2025-07,20,1034,6387.56,6604737
2025,7,1,2025-07,21,2149,7246.3,15572299
2025,7,1,2025-07,22,1462,5628.8,8229306
2025,7,1,2025-07,23,996,5912.25,5888601
2025,7,1,2025-07,24,1994,5765.02,11495450
2025,7,1,2025-07,25,1669,6444.43,10755754
2025,7,1,2025-07,26,828,4575.09,3788175
2025,7,1,2025-07,27,1847,4173.72,7708861
2025,7,1,2025-07,28,1294,5129.54,6637625
2025,7,1,2025-07,29,1957,6602.2,12920505
2025,7,1,2025-07,30,837,4817.25,4032038
2025,7,1,2025-07,31,915,6419.84,5874154
2025,7,1,2025-07,32,1608,7548.97,12138744
2025,7,1,2025-07,33,1550,4440.33,6882512
2025,7,1,2025-07,34,1329,6525.12,8671884
2025,7,1,2025-07,35,2023,5645.02,11419875
2025,7,1,2025-07,36,1279,7079.25,9054361
2025,7,1,2025-07,37,2293,4679.36,10729772
2025,7,1,2025-07,38,1564,6642.61,10389042
2025,7,1,2025-07,39,1732,6993.79,12113244
2025,7,1,2025-07,40,795,7385.3,5871314
2025,7,1,2025-07,41,1579,6502.21,10266990
2025,7,1,2025-07,42,1460,5807.1,8478366
2025,7,1,2025-07,43,1667,6238.77,10400030
2025,7,1,2025-07,44,1341,7129.53,9560700
2025,7,1,2025-07,45,2066,6068.53,12537583
2025,7,1,2025-07,46,1478,4148.08,6130862
2025,7,1,2025-07,47,1973,7425.24,14649999
2025,7,1,2025-07,48,1527,6661.48,10172080
2025,7,1,2025-07,49,726,6513.22,4728598
2025,7,1,2025-07,50,1527,4850.41,7406576
2025,7,1,2025-07,51,774,6470.44,5008121
2025,7,1,2025-07,52,2185,5491.56,11999059
2025,7,1,2025-07,53,1019,6461.02,6583779
2025,7,1,2025-07,54,1535,4465.29,6854220
2025,7,1,2025-07,55,1044,6334.85,6613583
2025,7,1,2025-07,56,792,7678.86,6081657
2025,7,1,2025-07,57,918,4227.77,3881093
2025,7,1,2025-07,58,1645,7562.9,12440970
2025,7,1,2025-07,59,2051,5473.35,11225841
2025,7,1,2025-07,60,1448,7221.32,10456471
2025,7,1,2025-07,61,1557,6828.77,10632395
2025,7,1,2025-07,62,2080,6058.76,12602221
2025,7,1,2025-07,63,770,6757.07,5202944
2025,7,1,2025-07,64,2441,7152.69,17459716
2025,7,1,2025-07,65,1657,5571.93,9232688
2025,7,1,2025-07,66,2248,5313.7,11945198
2025,7,1,2025-07,67,2393,6502.45,15560363
2025,7,1,2025-07,68,1381,6918.93,9555042
2025,7,1,2025-07,69,1665,6794.27,11312460
2025,7,1,2025-07,70,597,6923.5,4133330
2025,7,1,2025-07,71,890,5566.67,4954336
2025,7,1,2025-07,72,1974,6998.34,13814723
2025,7,1,2025-07,73,2287,4414.23,10095344
2025,7,1,2025-07,74,1849,6009.16,11110937
2025,7,1,2025-07,75,1647,4088.52,6733792
2025,7,1,2025-07,76,2174,5232.48,11375412
2025,7,1,2025-07,77,1151,5432.8,6253153
2025,7,1,2025-07,78,1912,5446.06,10412867
2025,7,1,2025-07,79,2286,6560.67,14997692
2025,7,1,2025-07,80,1425,5452.45,7769741
2025,7,1,2025-07,81,1187,5785.35,6867210
2025,7,1,2025-07,82,1473,4797.12,7066158
2025,7,1,2025-07,83,850,5372.53,4566650
2025,7,1,2025-07,84,887,4929.21,4372209
2025,7,1,2025-07,85,1812,4253.22,7706835
2025,7,1,2025-07,86,1048,6288.7,6590558
2025,7,1,2025-07,87,1498,6457.8,9673784
2025,7,1,2025-07,88,1926,6272.61,12081047
2025,7,1,2025-07,89,1221,5625.99,6869334
2025,7,1,2025-07,90,2360,5439.55,12837338
2025,7,1,2025-07,91,2096,7172.74,15034063
2025,7,1,2025-07,92,1827,5833.97,10658663
2025,7,1,2025-07,93,936,5782.96,5412851
2025,7,1,2025-07,94,1473,4177.94,6154106
2025,7,1,2025-07,95,1014,5276.95,5350827
2025,7,1,2025-07,96,1642,5483.05,9003168
2025,7,1,2025-07,97,1748,5493.02,9601799
2025,7,1,2025-07,98,1501,6141.09,9217776
2025,7,1,2025-07,99,840,5987.32,5029349
2025,7,1,2025-07,100,1496,6113.7,9146095
2025,7,1,2025-07,101,860,6784.06,5834292
2025,7,1,2025-07,102,1102,6901.85,7605839
2025,7,1,2025-07,103,1122,6587.47,7391141
2025,7,1,2025-07,104,1637,7469.65,12227817
2025,7,1,2025-07,105,2051,4089.46,8387482
2025,7,1,2025-07,106,546,4822.07,2632850
2025,7,1,2025-07,107,888,4070.84,3614906
2025,7,1,2025-07,108,1182,6372.73,7532567
2025,7,1,2025-07,109,2275,7289.15,16582816
2025,7,1,2025-07,110,2005,4963.19,9951196
2025,7,1,2025-07,111,1341,7421.84,9952687
2025,7,1,2025-07,112,2163,4329.52,9364752
2025,7,1,2025-07,113,1933,7315.2,14140282
2025,7,1,2025-07,114,1823,5364.44,9779374
2025,7,1,2025-07,115,1203,4476.66,5385422
2025,7,1,2025-07,116,1156,5907.51,6829082
2025,7,1,2025-07,117,1313,4984.12,6544150
2025,7,1,2025-07,118,759,5089.52,3862946
2025,7,1,2025-07,119,1082,5194.66,5620622
2025,7,1,2025-07,120,863,7050.4,6084495
2025,7,1,2025-07,121,1564,5998.43,9381545
2025,7,1,2025-07,122,742,5177.66,3841824
2025,7,1,2025-07,123,1881,6270.91,11795582
2025,7,1,2025-07,124,904,6570.13,5939398
2025,7,1,2025-07,125,890,5086.34,4526843
2025,7,1,2025-07,126,1804,5527.6,9971790
2025,7,1,2025-07,127,1728,4500.92,7777590
2025,7,1,2025-07,128,1908,4716.58,8999235
2025,7,1,2025-07,129,1822,6586.34,12000311
2025,7,1,2025-07,130,1462,4696.73,6866619
2025,7,1,2025-07,131,1171,6001.22,7027429
2025,7,1,2025-07,132,1511,6506.93,9831971
2025,7,1,2025-07,133,771,4481.72,3455406
2025,7,1,2025-07,134,1294,6149.89,7957958
2025,7,1,2025-07,135,1587,5024.57,7973993
2025,7,1,2025-07,136,1725,7476.3,12896618
2025,7,1,2025-07,137,1442,5822.34,8395814
2025,7,1,2025-07,138,2358,6987.99,16477680
2025,7,1,2025-07,139,1137,6015.04,6839100
2025,7,1,2025-07,140,1843,4181.18,7705915
2025,7,1,2025-07,141,1985,6363.95,12632441
2025,7,1,2025-07,142,1205,7436.33,8960778
2025,7,1,2025-07,143,1582,6229.84,9855607
2025,7,1,2025-07,144,1124,7035.68,7908104
2025,7,1,2025-07,145,1748,7173.02,12538439
2025,7,1,2025-07,146,1584,4871.48,7716424
2025,7,1,2025-07,147,1055,4792.57,5056161
2025,7,1,2025-07,148,761,6261.74,4765184
2025,7,1,2025-07,149,1775,5553.97,9858297
2025,7,1,2025-07,150,1667,7074.54,11793258
2025,7,1,2025-07,151,2331,7334.18,17095974
2025,7,1,2025-07,152,1420,5343.56,7587855
2025,7,1,2025-07,153,1426,4907.6,6998238
2025,7,1,2025-07,154,2255,6865.84,15482469
2025,7,1,2025-07,155,1335,5067.95,6765713
2025,7,1,2025-07,156,1911,7100.07,13568234
2025,7,1,2025-07,157,660,5600.81,3696535
2025,7,1,2025-07,158,1326,6404.32,8492128
2025,7,1,2025-07,159,2186,4386.77,9589479
2025,7,1,2025-07,160,945,6260.26,5915946
2025,7,1,2025-07,161,1377,5658.01,7791080
2025,7,1,2025-07,162,1985,6165.19,12237902
2025,7,1,2025-07,163,1404,4682.57,6574328
2025,7,1,2025-07,164,1656,6651.78,11015348
2025,7,1,2025-07,165,1175,7226.81,8491502
2025,7,1,2025-07,166,1948,4776.48,9304583
2025,7,1,2025-07,167,2256,4405.24,9938221
2025,7,1,2025-07,168,1844,4062.93,7492043
2025,7,1,2025-07,169,1231,6372.93,7845077
2025,7,1,2025-07,170,1539,6272.8,9653839
2025,7,1,2025-07,171,1337,6040.49,8076135
2025,7,1,2025-07,172,1678,4905.52,8231463
2025,7,1,2025-07,173,1496,5506,8236976
2025,7,1,2025-07,174,1639,6253.15,10248913
2025,7,1,2025-07,175,1710,5863.79,10027081
2025,7,1,2025-07,176,2359,7636.87,18015376
2025,7,1,2025-07,177,2159,4490.94,9695939
2025,7,1,2025-07,178,2036,6578.45,13393724
2025,7,1,2025-07,179,2497,5510.08,13758670
2025,7,1,2025-07,180,2155,5580.74,12026495
2025,7,1,2025-07,181,901,6637.97,5980811
2025,7,1,2025-07,182,2116,6603.52,13973048
2025,7,1,2025-07,183,2126,7607.22,16172950
2025,7,1,2025-07,184,2141,4488.95,9610842
2025,7,1,2025-07,185,2078,4376.12,9093577
2025,7,1,2025-07,186,1283,6682.89,8574148
2025,7,1,2025-07,187,1219,6140.87,7485721
2025,7,1,2025-07,188,1930,5010.24,9669763
2025,7,1,2025-07,189,1801,4337.86,7812486
2025,7,1,2025-07,190,2303,4448.3,10244435
2025,7,1,2025-07,191,1555,7270.06,11304943
2025,7,1,2025-07,192,2104,4730.69,9953372
2025,7,1,2025-07,193,2193,5206.88,11418688
2025,7,1,2025-07,194,1428,4825.3,6890528
2025,7,1,2025-07,195,1137,5302.33,6028749
2025,7,1,2025-07,196,1912,4315.61,8251446
2025,7,1,2025-07,197,2020,5913.54,11945351
2025,7,1,2025-07,198,1479,4352.53,6437392
2025,7,1,2025-07,199,1281,6909.34,8850865
2025,7,1,2025-07,200,2013,4871.5,9806330
2025,7,1,2025-07,201,2281,6034.96,13765744
2025,7,1,2025-07,202,1879,7145.28,13425981
2025,7,1,2025-07,203,1763,6363.71,11219221
2025,7,1,2025-07,204,1197,5940.72,7111042
2025,7,1,2025-07,205,1226,5179.09,6349564
2025,7,1,2025-07,206,1996,5222.2,10423511
2025,7,1,2025-07,207,2380,6371.46,15164075
2025,7,1,2025-07,208,2288,7611.84,17415890
2025,7,1,2025-07,209,2033,6358.25,12926322
2025,7,1,2025-07,210,1622,6074.62,9853034
2025,7,1,2025-07,211,1879,6687.05,12564967
2025,7,1,2025-07,212,1555,5746.04,8935092
2025,7,1,2025-07,213,860,4331.82,3725365
2025,7,1,2025-07,214,806,6040.09,4868313
2025,7,1,2025-07,215,1313,7544.24,9905587
2025,7,1,2025-07,216,851,4558.96,3879675
2025,7,1,2025-07,217,1443,6623.12,9557162
2025,7,1,2025-07,218,2081,4799.78,9988342
2025,7,1,2025-07,219,1192,6038.18,7197511
2025,7,1,2025-07,220,2288,4385.87,10034871
2025,7,1,2025-07,221,1844,5656.78,10431102
2025,7,1,2025-07,222,1900,6723.55,12774745
2025,7,1,2025-07,223,1646,5350.46,8806857
2025,7,1,2025-07,224,2358,6465.74,15246215
2025,7,1,2025-07,225,1116,6893.58,7693235
2025,7,1,2025-07,226,1358,7423.64,10081303
2025,7,1,2025-07,227,2405,4835.08,11628367
2025,7,1,2025-07,228,815,5471.66,4459403
2025,7,1,2025-07,229,2028,4545.25,9217767
2025,7,1,2025-07,230,826,7680.83,6344366
2025,7,1,2025-07,231,1031,7373.33,7601903
2025,7,1,2025-07,232,1412,6024.95,8507229
2025,7,1,2025-07,233,1108,7131.08,7901237
2025,7,1,2025-07,234,1033,5985.95,6183486
2025,7,1,2025-07,235,1566,6278.67,9832397
2025,7,1,2025-07,236,716,4385.36,3139918
2025,7,1,2025-07,237,1558,6814.96,10617708
2025,7,1,2025-07,238,1331,4477,5958887
2025,7,1,2025-07,239,1082,6990.05,7563234
2025,7,1,2025-07,240,1449,6857.55,9936590
2025,7,1,2025-07,241,2151,6610.56,14219315
2025,7,1,2025-07,242,1869,4236.07,7917215
2025,7,1,2025-07,243,721,5195.26,3745782
2025,7,1,2025-07,244,2205,4960.5,10937902
2025,7,1,2025-07,245,1247,5331.58,6648480
2025,7,1,2025-07,246,2143,4347.77,9317271
2025,7,1,2025-07,247,1409,7394.4,10418710
2025,7,1,2025-07,248,1818,6027.36,10957740
2025,7,1,2025-07,249,1742,5128.26,8933429
2025,7,1,2025-07,250,942,5422.54,5108033
2025,7,1,2025-07,251,2131,5709.74,12167456
2025,7,1,2025-07,252,778,6261,4871058
2025,7,1,2025-07,253,1921,5800.06,11141915
2025,7,1,2025-07,254,1749,7370.18,12890445
2025,7,1,2025-07,255,1278,5971.72,7631858
2025,7,1,2025-07,256,1611,7636.89,12303030
2025,7,1,2025-07,257,1385,7182.9,9948316
2025,7,1,2025-07,258,1224,4866.02,5956008
2025,7,1,2025-07,259,1636,7342.57,12012445
2025,7,1,2025-07,260,1486,4509.62,6701295
2025,7,1,2025-07,261,1098,6896.74,7572621
2025,7,1,2025-07,262,985,5417.61,5336346
2025,7,1,2025-07,263,2385,7205.3,17184640
2025,7,1,2025-07,264,2169,7287.75,15807130
2025,7,1,2025-07,265,1103,6977.28,7695940
2025,7,1,2025-07,266,937,6846.59,6415255
2025,7,1,2025-07,267,888,5187.29,4606314
2025,7,1,2025-07,268,1285,4388.95,5639801
2025,7,1,2025-07,269,1884,5513.32,10387095
2025,7,1,2025-07,270,1564,4713.69,7372211
2025,7,1,2025-07,271,671,6645.88,4459385
2025,7,1,2025-07,272,1710,5293.23,9051423
2025,7,1,2025-07,273,2191,7570.93,16587908
2025,7,1,2025-07,274,956,6409.3,6127291
2025,7,1,2025-07,275,1065,6970.67,7423764
2025,7,1,2025-07,276,1868,4590.76,8575540
2025,7,1,2025-07,277,1820,7127.06,12971249
2025,7,1,2025-07,278,1902,7358.17,13995239
2025,7,1,2025-07,279,757,5805.96,4395112
2025,7,1,2025-07,280,2155,6156.29,13266805
2025,7,1,2025-07,281,1881,6828.5,12844408
2025,7,1,2025-07,282,1574,4781.77,7526506
2025,7,1,2025-07,283,830,5847.87,4853732
2025,7,1,2025-07,284,1583,5571.65,8819922
2025,7,1,2025-07,285,1019,4454.11,4538738
2025,7,1,2025-07,286,728,5436.17,3957532
2025,7,1,2025-07,287,672,4235.85,2846491
2025,7,1,2025-07,288,1910,4206.36,8034148
2025,7,1,2025-07,289,1397,4486.93,6268241
2025,7,1,2025-07,290,1324,7588.75,10047505
2025,7,1,2025-07,291,2070,5956.74,12330452
2025,7,1,2025-07,292,2358,7569.27,17848339
2025,7,1,2025-07,293,864,5595.25,4834296
2025,7,1,2025-07,294,730,5161.61,3767975
2025,7,1,2025-07,295,1964,5869.63,11527953
2025,7,1,2025-07,296,1835,5630.98,10332848
2025,7,1,2025-07,297,1343,4485.99,6024685
2025,7,1,2025-07,298,2166,6372.05,13801860
2025,7,1,2025-07,299,564,4855.36,2738423
2025,7,1,2025-07,300,959,6309.4,6050715
2025,7,1,2025-07,301,1682,6306.53,10607583
2025,7,1,2025-07,302,1581,4711.27,7448518
2025,7,1,2025-07,303,1209,4274.65,5168052
2025,7,1,2025-07,304,1417,6845.22,9699677
2025,7,1,2025-07,305,2092,5703.98,11932726
2025,7,1,2025-07,306,1864,4293.34,8002786
2025,7,1,2025-07,307,1070,7704.76,8244093
2025,7,1,2025-07,308,1632,4333.76,7072696
2025,7,1,2025-07,309,1023,6584.27,6735708
2025,7,1,2025-07,310,2044,7551.26,15434775
2025,7,1,2025-07,311,1617,4910.34,7940020
2025,7,1,2025-07,312,2355,4554.65,10726201
2025,7,1,2025-07,313,1878,4469.43,8393590
2025,7,1,2025-07,314,1891,5279.35,9983251
2025,7,1,2025-07,315,1203,4472.82,5380802
2025,7,1,2025-07,316,1412,6519.25,9205181
2025,7,1,2025-07,317,1867,4293.95,8016805
2025,7,1,2025-07,318,1553,5966.44,9265881
2025,7,1,2025-07,319,1249,7534.99,9411203
2025,7,1,2025-07,320,1677,6939.17,11636988
2025,7,1,2025-07,321,1333,6239.14,8316774
2025,7,1,2025-07,322,2205,5111.17,11270130
2025,7,1,2025-07,323,1873,6285.11,11772011
2025,7,1,2025-07,324,1652,5972.23,9866124
2025,7,1,2025-07,325,720,5590.99,4025513
2025,7,1,2025-07,326,964,4492.55,4330818
2025,7,1,2025-07,327,2322,7212.55,16747541
2025,7,1,2025-07,328,1283,5609.28,7196706
2025,7,1,2025-07,329,1267,4769.2,6042576
2025,7,1,2025-07,330,1989,5294.46,10530681
2025,7,1,2025-07,331,823,5508.29,4533323
2025,7,1,2025-07,332,1107,7019.48,7770564
2025,7,1,2025-07,333,2065,6681.85,13798020
2025,7,1,2025-07,334,1666,6893.71,11484921
2025,7,1,2025-07,335,1084,4144.39,4492519
2025,7,1,2025-07,336,1499,5521.32,8276459
2025,7,1,2025-07,337,1739,5719.42,9946071
2025,7,1,2025-07,338,1250,4090.7,5113375
2025,7,1,2025-07,339,1921,4975.62,9558166
2025,7,1,2025-07,340,1591,6799.69,10818307
2025,7,1,2025-07,341,1511,4539.58,6859305
2025,7,1,2025-07,342,1257,5957.87,7489043
2025,7,1,2025-07,343,1868,4890.21,9134912
2025,7,1,2025-07,344,1623,4160.46,6752427
2025,7,1,2025-07,345,657,4930.18,3239128
2025,7,1,2025-07,346,1743,7563.93,13183930
2025,7,1,2025-07,347,1863,6925.52,12902244
2025,7,1,2025-07,348,543,7556.19,4103011
2025,7,1,2025-07,349,1119,5787.65,6476380
2025,7,1,2025-07,350,1658,4467.17,7406568
2025,7,1,2025-07,351,2138,6049.18,12933147
2025,7,1,2025-07,352,1262,5739.61,7243388
2025,7,1,2025-07,353,627,7030.15,4407904
2025,7,1,2025-07,354,1997,4443.86,8874388
2025,7,1,2025-07,355,1171,5750,6733250
2025,7,1,2025-07,356,2136,4581.28,9785614
2025,7,1,2025-07,357,1297,5216.16,6765360
2025,7,1,2025-07,358,1056,6694.53,7069424
2025,7,1,2025-07,359,834,5772.43,4814207
2025,7,1,2025-07,360,1179,5316.02,6267588
2025,7,1,2025-07,361,1819,5476.2,9961208
2025,7,1,2025-07,362,1385,5795.82,8027211
2025,7,1,2025-07,363,1902,6848.26,13025391
2025,7,1,2025-07,364,2065,7217.48,14904096
2025,7,1,2025-07,365,773,7496.45,5794756
2025,7,1,2025-07,366,976,6891.5,6726104
2025,7,1,2025-07,367,1790,5083.46,9099393
2025,7,1,2025-07,368,2025,6598.58,13362124
2025,7,1,2025-07,369,1768,5611.5,9921132
2025,7,1,2025-07,370,2314,4949.55,11453259
2025,7,1,2025-07,371,2109,7066.28,14902785
2025,7,1,2025-07,372,756,4208,3181248
2025,7,1,2025-07,373,597,7231.01,4316913
2025,7,1,2025-07,374,1199,5741.17,6883663
2025,7,1,2025-07,375,1463,6327.85,9257645
2025,7,1,2025-07,376,2272,6361.21,14452669
2025,7,1,2025-07,377,1442,7361.03,10614605
2025,7,1,2025-07,378,1400,6314.63,8840482
2025,7,1,2025-07,379,2129,6243.97,13293412
2025,7,1,2025-07,380,1387,4262.9,5912642
2025,7,1,2025-07,381,1583,5926.13,9381064
2025,7,1,2025-07,382,1089,4548.25,4953044
2025,7,1,2025-07,383,1362,6715.06,9145912
2025,7,1,2025-07,384,2252,5890.54,13265496
2025,7,1,2025-07,385,1408,6504.4,9158195
2025,7,1,2025-07,386,1950,4186.59,8163850
2025,7,1,2025-07,387,2223,4396.59,9773620
2025,7,1,2025-07,388,964,6642.9,6403756
2025,7,1,2025-07,389,2102,4360.3,9165351
2025,7,1,2025-07,390,1777,4270.75,7589123
2025,7,1,2025-07,391,2302,4137.43,9524364
2025,7,1,2025-07,392,1440,7564.38,10892707
2025,7,1,2025-07,393,1337,6698.46,8955841
2025,7,1,2025-07,394,1552,5382.91,8354276
2025,7,1,2025-07,395,1106,5088.87,5628290
2025,7,1,2025-07,396,1337,5343.94,7144848
2025,7,1,2025-07,397,1519,6841.62,10392421
2025,7,1,2025-07,398,1648,6448.37,10626914
2025,7,1,2025-07,399,978,4688.7,4585549
2025,7,1,2025-07,400,1599,4737.39,7575087
2025,7,1,2025-07,401,824,4362.6,3594782
2025,7,1,2025-07,402,1077,6415.65,6909655
2025,7,1,2025-07,403,1244,6780.61,8435079
2025,7,1,2025-07,404,1026,4987.03,5116693
2025,7,1,2025-07,405,1278,4095.2,5233666
2025,7,1,2025-07,406,1638,4364.63,7149264
2025,7,1,2025-07,407,1266,7458.16,9442031
2025,7,1,2025-07,408,1918,5149.09,9875955
2025,7,1,2025-07,409,1848,6788.99,12546054
2025,7,1,2025-07,410,2139,6311.03,13499293
2025,7,1,2025-07,411,1403,5437.59,7628939
2025,7,1,2025-07,412,1406,4746.37,6673396
2025,7,1,2025-07,413,1562,4533.88,7081921
2025,7,1,2025-07,414,552,6343.25,3501474
2025,7,1,2025-07,415,1368,6871.88,9400732
2025,7,1,2025-07,416,2036,6292.1,12810716
2025,7,1,2025-07,417,2070,5979.89,12378372
2025,7,1,2025-07,418,864,4167.07,3600348
2025,7,1,2025-07,419,982,7438.16,7304273
2025,7,1,2025-07,420,1224,6899.97,8445563
2025,7,1,2025-07,421,2243,5067.25,11365842
2025,7,1,2025-07,422,1125,7571.52,8517960
2025,7,1,2025-07,423,1476,6260.38,9240321
2025,7,1,2025-07,424,1558,6142.95,9570716
2025,7,1,2025-07,425,2049,6751.88,13834602
2025,7,1,2025-07,426,1752,6918.09,12120494
2025,7,1,2025-07,427,1118,6442.16,7202335
2025,7,1,2025-07,428,1434,4548.85,6523051
2025,7,1,2025-07,429,1698,5301.15,9001353
2025,7,1,2025-07,430,828,7353.32,6088549
2025,7,1,2025-07,431,2103,4882.8,10268528
2025,7,1,2025-07,432,1862,5468.39,10182142
2025,7,1,2025-07,433,730,5582.09,4074926
2025,7,1,2025-07,434,1915,5633.26,10787693
2025,7,1,2025-07,435,1856,6260.1,11618746
2025,7,1,2025-07,436,1537,7435.31,11428071
2025,7,1,2025-07,437,1604,4866.19,7805369
2025,7,1,2025-07,438,1691,4462.53,7546138
2025,7,1,2025-07,439,1502,4796.92,7204974
2025,7,1,2025-07,440,2021,7192.63,14536305
2025,7,1,2025-07,441,762,6381.52,4862718
2025,7,1,2025-07,442,1618,5075.86,8212741
2025,7,1,2025-07,443,1600,7017.08,11227328
2025,7,1,2025-07,444,1632,7159.87,11684908
2025,7,1,2025-07,445,1314,7078.62,9301307
2025,7,1,2025-07,446,1090,7356.94,8019065
2025,7,1,2025-07,447,1136,5004.81,5685464
2025,7,1,2025-07,448,1456,6729.33,9797904
2025,7,1,2025-07,449,2071,5761.63,11932336
2025,7,1,2025-07,450,1391,7121.96,9906646
2025,7,1,2025-07,451,699,6589.34,4605949
2025,7,1,2025-07,452,1479,6787.62,10038890
2025,7,1,2025-07,453,1757,6342.88,11144440
2025,7,1,2025-07,454,2083,4729.12,9850757
2025,7,1,2025-07,455,1460,5995.84,8753926
2025,7,1,2025-07,456,2400,7570.77,18169848
2025,7,1,2025-07,457,722,7457.51,5384322
2025,7,1,2025-07,458,1508,4210.34,6349193
2025,7,1,2025-07,459,1965,4675.13,9186630
2025,7,1,2025-07,460,2238,4478.76,10023465
2025,7,1,2025-07,461,1769,6639.55,11745364
2025,7,1,2025-07,462,1946,7086.24,13789823
2025,7,1,2025-07,463,1425,4784.49,6817898
2025,7,1,2025-07,464,1595,5884.89,9386400
2025,7,1,2025-07,465,1365,7016.82,9577959
2025,7,1,2025-07,466,1919,6669.66,12799078
2025,7,1,2025-07,467,1724,6027.53,10391462
2025,7,1,2025-07,468,1363,6137.05,8364799
2025,7,1,2025-07,469,1374,5894.68,8099290
2025,7,1,2025-07,470,2076,5143.81,10678550
2025,7,1,2025-07,471,1911,6123.63,11702257
2025,7,1,2025-07,472,1949,6461.4,12593269
2025,7,1,2025-07,473,2026,7166.85,14520038
2025,7,1,2025-07,474,1463,6330.86,9262048
2025,7,1,2025-07,475,2311,6750.35,15600059
2025,7,1,2025-07,476,1362,4656.5,6342153
2025,7,1,2025-07,477,1637,5676.62,9292627
2025,7,1,2025-07,478,1462,4139.61,6052110
2025,7,1,2025-07,479,1104,4863.48,5369282
2025,7,1,2025-07,480,1809,6704.02,12127572
2025,7,1,2025-07,481,983,7552.24,7423852
2025,7,1,2025-07,482,2349,4428.5,10402546
2025,7,1,2025-07,483,1649,5543.47,9141182
2025,7,1,2025-07,484,1833,6941.28,12723366
2025,7,1,2025-07,485,1335,4728.52,6312574
2025,7,1,2025-07,486,2028,6145.01,12462080
2025,7,1,2025-07,487,2112,6578.63,13894067
2025,7,1,2025-07,488,1956,6239.69,12204834
2025,7,1,2025-07,489,1936,4711.94,9122316
2025,7,1,2025-07,490,1749,5277.61,9230540
2025,7,1,2025-07,491,593,6949.03,4120775
2025,7,1,2025-07,492,1719,6016.64,10342604
2025,7,1,2025-07,493,1938,4039.63,7828803
2025,7,1,2025-07,494,1321,6721.3,8878837
2025,7,1,2025-07,495,1904,4249.48,8091010
2025,7,1,2025-07,496,1855,6758.23,12536517
2025,7,1,2025-07,497,823,4805.56,3954976
2025,7,1,2025-07,498,1217,7544.33,9181450
2025,7,1,2025-07,499,1068,5474.25,5846499
2025,7,1,2025-07,500,1354,5212.48,7057698
2025,7,1,2025-07,501,1289,4602.09,5932094
2025,7,1,2025-07,502,1927,5138.93,9902718
2025,7,1,2025-07,503,2213,7211.21,15958408
2025,7,1,2025-07,504,935,7543.32,7053004
2025,7,1,2025-07,505,693,5345.19,3704217
2025,7,1,2025-07,506,1416,5645.77,7994410
2025,7,1,2025-07,507,1850,6685.97,12369044
2025,7,1,2025-07,508,1601,7198.29,11524462
2025,7,1,2025-07,509,1858,6252.29,11616755
2025,7,1,2025-07,510,2255,5431.69,12248461
2025,7,1,2025-07,511,1357,5571.51,7560539
2025,7,1,2025-07,512,1107,6553.2,7254392
2025,7,1,2025-07,513,1491,4060.9,6054802
2025,7,1,2025-07,514,1590,6263.75,9959362
2025,7,1,2025-07,515,2153,5366.86,11554850
2025,7,1,2025-07,516,1402,6884.72,9652377
2025,7,1,2025-07,517,2009,4441.4,8922773
2025,7,1,2025-07,518,1615,6171.34,9966714
2025,7,1,2025-07,519,965,5818.99,5615325
2025,7,1,2025-07,520,807,6297.89,5082397
2025,7,1,2025-07,521,1596,4222.36,6738887
2025,7,1,2025-07,522,1793,6115.58,10965235
2025,7,1,2025-07,523,1069,6110.73,6532370
2025,7,1,2025-07,524,2325,6111.85,14210051
2025,7,1,2025-07,525,1752,6251.62,10952838
2025,7,1,2025-07,526,1418,6552.67,9291686
2025,7,1,2025-07,527,963,7002.71,6743610
2025,7,1,2025-07,528,1568,4978.41,7806147
2025,7,1,2025-07,529,1432,6989.2,10008534
2025,7,1,2025-07,530,2258,5814.84,13129909
2025,7,1,2025-07,531,2098,4344.94,9115684
2025,7,1,2025-07,532,2065,4302.25,8884146
2025,7,1,2025-07,533,1997,5245.93,10476122
2025,7,1,2025-07,534,1492,6954.1,10375517
2025,7,1,2025-07,535,1041,6598.28,6868809
2025,7,1,2025-07,536,1030,6882.6,7089078
2025,7,1,2025-07,537,673,5875.94,3954508
2025,7,1,2025-07,538,2277,5645.42,12854621
2025,7,1,2025-07,539,2076,4577.33,9502537
2025,7,1,2025-07,540,1215,5227.74,6351704
2025,7,1,2025-07,541,1522,5601.1,8524874
2025,7,1,2025-07,542,903,4452.26,4020391
2025,7,1,2025-07,543,1601,4854.04,7771318
2025,7,1,2025-07,544,1847,6224.65,11496929
2025,7,1,2025-07,545,688,6715.24,4620085
2025,7,1,2025-07,546,1493,7628.71,11389664
2025,7,1,2025-07,547,1465,7410.55,10856456
2025,7,1,2025-07,548,1870,6355.44,11884673
2025,7,1,2025-07,549,1826,5610.78,10245284
2025,7,1,2025-07,550,1274,6297.19,8022620
2025,7,1,2025-07,551,822,6831.03,5615107
2025,7,1,2025-07,552,1298,4557.89,5916141
2025,7,1,2025-07,553,2021,5534.33,11184881
2025,7,1,2025-07,554,1476,7081.19,10451836
2025,7,1,2025-07,555,1902,5423.69,10315858
2025,7,1,2025-07,556,1112,6113.69,6798423
2025,7,1,2025-07,557,1995,6137.24,12243794
2025,7,1,2025-07,558,2338,4746.07,11096312
2025,7,1,2025-07,559,1501,5336.91,8010702
2025,7,1,2025-07,560,2058,5225.63,10754347
2025,7,1,2025-07,561,1856,4160.81,7722463
2025,7,1,2025-07,562,1597,4147.11,6622935
2025,7,1,2025-07,563,1531,7009.19,10731070
2025,7,1,2025-07,564,2112,4988.24,10535163
2025,7,1,2025-07,565,1064,5931.73,6311361
2025,7,1,2025-07,566,1577,5184.06,8175263
2025,7,1,2025-07,567,1231,7496.34,9227995
2025,7,1,2025-07,568,1373,5014.6,6885046
2025,7,1,2025-07,569,2022,5625.01,11373770
2025,7,1,2025-07,570,1610,7167.97,11540432
2025,7,1,2025-07,571,1632,7069.15,11536853
2025,7,1,2025-07,572,619,4737.59,2932568
2025,7,1,2025-07,573,1236,6955.46,8596949
2025,7,1,2025-07,574,1953,5711.68,11154911
2025,7,1,2025-07,575,779,5805.63,4522586
2025,7,1,2025-07,576,2224,4504.09,10017096
2025,7,1,2025-07,577,1056,4302.07,4542986
2025,7,1,2025-07,578,1017,6685.87,6799530
2025,7,1,2025-07,579,1582,5855.24,9262990
2025,7,1,2025-07,580,1369,5553.37,7602564
2025,7,1,2025-07,581,2062,6633.6,13678483
2025,7,1,2025-07,582,700,6784.54,4749178
2025,7,1,2025-07,583,1416,4597.24,6509692
2025,7,1,2025-07,584,1572,6243.06,9814090
2025,7,1,2025-07,585,2064,4501.62,9291344
2025,7,1,2025-07,586,1235,6765.61,8355528
2025,7,1,2025-07,587,1437,6432.55,9243574
2025,7,1,2025-07,588,1698,7565.5,12846219
2025,7,1,2025-07,589,1178,4225.98,4978204
2025,7,1,2025-07,590,1086,4212.19,4574438
2025,7,1,2025-07,591,1271,5095.83,6476800
2025,7,1,2025-07,592,2191,5053,11071123
2025,7,1,2025-07,593,860,4956.14,4262280
2025,7,1,2025-07,594,938,7352.91,6897030
2025,7,1,2025-07,595,1158,4928.69,5707423
2025,7,1,2025-07,596,1210,5002.98,6053606
2025,7,1,2025-07,597,1375,6786.1,9330888
2025,7,1,2025-07,598,2289,5635.53,12899728
2025,7,1,2025-07,599,1591,6823.77,10856618
2025,7,1,2025-07,600,2238,4307.15,9639402
2025,7,1,2025-07,601,722,5804.54,4190878
2025,7,1,2025-07,602,1611,4184.97,6741987
2025,7,1,2025-07,603,1911,4290.61,8199356
2025,7,1,2025-07,604,1886,7388.71,13935107
2025,7,1,2025-07,605,1341,4607.13,6178161
2025,7,1,2025-07,606,1745,6039.45,10538840
2025,7,1,2025-07,607,1716,5469.65,9385919
2025,7,1,2025-07,608,1675,5415.53,9071013
2025,7,1,2025-07,609,2170,7344.22,15936957
2025,7,1,2025-07,610,1794,4213.06,7558230
2025,7,1,2025-07,611,1974,6429.63,12692090
2025,7,1,2025-07,612,1409,7498.81,10565823
2025,7,1,2025-07,613,1899,6112.17,11607011
2025,7,1,2025-07,614,915,7364.99,6738966
2025,7,1,2025-07,615,1769,4291.79,7592177
2025,7,1,2025-07,616,1887,5604.72,10576107
2025,7,1,2025-07,617,1667,4957.36,8263919
2025,7,1,2025-07,618,1291,6697.63,8646640
2025,7,1,2025-07,619,2108,7501.43,15813014
2025,7,1,2025-07,620,1227,5036.09,6179282
2025,7,1,2025-07,621,1992,6420.6,12789835
2025,7,1,2025-07,622,2263,4790.45,10840788
2025,7,1,2025-07,623,2156,6118.12,13190667
2025,7,1,2025-07,624,1403,5674.62,7961492
2025,7,1,2025-07,625,1089,7582.22,8257038
2025,7,1,2025-07,626,1429,6236.63,8912144
2025,7,1,2025-07,627,1428,5277.52,7536299
2025,7,1,2025-07,628,1381,4521.62,6244357
2025,7,1,2025-07,629,1957,4567.66,8938911
2025,7,1,2025-07,630,1783,4855.13,8656697
2025,7,1,2025-07,631,1764,4896.87,8638079
2025,7,1,2025-07,632,1132,7049.29,7979796
2025,7,1,2025-07,633,1536,6007.54,9227581
2025,7,1,2025-07,634,1966,5981.92,11760455
2025,7,1,2025-07,635,1926,4430.53,8533201
2025,7,1,2025-07,636,1983,7133.47,14145671
2025,7,1,2025-07,637,1870,6619.93,12379269
2025,7,1,2025-07,638,1091,4333.84,4728219
2025,7,1,2025-07,639,2107,6611.14,13929672
2025,7,1,2025-07,640,1730,5945.37,10285490
2025,7,1,2025-07,641,1721,4394.61,7563124
2025,7,1,2025-07,642,1343,5732.44,7698667
2025,7,1,2025-07,643,2033,5752.23,11694284
2025,7,1,2025-07,644,962,4705.53,4526720
2025,7,1,2025-07,645,2007,7425.87,14903721
2025,7,1,2025-07,646,2079,7054.39,14666077
2025,7,1,2025-07,647,1146,6479.21,7425175
2025,7,1,2025-07,648,2398,5761.85,13816916
2025,7,1,2025-07,649,2069,5579.28,11543530
2025,7,1,2025-07,650,1401,6319.86,8854124
2025,7,1,2025-07,651,1323,6064.57,8023426
2025,7,1,2025-07,652,2115,4378.12,9259724
2025,7,1,2025-07,653,991,5832.39,5779898
2025,7,1,2025-07,654,1920,6972.18,13386586
2025,7,1,2025-07,655,1832,5708.8,10458522
2025,7,1,2025-07,656,1876,4278.57,8026597
2025,7,1,2025-07,657,2065,6853.56,14152601
2025,7,1,2025-07,658,2242,4790.47,10740234
2025,7,1,2025-07,659,1258,5002.48,6293120
2025,7,1,2025-07,660,1753,4610.48,8082171
2025,7,1,2025-07,661,1928,5293.4,10205675
2025,7,1,2025-07,662,762,6745.25,5139880
2025,7,1,2025-07,663,826,5951.63,4916046
2025,7,1,2025-07,664,1346,4826.37,6496294
2025,7,1,2025-07,665,697,7236.9,5044119
2025,7,1,2025-07,666,2091,7171.37,14995335
2025,7,1,2025-07,667,2111,7256.38,15318218
2025,7,1,2025-07,668,908,4850.22,4404000
2025,7,1,2025-07,669,1479,5629.89,8326607
2025,7,1,2025-07,670,1387,7541.16,10459589
2025,7,1,2025-07,671,2073,6899.52,14302705
2025,7,1,2025-07,672,2054,4207.29,8641774
2025,7,1,2025-07,673,1185,4289.48,5083034
2025,7,1,2025-07,674,1285,5760.62,7402397
2025,7,1,2025-07,675,1698,7354.44,12487839
2025,7,1,2025-07,676,1768,5951.23,10521775
2025,7,1,2025-07,677,2322,5793.86,13453343
2025,7,1,2025-07,678,1773,4485.46,7952721
2025,7,1,2025-07,679,1394,6384.86,8900495
2025,7,1,2025-07,680,1135,7035.53,7985327
2025,7,1,2025-07,681,924,5371.75,4963497
2025,7,1,2025-07,682,1220,6807.83,8305553
2025,7,1,2025-07,683,2074,7511.25,15578332
2025,7,1,2025-07,684,2208,4894.37,10806769
2025,7,1,2025-07,685,2183,5915.54,12913624
2025,7,1,2025-07,686,1538,5107.72,7855673
2025,7,1,2025-07,687,1431,6898.17,9871281
2025,7,1,2025-07,688,1663,6056.7,10072292
2025,7,1,2025-07,689,2030,6337.06,12864232
2025,7,1,2025-07,690,956,6920.24,6615749
2025,7,1,2025-07,691,736,5516.2,4059923
2025,7,1,2025-07,692,1514,7270.74,11007900
2025,7,1,2025-07,693,1286,5961.95,7667068
2025,7,1,2025-07,694,878,4650.49,4083130
2025,7,1,2025-07,695,1506,6588.58,9922401
2025,7,1,2025-07,696,1850,6964.47,12884270
2025,7,1,2025-07,697,1038,5225.4,5423965
2025,7,1,2025-07,698,1774,7097.89,12591657
2025,7,1,2025-07,699,1954,7309.46,14282685
2025,7,1,2025-07,700,933,5024.89,4688222
2025,7,1,2025-07,701,1185,7600.88,9007043
2025,7,1,2025-07,702,2170,4537.37,9846093
2025,7,1,2025-07,703,2056,4832.26,9935127
2025,7,1,2025-07,704,2271,4698.33,10669907
2025,7,1,2025-07,705,2362,7226.93,17070009
2025,7,1,2025-07,706,880,6406.26,5637509
2025,7,1,2025-07,707,2203,4603.72,10141995
2025,7,1,2025-07,708,1903,5643.27,10739143
2025,7,1,2025-07,709,1993,6221.24,12398931
2025,7,1,2025-07,710,2230,4323.88,9642252
2025,7,1,2025-07,711,2071,7171.25,14851659
2025,7,1,2025-07,712,2176,6979.09,15186500
2025,7,1,2025-07,713,1414,5881.36,8316243
2025,7,1,2025-07,714,1328,7582.83,10069998
2025,7,1,2025-07,715,1770,5548.75,9821288
2025,7,1,2025-07,716,1765,7605.47,13423655
2025,7,1,2025-07,717,2037,6405.56,13048126
2025,7,1,2025-07,718,1493,6351.59,9482924
2025,7,1,2025-07,719,1504,4616.26,6942855
2025,7,1,2025-07,720,1437,7232.97,10393778
2025,7,1,2025-07,721,975,5608.62,5468404
2025,7,1,2025-07,722,1610,4650.52,7487337
2025,7,1,2025-07,723,2265,4066.53,9210690
2025,7,1,2025-07,724,1332,6078.94,8097148
2025,7,1,2025-07,725,1097,5926.38,6501239
2025,7,1,2025-07,726,1780,6688.03,11904693
2025,7,1,2025-07,727,1887,7263.29,13705828
2025,7,1,2025-07,728,1982,4319.44,8561130
2025,7,1,2025-07,729,1341,6680.35,8958349
2025,7,1,2025-07,730,926,4794.89,4440068
2025,7,1,2025-07,731,1589,7145.42,11354072
2025,7,1,2025-07,732,2081,7017.7,14603834
2025,7,1,2025-07,733,1850,5934.4,10978640
2025,7,1,2025-07,734,1176,6664.48,7837428
2025,7,1,2025-07,735,1529,5140.55,7859901
2025,7,1,2025-07,736,1724,5708.29,9841092
2025,7,1,2025-07,737,658,7011.13,4613324
2025,7,1,2025-07,738,1622,5725.85,9287329
2025,7,1,2025-07,739,1207,5270.92,6362000
2025,7,1,2025-07,740,1656,5874.28,9727808
2025,7,1,2025-07,741,1769,6969.63,12329275
2025,7,1,2025-07,742,1959,5226.25,10238224
2025,7,1,2025-07,743,1669,4759.53,7943656
2025,7,1,2025-07,744,1143,6638.82,7588171
2025,7,1,2025-07,745,1657,6990.27,11582877
2025,7,1,2025-07,746,1505,4425.04,6659685
2025,7,1,2025-07,747,1620,4898.45,7935489
2025,7,1,2025-07,748,1723,4572.9,7879107
2025,7,1,2025-07,749,2188,5304.35,11605918
2025,7,1,2025-07,750,1112,5697.66,6335798
2025,7,1,2025-07,751,1639,6725.55,11023176
2025,7,1,2025-07,752,905,6370.85,5765619
2025,7,1,2025-07,753,1614,6301.85,10171186
2025,7,1,2025-07,754,1188,5283.47,6276762
2025,7,1,2025-07,755,610,7073.84,4315042
2025,7,1,2025-07,756,1578,5711.8,9013220
2025,7,1,2025-07,757,1629,7531.3,12268488
2025,7,1,2025-07,758,2258,6353.85,14346993
2025,7,1,2025-07,759,1835,4501.91,8261005
2025,7,1,2025-07,760,1601,6550.25,10486950
2025,7,1,2025-07,761,1764,5184.86,9146093
2025,7,1,2025-07,762,1673,6560.28,10975348
2025,7,1,2025-07,763,1836,4271.31,7842125
2025,7,1,2025-07,764,1096,4573,5012008
2025,7,1,2025-07,765,1776,7170.77,12735288
2025,7,1,2025-07,766,823,4849.25,3990933
2025,7,1,2025-07,767,1042,7084.06,7381591
2025,7,1,2025-07,768,1663,5020,8348260
2025,7,1,2025-07,769,1062,6341.5,6734673
2025,7,1,2025-07,770,1558,6568.17,10233209
2025,7,1,2025-07,771,1852,5871.39,10873814
2025,7,1,2025-07,772,773,5219.12,4034380
2025,7,1,2025-07,773,2131,4841.37,10316959
2025,7,1,2025-07,774,1579,4157.55,6564771
2025,7,1,2025-07,775,1595,5146.3,8208348
2025,7,1,2025-07,776,1545,6374.96,9849313
2025,7,1,2025-07,777,2409,7442.1,17928019
2025,7,1,2025-07,778,1024,7219.71,7392983
2025,7,1,2025-07,779,1962,6853.46,13446489
2025,7,1,2025-07,780,1090,6889.17,7509195
2025,7,1,2025-07,781,1280,6436.47,8238682
2025,7,1,2025-07,782,1375,5071.95,6973931
2025,7,1,2025-07,783,1499,7334.8,10994865
2025,7,1,2025-07,784,1250,6480.81,8101013
2025,7,1,2025-07,785,1137,6056.02,6885695
2025,7,1,2025-07,786,1543,4445.42,6859283
2025,7,1,2025-07,787,1351,5630.78,7607184
2025,7,1,2025-07,788,2114,5737.57,12129223
2025,7,1,2025-07,789,1791,7180.45,12860186
2025,7,1,2025-07,790,1821,5977.09,10884281
2025,7,1,2025-07,791,1416,5499.74,7787632
2025,7,1,2025-07,792,1457,7570.79,11030641
2025,7,1,2025-07,793,2346,4505.77,10570536
2025,7,1,2025-07,794,928,5506.55,5110078
2025,7,1,2025-07,795,1963,4183.01,8211249
2025,7,1,2025-07,796,2061,6715.68,13841016
2025,7,1,2025-07,797,1606,7345.58,11797001
2025,7,1,2025-07,798,1143,5023.12,5741426
2025,7,1,2025-07,799,436,7074.71,3084574
2025,7,1,2025-07,800,802,5122.92,4108582
2025,7,1,2025-07,801,1491,7259.96,10824600
2025,7,1,2025-07,802,1373,6760.61,9282318
2025,7,1,2025-07,803,2190,6835.69,14970161
2025,7,1,2025-07,804,995,4168.98,4148135
2025,7,1,2025-07,805,1735,7460.67,12944262
2025,7,1,2025-07,806,1043,6650.44,6936409
2025,7,1,2025-07,807,945,5132.06,4849797
2025,7,1,2025-07,808,2075,7042.77,14613748
2025,7,1,2025-07,809,820,5000.72,4100590
2025,7,1,2025-07,810,2014,7158.31,14416836
2025,7,1,2025-07,811,866,4450.47,3854107
2025,7,1,2025-07,812,964,6585.95,6348856
2025,7,1,2025-07,813,1530,6071.44,9289303
2025,7,1,2025-07,814,1049,4395.13,4610491
2025,7,1,2025-07,815,778,4938.01,3841772
2025,7,1,2025-07,816,1574,4067.96,6402969
2025,7,1,2025-07,817,2095,5819.73,12192334
2025,7,1,2025-07,818,809,5093.46,4120609
2025,7,1,2025-07,819,1717,6222.77,10684496
2025,7,1,2025-07,820,1185,5182.22,6140931
2025,7,1,2025-07,821,1126,5107.04,5750527
2025,7,1,2025-07,822,1777,6675.81,11862914
2025,7,1,2025-07,823,1581,4253.17,6724262
2025,7,1,2025-07,824,1307,7328.87,9578833
2025,7,1,2025-07,825,1224,7068.35,8651660
2025,7,1,2025-07,826,1508,6468.04,9753804
2025,7,1,2025-07,827,2059,6130.96,12623647
2025,7,1,2025-07,828,1735,7206.74,12503694
2025,7,1,2025-07,829,1871,4697.92,8789808
2025,7,1,2025-07,830,2124,4335.79,9209218
2025,7,1,2025-07,831,1589,4788.85,7609483
2025,7,1,2025-07,832,1330,6893.17,9167916
2025,7,1,2025-07,833,859,4207.52,3614260
2025,7,1,2025-07,834,1073,6171,6621483
2025,7,1,2025-07,835,979,7684.18,7522812
2025,7,1,2025-07,836,2486,7048.13,17521651
2025,7,1,2025-07,837,1646,5916.94,9739283
2025,7,1,2025-07,838,1713,4386.23,7513612
2025,7,1,2025-07,839,1568,7058.07,11067054
2025,7,1,2025-07,840,2177,6198.14,13493351
2025,7,1,2025-07,841,749,4487.5,3361138
2025,7,1,2025-07,842,1626,4416.88,7181847
2025,7,1,2025-07,843,2284,7466.12,17052618
2025,7,1,2025-07,844,1464,6408.42,9381927
2025,7,1,2025-07,845,1084,6991.54,7578829
2025,7,1,2025-07,846,1211,7209.66,8730898
2025,7,1,2025-07,847,2297,6119.4,14056262
2025,7,1,2025-07,848,998,5983.78,5971812
2025,7,1,2025-07,849,717,5565.85,3990714
2025,7,1,2025-07,850,1671,5132.49,8576391
2025,7,1,2025-07,851,2038,5549.43,11309738
2025,7,1,2025-07,852,1809,6763.04,12234339
2025,7,1,2025-07,853,1261,6158.96,7766449
2025,7,1,2025-07,854,1359,7299.58,9920129
2025,7,1,2025-07,855,1895,5659.89,10725492
2025,7,1,2025-07,856,814,6277.83,5110154
2025,7,1,2025-07,857,826,6291.1,5196449
2025,7,1,2025-07,858,1704,6218.81,10596852
2025,7,1,2025-07,859,1655,6529.19,10805809
2025,7,1,2025-07,860,994,4884.08,4854776
2025,7,1,2025-07,861,1110,5934.11,6586862
2025,7,1,2025-07,862,2167,4303.97,9326703
2025,7,1,2025-07,863,2125,5479.9,11644788
2025,7,1,2025-07,864,1557,5794.84,9022566
2025,7,1,2025-07,865,1970,6470.53,12746944
2025,7,1,2025-07,866,673,7430.68,5000848
2025,7,1,2025-07,867,1121,6201.05,6951377
2025,7,1,2025-07,868,837,6740.69,5641958
2025,7,1,2025-07,869,2361,5842.27,13793599
2025,7,1,2025-07,870,817,6357.36,5193963
2025,7,1,2025-07,871,746,4337.88,3236058
2025,7,1,2025-07,872,671,5044.73,3385014
2025,7,1,2025-07,873,941,5495.09,5170880
2025,7,1,2025-07,874,1752,5820.11,10196833
2025,7,1,2025-07,875,2247,4205.03,9448702
2025,7,1,2025-07,876,1620,4562.18,7390732
2025,7,1,2025-07,877,581,5039.09,2927711
2025,7,1,2025-07,878,2060,7543.94,15540516
2025,7,1,2025-07,879,1633,5243.32,8562342
2025,7,1,2025-07,880,1109,5805.37,6438155
2025,7,1,2025-07,881,1745,4804.22,8383364
2025,7,1,2025-07,882,1123,6340.45,7120325
2025,7,1,2025-07,883,2131,5001.16,10657472
2025,7,1,2025-07,884,1816,4853.48,8813920
2025,7,1,2025-07,885,1237,5987.14,7406092
2025,7,1,2025-07,886,828,4071.76,3371417
2025,7,1,2025-07,887,1388,4025.62,5587561
2025,7,1,2025-07,888,652,4815.72,3139849
2025,7,1,2025-07,889,1280,4196.99,5372147
2025,7,1,2025-07,890,1929,4430.66,8546743
2025,7,1,2025-07,891,2239,5229.61,11709097
2025,7,1,2025-07,892,1921,6983.05,13414439
2025,7,1,2025-07,893,2301,6175.28,14209319
2025,7,1,2025-07,894,1185,5867.69,6953213
2025,7,1,2025-07,895,1346,5112.67,6881654
2025,7,1,2025-07,896,1199,7414.81,8890357
2025,7,1,2025-07,897,2249,5525.87,12427682
2025,7,1,2025-07,898,1459,4427.28,6459402
2025,7,1,2025-07,899,1484,6274.13,9310809
2025,7,1,2025-07,900,736,4507.07,3317204
2025,7,1,2025-07,901,1030,5249.64,5407129
2025,7,1,2025-07,902,1078,5895.67,6355532
2025,7,1,2025-07,903,1743,7229,12600147
2025,7,1,2025-07,904,1239,5770.57,7149736
2025,7,1,2025-07,905,2013,6497.31,13079085
2025,7,1,2025-07,906,1694,7708.13,13057572
2025,7,1,2025-07,907,1677,4490.6,7530736
2025,7,1,2025-07,908,1009,5086.09,5131865
2025,7,1,2025-07,909,695,5436.62,3778451
2025,7,1,2025-07,910,1861,5602.21,10425713
2025,7,1,2025-07,911,1004,5491.36,5513325
2025,7,1,2025-07,912,1029,7312.7,7524768
2025,7,1,2025-07,913,1767,6680.55,11804532
2025,7,1,2025-07,914,1133,6244.47,7074985
2025,7,1,2025-07,915,800,5081.08,4064864
2025,7,1,2025-07,916,1689,7004.74,11831006
2025,7,1,2025-07,917,648,7466.63,4838376
2025,7,1,2025-07,918,1021,6962.12,7108325
2025,7,1,2025-07,919,1545,4058.18,6269888
2025,7,1,2025-07,920,1635,6389.78,10447290
2025,7,1,2025-07,921,2113,4372.8,9239726
2025,7,1,2025-07,922,617,5025.35,3100641
2025,7,1,2025-07,923,1514,4232.59,6408141
2025,7,1,2025-07,924,1913,6169.81,11802847
2025,7,1,2025-07,925,1530,6466.59,9893883
2025,7,1,2025-07,926,1177,4478.85,5271606
2025,7,1,2025-07,927,1378,5441.92,7498966
2025,7,1,2025-07,928,751,5704.09,4283772
2025,7,1,2025-07,929,1524,5381.89,8202000
2025,7,1,2025-07,930,1318,4455.59,5872468
2025,7,1,2025-07,931,1270,5535.61,7030225
2025,7,1,2025-07,932,632,6744.21,4262341
2025,7,1,2025-07,933,722,4379.68,3162129
2025,7,1,2025-07,934,2103,4320.1,9085170
2025,7,1,2025-07,935,2256,5323.25,12009252
2025,7,1,2025-07,936,1126,7514.31,8461113
2025,7,1,2025-07,937,1335,6480.95,8652068
2025,7,1,2025-07,938,1025,6475.2,6637080
2025,7,1,2025-07,939,1329,5302.13,7046531
2025,7,1,2025-07,940,2097,6248.82,13103776
2025,7,1,2025-07,941,1763,4111.93,7249333
2025,7,1,2025-07,942,1671,6352.48,10614994
2025,7,1,2025-07,943,1787,7369.7,13169654
2025,7,1,2025-07,944,1612,6260.47,10091878
2025,7,1,2025-07,945,1616,7167.71,11583019
2025,7,1,2025-07,946,1204,6675.05,8036760
2025,7,1,2025-07,947,2091,4440.15,9284354
2025,7,1,2025-07,948,1660,7246.05,12028443
2025,7,1,2025-07,949,1568,4320.25,6774152
2025,7,1,2025-07,950,1721,6059.94,10429157
2025,7,1,2025-07,951,2154,4615.95,9942756
2025,7,1,2025-07,952,1226,4072.94,4993424
2025,7,1,2025-07,953,643,5627.57,3618528
2025,7,1,2025-07,954,1394,5149.02,7177734
2025,7,1,2025-07,955,1832,5834.56,10688914
2025,7,1,2025-07,956,2295,6195.26,14218122
2025,7,1,2025-07,957,1951,4204.07,8202141
2025,7,1,2025-07,958,780,4485.8,3498924
2025,7,1,2025-07,959,2331,6085.92,14186280
2025,7,1,2025-07,960,683,5311.13,3627502
2025,7,1,2025-07,961,1499,6689.57,10027665
2025,7,1,2025-07,962,1382,6400.11,8844952
2025,7,1,2025-07,963,794,7138.27,5667786
2025,7,1,2025-07,964,2136,6502.52,13889383
2025,7,1,2025-07,965,541,5657.77,3060854
2025,7,1,2025-07,966,2272,6510.57,14792015
2025,7,1,2025-07,967,618,4984.55,3080452
2025,7,1,2025-07,968,1003,5140.35,5155771
2025,7,1,2025-07,969,818,6832.43,5588928
2025,7,1,2025-07,970,2109,5646.3,11908047
2025,7,1,2025-07,971,857,6937.62,5945540
2025,7,1,2025-07,972,1038,6976.95,7242074
2025,7,1,2025-07,973,866,7137.24,6180850
2025,7,1,2025-07,974,2316,7295.46,16896285
2025,7,1,2025-07,975,967,5675.46,5488170
2025,7,1,2025-07,976,1395,5237,7305615
2025,7,1,2025-07,977,2129,6119.49,13028394
2025,7,1,2025-07,978,1505,5421.65,8159583
2025,7,1,2025-07,979,1132,6239.12,7062684
2025,7,1,2025-07,980,1080,6501.97,7022128
2025,7,1,2025-07,981,1209,6523.64,7887081
2025,7,1,2025-07,982,1362,5424.45,7388101
2025,7,1,2025-07,983,1926,4655.19,8965896
2025,7,1,2025-07,984,2304,5681.87,13091028
2025,7,1,2025-07,985,2439,4617.16,11261253
2025,7,1,2025-07,986,1010,7222.25,7294472
2025,7,1,2025-07,987,1513,5221.1,7899524
2025,7,1,2025-07,988,2130,4641.58,9886565
2025,7,1,2025-07,989,2216,4064.05,9005935
2025,7,1,2025-07,990,2107,6385.52,13454291
2025,7,1,2025-07,991,1449,6338.95,9185139
2025,7,1,2025-07,992,907,5225.5,4739528
2025,7,1,2025-07,993,1471,4243.44,6242100
2025,7,1,2025-07,994,1416,5499.66,7787519
2025,7,1,2025-07,995,2326,5137.34,11949453
2025,7,1,2025-07,996,1449,6502.51,9422137
2025,7,1,2025-07,997,2196,6168.68,13546421
2025,7,1,2025-07,998,1192,5445.5,6491036
2025,7,1,2025-07,999,1540,4755.05,7322777
2025,7,1,2025-07,1000,1998,7631.91,15248556
2025,7,1,2025-07,1001,1477,5712.5,8437362
2025,7,1,2025-07,1002,1512,6571.04,9935412
2025,7,1,2025-07,1003,815,4443.49,3621444
2025,7,1,2025-07,1004,1287,5775.54,7433120
2025,7,1,2025-07,1005,1807,4129.77,7462494
2025,7,1,2025-07,1006,1098,5874.07,6449729
2025,7,1,2025-07,1007,1240,7535.87,9344479
2025,7,1,2025-07,1008,1540,5431.09,8363879
2025,7,1,2025-07,1009,2113,4186.37,8845800
2025,7,1,2025-07,1010,669,4194.25,2805953
2025,7,1,2025-07,1011,1942,5499.39,10679815
2025,7,1,2025-07,1012,1249,4600.82,5746424
2025,7,1,2025-07,1013,708,4091.96,2897108
2025,7,1,2025-07,1014,520,6864.24,3569405
2025,7,1,2025-07,1015,1448,5772.59,8358710
2025,7,1,2025-07,1016,745,5098.24,3798189
2025,7,1,2025-07,1017,1751,7344.39,12860027
2025,7,1,2025-07,1018,1220,4576.84,5583745
2025,7,1,2025-07,1019,1667,7417.42,12364839
2025,7,1,2025-07,1020,1576,5143.37,8105951
2025,7,1,2025-07,1021,2272,7262.77,16501013
2025,7,1,2025-07,1022,886,6233.56,5522934
2025,7,1,2025-07,1023,1625,7022.91,11412229
2025,7,1,2025-07,1024,1485,7566.3,11235956
2025,7,1,2025-07,1025,2404,5021.9,12072648
2025,7,1,2025-07,1026,1756,7528.46,13219976
2025,7,1,2025-07,1027,2280,5416.58,12349802
2025,7,1,2025-07,1028,872,5477.71,4776563
2025,7,1,2025-07,1029,2214,5275.45,11679846
2025,7,1,2025-07,1030,1104,6001.53,6625689
2025,7,1,2025-07,1031,2164,4636.85,10034143
2025,7,1,2025-07,1032,1900,6027.95,11453105
2025,7,1,2025-07,1033,1645,5962.77,9808757
2025,7,1,2025-07,1034,1348,6794.86,9159471
2025,7,1,2025-07,1035,1019,7107.48,7242522
2025,7,1,2025-07,1036,1168,5613.99,6557140
2025,7,1,2025-07,1037,965,5102.06,4923488
2025,7,1,2025-07,1038,996,4986.66,4966713
2025,7,1,2025-07,1039,1120,4720.88,5287386
2025,7,1,2025-07,1040,765,4275.65,3270872
2025,7,1,2025-07,1041,775,5281.78,4093380
2025,7,1,2025-07,1042,1349,4958.45,6688949
2025,7,1,2025-07,1043,1040,7557.23,7859519
2025,7,1,2025-07,1044,876,6013.91,5268185
2025,7,1,2025-07,1045,1396,5250.52,7329726
2025,7,1,2025-07,1046,749,6187.8,4634662
2025,7,1,2025-07,1047,1827,4485.89,8195721
2025,7,1,2025-07,1048,1427,5595.59,7984907
2025,7,1,2025-07,1049,712,6294.57,4481734
2025,7,1,2025-07,1050,881,5810.58,5119121
2025,7,1,2025-07,1051,852,5577.57,4752090
2025,7,1,2025-07,1052,1526,7602.94,11602086
2025,7,1,2025-07,1053,697,7189.05,5010768
2025,7,1,2025-07,1054,1930,6351.52,12258434
2025,7,1,2025-07,1055,1006,6033.91,6070113
2025,7,1,2025-07,1056,2120,6235.69,13219663
2025,7,1,2025-07,1057,1041,4819.18,5016766
2025,7,1,2025-07,1058,1630,5438.03,8863989
2025,7,1,2025-07,1059,1661,4198.38,6973509
2025,7,1,2025-07,1060,1681,5808.14,9763483
2025,7,1,2025-07,1061,2135,6005.15,12820995
2025,7,1,2025-07,1062,1906,4962.75,9459002
2025,7,1,2025-07,1063,986,7516.68,7411446
2025,7,1,2025-07,1064,1024,7270.98,7445484
2025,7,1,2025-07,1065,837,6689.21,5598869
2025,7,1,2025-07,1066,1087,5920.62,6435714
2025,7,1,2025-07,1067,2408,7265.1,17494361
2025,7,1,2025-07,1068,1973,4509.36,8896967
2025,7,1,2025-07,1069,1517,6966.64,10568393
2025,7,1,2025-07,1070,1052,4508.1,4742521
2025,7,1,2025-07,1071,2003,6862.41,13745407
2025,7,1,2025-07,1072,2059,5090.06,10480434
2025,7,1,2025-07,1073,1696,7291.55,12366469
2025,7,1,2025-07,1074,2267,7489.3,16978243
2025,7,1,2025-07,1075,1566,4562.3,7144562
2025,7,1,2025-07,1076,1893,5749.66,10884106
2025,7,1,2025-07,1077,906,7446.12,6746185
2025,7,1,2025-07,1078,1569,5854.34,9185459
2025,7,1,2025-07,1079,2018,7168.18,14465387
2025,7,1,2025-07,1080,1456,6096.7,8876795
2025,7,1,2025-07,1081,1810,5416.52,9803901
2025,7,1,2025-07,1082,873,5099.94,4452248
2025,7,1,2025-07,1083,1660,4869.15,8082789
2025,7,1,2025-07,1084,2205,6810.75,15017704
2025,7,1,2025-07,1085,642,5480.31,3518359
2025,7,1,2025-07,1086,2334,5935.61,13853714
2025,7,1,2025-07,1087,1274,5844.73,7446186
2025,7,1,2025-07,1088,1057,6153.71,6504471
2025,7,1,2025-07,1089,1313,7166.36,9409431
2025,7,1,2025-07,1090,1841,7633.17,14052666
2025,7,1,2025-07,1091,691,5423.73,3747797
2025,7,1,2025-07,1092,1007,7028.99,7078193
2025,7,1,2025-07,1093,1147,6888.26,7900834
2025,7,1,2025-07,1094,2082,6115.34,12732138
2025,7,1,2025-07,1095,1533,7439.56,11404845
2025,7,1,2025-07,1096,1444,4751.8,6861599
2025,7,1,2025-07,1097,1018,4511.74,4592951
2025,7,1,2025-07,1098,1747,7154.48,12498877
2025,7,1,2025-07,1099,1125,5700.45,6413006
2025,7,1,2025-07,1100,836,7182.28,6004386
2025,7,1,2025-07,1101,1862,7279.16,13553796
2025,7,1,2025-07,1102,1542,4309.01,6644493
2025,7,1,2025-07,1103,663,7155,4743765
2025,7,1,2025-07,1104,1804,5666.7,10222727
2025,7,1,2025-07,1105,1694,5856.09,9920216
2025,7,1,2025-07,1106,1041,6225.08,6480308
2025,7,1,2025-07,1107,1697,7396.2,12551351
2025,7,1,2025-07,1108,805,4085.52,3288844
2025,7,1,2025-07,1109,1771,5792.99,10259385
2025,7,1,2025-07,1110,1037,6487.79,6727838
2025,7,1,2025-07,1111,1334,6706.44,8946391
2025,7,1,2025-07,1112,1032,6554.35,6764089
2025,7,1,2025-07,1113,1865,4584.5,8550092
2025,7,1,2025-07,1114,1163,5128.49,5964434
2025,7,1,2025-07,1115,2301,5371.66,12360190
2025,7,1,2025-07,1116,1872,6941.35,12994207
2025,7,1,2025-07,1117,2285,5067.58,11579420
2025,7,1,2025-07,1118,1072,4844.02,5192789
2025,7,1,2025-07,1119,2100,7438.45,15620745
2025,7,1,2025-07,1120,1558,4131.21,6436425
2025,7,1,2025-07,1121,1177,7593.33,8937349
2025,7,1,2025-07,1122,818,6414.83,5247331
2025,7,1,2025-07,1123,1315,7104.6,9342549
2025,7,1,2025-07,1124,2366,5089.59,12041970
2025,7,1,2025-07,1125,1977,4235.38,8373346
2025,7,1,2025-07,1126,1552,6736.92,10455700
2025,7,1,2025-07,1127,1614,7114.55,11482884
2025,7,1,2025-07,1128,2102,6686.3,14054603
2025,7,1,2025-07,1129,1872,4517.66,8457060
2025,7,1,2025-07,1130,1205,6708.44,8083670
2025,7,1,2025-07,1131,2142,6867.82,14710870
2025,7,1,2025-07,1132,833,6406.37,5336506
2025,7,1,2025-07,1133,1508,6796.7,10249424
2025,7,1,2025-07,1134,1223,7025.59,8592297
2025,7,1,2025-07,1135,1567,6232.15,9765779
2025,7,1,2025-07,1136,1638,4374.49,7165415
2025,7,1,2025-07,1137,1734,5809.8,10074193
2025,7,1,2025-07,1138,1984,4359.62,8649486
2025,7,1,2025-07,1139,1535,5501.3,8444496
2025,7,1,2025-07,1140,1030,5489.81,5654504
2025,7,1,2025-07,1141,901,4373.51,3940533
2025,7,1,2025-07,1142,1775,5269.83,9353948
2025,7,1,2025-07,1143,746,4421.63,3298536
2025,7,1,2025-07,1144,1867,6989.85,13050050
2025,7,1,2025-07,1145,1914,7362.88,14092552
2025,7,1,2025-07,1146,2075,4293.62,8909262
2025,7,1,2025-07,1147,515,7520.44,3873027
2025,7,1,2025-07,1148,893,6032,5386576
2025,7,1,2025-07,1149,1488,5075.75,7552716
2025,7,1,2025-07,1150,764,4331.62,3309358
2025,7,1,2025-07,1151,2226,5843.22,13007008
2025,7,1,2025-07,1152,800,6882.18,5505744
2025,7,1,2025-07,1153,1215,6603.18,8022864
2025,7,1,2025-07,1154,1446,4216.38,6096885
2025,7,1,2025-07,1155,2221,4307.11,9566091
2025,7,1,2025-07,1156,1553,5544.22,8610174
2025,7,1,2025-07,1157,2155,5081.56,10950762
2025,7,1,2025-07,1158,624,4912.93,3065668
2025,7,1,2025-07,1159,701,5105.38,3578871
2025,7,1,2025-07,1160,2142,6890.43,14759301
2025,7,1,2025-07,1161,1640,7452.19,12221592
2025,7,1,2025-07,1162,1168,5558.79,6492667
2025,7,1,2025-07,1163,1975,7244.08,14307058
2025,7,1,2025-07,1164,1462,5302.7,7752547
2025,7,1,2025-07,1165,689,5861.07,4038277
2025,7,1,2025-07,1166,1632,4857.89,7928076
2025,7,1,2025-07,1167,972,6345.62,6167943
2025,7,1,2025-07,1168,994,7550.59,7505286
2025,7,1,2025-07,1169,1069,6227.43,6657123
2025,7,1,2025-07,1170,1223,5295.51,6476409
2025,7,1,2025-07,1171,953,6370.06,6070667
2025,7,1,2025-07,1172,801,4514.28,3615938
2025,7,1,2025-07,1173,1638,7164.91,11736123
2025,7,1,2025-07,1174,1839,5913.5,10874926
2025,7,1,2025-07,1175,1652,5595.81,9244278
2025,7,1,2025-07,1176,1750,6159.27,10778722
2025,7,1,2025-07,1177,1361,6295.14,8567686
2025,7,1,2025-07,1178,1420,4373.2,6209944
2025,7,1,2025-07,1179,2153,6528.02,14054827
2025,7,1,2025-07,1180,1872,4909.49,9190565
2025,7,1,2025-07,1181,1061,6616.15,7019735
2025,7,1,2025-07,1182,1764,7083.31,12494959
2025,7,1,2025-07,1183,2002,6974.44,13962829
2025,7,1,2025-07,1184,1855,6112.33,11338372
2025,7,1,2025-07,1185,1616,5958.88,9629550
2025,7,1,2025-07,1186,897,4629.31,4152491
2025,7,1,2025-07,1187,1874,6921.46,12970816
2025,7,1,2025-07,1188,1707,5109.1,8721234
2025,7,1,2025-07,1189,1258,5840.63,7347513
2025,7,1,2025-07,1190,2213,5067.69,11214798
2025,7,1,2025-07,1191,1748,4474.03,7820604
2025,7,1,2025-07,1192,619,6321.07,3912742
2025,7,1,2025-07,1193,1847,4200.75,7758785
2025,7,1,2025-07,1194,2492,6681.26,16649700
2025,7,1,2025-07,1195,2048,5222.56,10695803
2025,7,1,2025-07,1196,2131,4061.55,8655163
2025,7,1,2025-07,1197,1525,5818.34,8872968
2025,7,1,2025-07,1198,2220,4270.48,9480466
2025,7,1,2025-07,1199,1782,5092.1,9074122
2025,7,1,2025-07,1200,2068,6574.57,13596211
2025,7,1,2025-07,1201,2181,4335.05,9454744
2025,7,1,2025-07,1202,1158,7086.88,8206607
2025,7,1,2025-07,1203,1814,4111.16,7457644
2025,7,1,2025-07,1204,1802,4960.32,8938497
2025,7,1,2025-07,1205,1356,6767.42,9176622
2025,7,1,2025-07,1206,1872,5183.71,9703905
2025,7,1,2025-07,1207,1277,4454.59,5688511
2025,7,1,2025-07,1208,1115,5310.75,5921486
2025,7,1,2025-07,1209,1742,5052.38,8801246
2025,7,1,2025-07,1210,1201,6980.88,8384037
2025,7,1,2025-07,1211,2312,5207.62,12040017
2025,7,1,2025-07,1212,1789,6962.11,12455215
2025,7,1,2025-07,1213,2088,7280.65,15201997
2025,7,1,2025-07,1214,2021,5613.34,11344560
2025,7,1,2025-07,1215,1126,7317,8238942
2025,7,1,2025-07,1216,2450,5488.6,13447070
2025,7,1,2025-07,1217,1266,7540.37,9546108
2025,7,1,2025-07,1218,659,4373.29,2881998
2025,7,1,2025-07,1219,1673,6552.65,10962583
2025,7,1,2025-07,1220,1332,5832.94,7769476
2025,7,1,2025-07,1221,964,5486.48,5288967
2025,7,1,2025-07,1222,1396,6306.77,8804251
2025,7,1,2025-07,1223,634,6565.98,4162831
2025,7,1,2025-07,1224,1006,4054.21,4078535
2025,7,1,2025-07,1225,1963,4648.06,9124142
2025,7,1,2025-07,1226,1233,6584.44,8118615
2025,7,1,2025-07,1227,1157,6522.64,7546694
2025,7,1,2025-07,1228,1112,7571.58,8419597
2025,7,1,2025-07,1229,1451,6715.87,9744727
2025,7,1,2025-07,1230,1796,7377.05,13249182
2025,7,1,2025-07,1231,1790,6582.13,11782013
2025,7,1,2025-07,1232,1605,5094.21,8176207
2025,7,1,2025-07,1233,1473,4393.01,6470904
2025,7,1,2025-07,1234,1918,6966.69,13362111
2025,7,1,2025-07,1235,2154,6350.27,13678482
2025,7,1,2025-07,1236,1263,4187,5288181
2025,7,1,2025-07,1237,809,5295.53,4284084
2025,7,1,2025-07,1238,1957,7574.26,14822827
2025,7,1,2025-07,1239,1779,5838.93,10387456
2025,7,1,2025-07,1240,1825,5636.41,10286448
2025,7,1,2025-07,1241,765,5722.57,4377766
2025,7,1,2025-07,1242,1242,4801.62,5963612
2025,7,1,2025-07,1243,693,5480.89,3798257
2025,7,1,2025-07,1244,1796,5369.67,9643927
2025,7,1,2025-07,1245,1160,4188.95,4859182
2025,7,1,2025-07,1246,1416,6747.47,9554418
2025,7,1,2025-07,1247,831,5563,4622853
2025,7,1,2025-07,1248,2316,7065.74,16364254
2025,7,1,2025-07,1249,1796,7115.86,12780085
2025,7,1,2025-07,1250,1685,4763.48,8026464
2025,7,1,2025-07,1251,1783,6407.73,11424983
2025,7,1,2025-07,1252,2001,5703.15,11412003
2025,7,1,2025-07,1253,2192,7187.13,15754189
2025,7,1,2025-07,1254,1597,4798.54,7663268
2025,7,1,2025-07,1255,1004,6445.69,6471473
2025,7,1,2025-07,1256,1194,6207.48,7411731
2025,7,1,2025-07,1257,1426,5091.91,7261064
2025,7,1,2025-07,1258,1863,4534.05,8446935
2025,7,1,2025-07,1259,2261,6371.25,14405396
2025,7,1,2025-07,1260,1387,6764.63,9382542
2025,7,1,2025-07,1261,981,5143.25,5045528
2025,7,1,2025-07,1262,1980,6298.81,12471644
2025,7,1,2025-07,1263,1813,5493.48,9959679
2025,7,1,2025-07,1264,1014,6616.97,6709608
2025,7,1,2025-07,1265,1019,4719.11,4808773
2025,7,1,2025-07,1266,1504,7332.53,11028125
2025,7,1,2025-07,1267,1495,5101.95,7627415
2025,7,1,2025-07,1268,2126,5438.86,11563016
2025,7,1,2025-07,1269,831,4275.63,3553049
2025,7,1,2025-07,1270,1478,4524.35,6686989
2025,7,1,2025-07,1271,1017,5994.21,6096112
2025,7,1,2025-07,1272,1935,4962.1,9601664
2025,7,1,2025-07,1273,1096,7002.73,7674992
2025,7,1,2025-07,1274,2300,4103.96,9439108
2025,7,1,2025-07,1275,987,5424.09,5353577
2025,7,1,2025-07,1276,1904,5313.55,10116999
2025,7,1,2025-07,1277,2268,4144.64,9400044
2025,7,1,2025-07,1278,1856,4516.94,8383441
2025,7,1,2025-07,1279,913,5551.05,5068109
2025,7,1,2025-07,1280,1513,5878.2,8893717
2025,7,1,2025-07,1281,1432,5496.21,7870573
2025,7,1,2025-07,1282,2184,6020.31,13148357
2025,7,1,2025-07,1283,1897,6208.01,11776595
2025,7,1,2025-07,1284,1731,4101.38,7099489
2025,7,1,2025-07,1285,908,5674.61,5152546
2025,7,1,2025-07,1286,1168,7529.26,8794176
2025,7,1,2025-07,1287,1730,5906.06,10217484
2025,7,1,2025-07,1288,2026,6493.58,13155993
2025,7,1,2025-07,1289,774,5157.25,3991712
2025,7,1,2025-07,1290,1864,6879.11,12822661
2025,7,1,2025-07,1291,1758,6885.75,12105148
2025,7,1,2025-07,1292,1629,5898.73,9609031
2025,7,1,2025-07,1293,2085,7561.12,15764935
2025,7,1,2025-07,1294,1738,4472.38,7772996
2025,7,1,2025-07,1295,638,4091.64,2610466
2025,7,1,2025-07,1296,1546,6809.99,10528245
2025,7,1,2025-07,1297,1454,6995.36,10171253
2025,7,1,2025-07,1298,2467,4431.74,10933103
2025,7,1,2025-07,1299,865,4979.55,4307311
2025,7,1,2025-07,1300,2203,4145.83,9133263
2025,7,1,2025-07,1301,531,5059.46,2686573
2025,7,1,2025-07,1302,549,6885.14,3779942
2025,7,1,2025-07,1303,2463,5960.43,14680539
2025,7,1,2025-07,1304,1973,5338.4,10532663
2025,7,1,2025-07,1305,2127,5398.87,11483396
2025,7,1,2025-07,1306,2092,4024.42,8419087
2025,7,1,2025-07,1307,1821,5082.12,9254541
2025,7,1,2025-07,1308,1613,6331.26,10212322
2025,7,1,2025-07,1309,985,7571.79,7458213
2025,7,1,2025-07,1310,1533,7056.75,10817998
2025,7,1,2025-07,1311,1111,4153.61,4614661
2025,7,1,2025-07,1312,1097,7194.21,7892048
2025,7,1,2025-07,1313,1981,6870,13609470
2025,7,1,2025-07,1314,1472,6850.27,10083597
2025,7,1,2025-07,1315,2050,5685.09,11654434
2025,7,1,2025-07,1316,1994,5498.54,10964089
2025,7,1,2025-07,1317,1068,5231.69,5587445
2025,7,1,2025-07,1318,1951,4314.14,8416887
2025,7,1,2025-07,1319,1707,4858.89,8294125
2025,7,1,2025-07,1320,2011,4898.68,9851245
2025,7,1,2025-07,1321,2281,5764.81,13149532
2025,7,1,2025-07,1322,1020,6734.64,6869333
2025,7,1,2025-07,1323,1969,5775.28,11371526
2025,7,1,2025-07,1324,1845,4256.88,7853944
2025,7,1,2025-07,1325,2177,7446.24,16210464
2025,7,1,2025-07,1326,1976,7371.74,14566558
2025,7,1,2025-07,1327,1556,6869.43,10688833
2025,7,1,2025-07,1328,1346,7579.57,10202101
2025,7,1,2025-07,1329,1282,6024.73,7723704
2025,7,1,2025-07,1330,1104,7486.43,8265019
2025,7,1,2025-07,1331,862,4279.02,3688515
2025,7,1,2025-07,1332,1215,5330.07,6476035
2025,7,1,2025-07,1333,1871,4933.6,9230766
2025,7,1,2025-07,1334,1400,4815.09,6741126
2025,7,1,2025-07,1335,1539,4624.58,7117229
2025,7,1,2025-07,1336,1676,6319.19,10590962
2025,7,1,2025-07,1337,744,6884.36,5121964
2025,7,1,2025-07,1338,1169,6142.45,7180524
2025,7,1,2025-07,1339,1593,4636.57,7386056
2025,7,1,2025-07,1340,744,6975.77,5189973
2025,7,1,2025-07,1341,1920,6393.25,12275040
2025,7,1,2025-07,1342,990,5513.73,5458593
2025,7,1,2025-07,1343,2317,6461.37,14970994
2025,7,1,2025-07,1344,1982,5034.53,9978438
2025,7,1,2025-07,1345,2204,5277.97,11632646
2025,7,1,2025-07,1346,1273,7343.12,9347792
2025,7,1,2025-07,1347,802,5071.09,4067014
2025,7,1,2025-07,1348,1210,5787.64,7003044
2025,7,1,2025-07,1349,1529,7260.19,11100831
2025,7,1,2025-07,1350,1443,6622.95,9556917
2025,7,1,2025-07,1351,1584,4335.02,6866672
2025,7,1,2025-07,1352,1727,4569.66,7891803
2025,7,1,2025-07,1353,2171,4076.88,8850906
2025,7,1,2025-07,1354,1254,6340.44,7950912
2025,7,1,2025-07,1355,1002,5656.48,5667793
2025,7,1,2025-07,1356,1977,4548.09,8991574
2025,7,1,2025-07,1357,1201,7551.91,9069844
2025,7,1,2025-07,1358,995,5914.4,5884828
2025,7,1,2025-07,1359,1735,4894.26,8491541
2025,7,1,2025-07,1360,1733,5839.91,10120564
2025,7,1,2025-07,1361,1863,6520.65,12147971
2025,7,1,2025-07,1362,1763,4343.33,7657291
2025,7,1,2025-07,1363,1816,5084.42,9233307
2025,7,1,2025-07,1364,2058,6946.02,14294909
2025,7,1,2025-07,1365,1868,5723.46,10691423
2025,7,1,2025-07,1366,1850,6051.84,11195904
2025,7,1,2025-07,1367,2312,5624.15,13003035
2025,7,1,2025-07,1368,2194,4198.21,9210873
2025,7,1,2025-07,1369,1498,4730.9,7086888
2025,7,1,2025-07,1370,1489,5740.16,8547098
2025,7,1,2025-07,1371,1822,4869.44,8872120
2025,7,1,2025-07,1372,1478,4210.5,6223119
2025,7,1,2025-07,1373,935,7100.03,6638528
2025,7,1,2025-07,1374,1037,7610.48,7892068
2025,7,1,2025-07,1375,1354,6921.7,9371982
2025,7,1,2025-07,1376,1148,7098.73,8149342
2025,7,1,2025-07,1377,1998,4950.32,9890739
2025,7,1,2025-07,1378,2118,7482.37,15847660
2025,7,1,2025-07,1379,1101,4698.3,5172828
2025,7,1,2025-07,1380,1212,7520.02,9114264
2025,7,1,2025-07,1381,1307,7682.06,10040452
2025,7,1,2025-07,1382,936,6624.32,6200364
2025,7,1,2025-07,1383,1954,7438,14533852
2025,7,1,2025-07,1384,2285,6172.86,14104985
2025,7,1,2025-07,1385,2017,4969.55,10023582
2025,7,1,2025-07,1386,2130,5574.95,11874644
2025,7,1,2025-07,1387,2123,6144.29,13044328
2025,7,1,2025-07,1388,1461,4330.55,6326934
2025,7,1,2025-07,1389,677,6319.06,4278004
2025,7,1,2025-07,1390,1573,7590.54,11939919
2025,7,1,2025-07,1391,1252,4743.7,5939112
2025,7,1,2025-07,1392,656,6968.11,4571080
2025,7,1,2025-07,1393,1911,7313.45,13976003
2025,7,1,2025-07,1394,1480,7432.32,10999834
2025,7,1,2025-07,1395,1572,7517.44,11817416
2025,7,1,2025-07,1396,887,5906.81,5239340
2025,7,1,2025-07,1397,1550,7489.79,11609174
2025,7,1,2025-07,1398,1773,6779.35,12019788
2025,7,1,2025-07,1399,701,4666.15,3270971
2025,7,1,2025-07,1400,723,5762.33,4166165
2025,7,1,2025-07,1401,2268,6651.43,15085443
2025,7,1,2025-07,1402,815,4941.36,4027208
2025,7,1,2025-07,1403,1773,6334.53,11231122
2025,7,1,2025-07,1404,664,6429.57,4269234
2025,7,1,2025-07,1405,1756,4622.85,8117725
2025,7,1,2025-07,1406,1843,6014.5,11084724
2025,7,1,2025-07,1407,1687,6849.69,11555427
2025,7,1,2025-07,1408,2365,5794.28,13703472
2025,7,1,2025-07,1409,1393,4215.71,5872484
2025,7,1,2025-07,1410,1025,4012.76,4113079
2025,7,1,2025-07,1411,640,5322.79,3406586
2025,7,1,2025-07,1412,1988,7471.12,14852587
2025,7,1,2025-07,1413,1354,4873.01,6598056
2025,7,1,2025-07,1414,1580,6303.36,9959309
2025,7,1,2025-07,1415,749,4801.46,3596294
2025,7,1,2025-07,1416,1520,5220.72,7935494
2025,7,1,2025-07,1417,1179,7052.39,8314768
2025,7,1,2025-07,1418,1604,6673.01,10703508
2025,7,1,2025-07,1419,1220,4453.39,5433136
2025,7,1,2025-07,1420,1742,5580.5,9721231
2025,7,1,2025-07,1421,2040,4205.97,8580179
2025,7,1,2025-07,1422,1490,5778.47,8609920
2025,7,1,2025-07,1423,1771,6506,11522126
2025,7,1,2025-07,1424,2148,4533.3,9737528
2025,7,1,2025-07,1425,1367,5167.08,7063398
2025,7,1,2025-07,1426,1385,5503.62,7622514
2025,7,1,2025-07,1427,652,7423.07,4839842
2025,7,1,2025-07,1428,1858,7594.78,14111101
2025,7,1,2025-07,1429,2190,4218.82,9239216
2025,7,1,2025-07,1430,1742,6813.06,11868351
2025,7,1,2025-07,1431,1253,5341.95,6693463
2025,7,1,2025-07,1432,2083,5455.64,11364098
2025,7,1,2025-07,1433,2081,6779.64,14108431
2025,7,1,2025-07,1434,1675,7329.29,12276561
2025,7,1,2025-07,1435,827,7541.05,6236448
2025,7,1,2025-07,1436,977,6160.87,6019170
2025,7,1,2025-07,1437,2139,5367.26,11480569
2025,7,1,2025-07,1438,693,6854.12,4749905
2025,7,1,2025-07,1439,1474,5008.63,7382721
2025,7,1,2025-07,1440,1849,6016.18,11123917
2025,7,1,2025-07,1441,1049,5365.26,5628158
2025,7,1,2025-07,1442,1449,6463.24,9365235
2025,7,1,2025-07,1443,1512,4926.71,7449186
2025,7,1,2025-07,1444,2051,4693.83,9627045
2025,7,1,2025-07,1445,2095,7366.9,15433656
2025,7,1,2025-07,1446,818,4358.2,3565008
2025,7,1,2025-07,1447,815,5810.84,4735835
2025,7,1,2025-07,1448,1314,4923.65,6469676
2025,7,1,2025-07,1449,1484,4248.71,6305086
2025,7,1,2025-07,1450,1413,4113.87,5812898
2025,7,1,2025-07,1451,1003,4642.49,4656417
2025,7,1,2025-07,1452,609,7200.33,4385001
2025,7,1,2025-07,1453,1980,5128.2,10153836
2025,7,1,2025-07,1454,2134,7473.87,15949239
2025,7,1,2025-07,1455,1489,6124.84,9119887
2025,7,1,2025-07,1456,1974,5650.62,11154324
2025,7,1,2025-07,1457,2262,6198.86,14021821
2025,7,1,2025-07,1458,1855,5892.1,10929846
2025,7,1,2025-07,1459,1769,6828.3,12079263
2025,7,1,2025-07,1460,1028,5043.66,5184882
2025,7,1,2025-07,1461,1207,5290.31,6385404
2025,7,1,2025-07,1462,1159,7290.92,8450176
2025,7,1,2025-07,1463,736,7490.92,5513317
2025,7,1,2025-07,1464,2296,7282.03,16719541
2025,7,1,2025-07,1465,955,5557.62,5307527
2025,7,1,2025-07,1466,1509,6873.39,10371946
2025,7,1,2025-07,1467,1003,5770.51,5787822
2025,7,1,2025-07,1468,1931,5853.49,11303089
2025,7,1,2025-07,1469,2108,4837.13,10196670
2025,7,1,2025-07,1470,1060,6138.49,6506799
2025,7,1,2025-07,1471,1430,4768.88,6819498
2025,7,1,2025-07,1472,853,5320.44,4538335
2025,7,1,2025-07,1473,665,7088.2,4713653
2025,7,1,2025-07,1474,1965,4865.27,9560256
2025,7,1,2025-07,1475,720,4330.64,3118061
2025,7,1,2025-07,1476,2302,4341.52,9994179
2025,7,1,2025-07,1477,681,7372.86,5020918
2025,7,1,2025-07,1478,724,5909.37,4278384
2025,7,1,2025-07,1479,2009,5434.3,10917509
2025,7,1,2025-07,1480,650,6914.18,4494217
2025,7,1,2025-07,1481,1688,6989.49,11798259
2025,7,1,2025-07,1482,1473,5209.02,7672886
2025,7,1,2025-07,1483,847,6523.05,5525023
2025,7,1,2025-07,1484,1840,6825.86,12559582
2025,7,1,2025-07,1485,1376,6318.83,8694710
2025,7,1,2025-07,1486,1375,4627.9,6363362
2025,7,1,2025-07,1487,1744,7185.22,12531024
2025,7,1,2025-07,1488,1271,6034.25,7669532
2025,7,1,2025-07,1489,429,5102.64,2189033
2025,7,1,2025-07,1490,2182,5627.62,12279467
2025,7,1,2025-07,1491,770,4198.61,3232930
2025,7,1,2025-07,1492,931,4545.21,4231591
2025,7,1,2025-07,1493,1367,6811.04,9310692
2025,7,1,2025-07,1494,1903,4085.09,7773926
2025,7,1,2025-07,1495,920,5547.57,5103764
2025,7,1,2025-07,1496,1774,5827.98,10338837
2025,7,1,2025-07,1497,1509,4287.65,6470064
2025,7,1,2025-07,1498,1877,7562.71,14195207
2025,7,1,2025-07,1499,1100,4903.36,5393696
2025,7,1,2025-07,1500,1754,5149.03,9031399
2025,7,1,2025-07,1501,2230,5224.16,11649877
2025,7,1,2025-07,1502,1282,4885.38,6263057
2025,7,1,2025-07,1503,707,4066.75,2875192
2025,7,1,2025-07,1504,2080,6683.39,13901451
2025,7,1,2025-07,1505,1690,7553.13,12764790
2025,7,1,2025-07,1506,1937,4823.18,9342500
2025,7,1,2025-07,1507,1635,6487.58,10607193
2025,7,1,2025-07,1508,1181,6740.3,7960294
2025,7,1,2025-07,1509,1752,7179.55,12578572
2025,7,1,2025-07,1510,1698,5592.8,9496574
2025,7,1,2025-07,1511,1067,5158.19,5503789
2025,7,1,2025-07,1512,1325,5173.54,6854940
2025,7,1,2025-07,1513,1008,6612.17,6665067
2025,7,1,2025-07,1514,1544,6937.91,10712133
2025,7,1,2025-07,1515,811,4627.05,3752538
2025,7,1,2025-07,1516,1736,5309.87,9217934
2025,7,1,2025-07,1517,1487,7260.1,10795769
2025,7,1,2025-07,1518,1521,6933.26,10545488
2025,7,1,2025-07,1519,1434,7579.7,10869290
2025,7,1,2025-07,1520,2214,6792.49,15038573
2025,7,1,2025-07,1521,1213,5404.07,6555137
2025,7,1,2025-07,1522,2058,6097.85,12549375
2025,7,1,2025-07,1523,1679,6419.58,10778475
2025,7,1,2025-07,1524,1148,4333.06,4974353
2025,7,1,2025-07,1525,1847,6014.38,11108560
2025,7,1,2025-07,1526,1767,6589.53,11643700
2025,7,1,2025-07,1527,1083,4600.37,4982201
2025,7,1,2025-07,1528,2370,6871.42,16285265
2025,7,1,2025-07,1529,1285,6233.56,8010125
2025,7,1,2025-07,1530,2110,7441.21,15700953
2025,7,1,2025-07,1531,1592,4184.92,6662393
2025,7,1,2025-07,1532,2053,4954.92,10172451
2025,7,1,2025-07,1533,1846,6252.93,11542909
2025,7,1,2025-07,1534,1088,5200.08,5657687
2025,7,1,2025-07,1535,805,6672.06,5371008
2025,7,1,2025-07,1536,1758,6782.59,11923793
2025,7,1,2025-07,1537,823,4435.61,3650507
2025,7,1,2025-07,1538,1387,5870.08,8141801
2025,7,1,2025-07,1539,1981,5839.1,11567257
2025,7,1,2025-07,1540,1917,5430.54,10410345
2025,7,1,2025-07,1541,1746,7403.31,12926179
2025,7,1,2025-07,1542,1049,6943.5,7283732
2025,7,1,2025-07,1543,1753,6521.05,11431401
2025,7,1,2025-07,1544,924,6539.07,6042101
2025,7,1,2025-07,1545,737,5674.35,4181996
2025,7,1,2025-07,1546,957,7427.32,7107945
2025,7,1,2025-07,1547,2177,6584.9,14335327
2025,7,1,2025-07,1548,1714,6674.8,11440607
2025,7,1,2025-07,1549,1900,7174.46,13631474
2025,7,1,2025-07,1550,2285,5076.47,11599734
2025,7,1,2025-07,1551,1449,6949.26,10069478
2025,7,1,2025-07,1552,1880,4813.78,9049906
2025,7,1,2025-07,1553,788,5277.04,4158308
2025,7,1,2025-07,1554,807,5273.24,4255505
2025,7,1,2025-07,1555,2249,7571.26,17027764
2025,7,1,2025-07,1556,1860,7132.06,13265632
2025,7,1,2025-07,1557,1621,6627.79,10743648
2025,7,1,2025-07,1558,2176,6679.9,14535462
2025,7,1,2025-07,1559,1240,6042.47,7492663
2025,7,1,2025-07,1560,1496,7493.5,11210276
2025,7,1,2025-07,1561,2101,5916.91,12431428
2025,7,1,2025-07,1562,1232,5457.93,6724170
2025,7,1,2025-07,1563,1090,4694.36,5116852
2025,7,1,2025-07,1564,1145,6807.79,7794920
2025,7,1,2025-07,1565,1606,6706.13,10770045
2025,7,1,2025-07,1566,1870,5426.57,10147686
2025,7,1,2025-07,1567,2195,4106.46,9013680
2025,7,1,2025-07,1568,2090,7019.01,14669731
2025,7,1,2025-07,1569,1961,4146.84,8131953
2025,7,1,2025-07,1570,1645,6615.56,10882596
2025,7,1,2025-07,1571,734,7497.64,5503268
2025,7,1,2025-07,1572,1756,5686.96,9986302
2025,7,1,2025-07,1573,1089,4914.94,5352370
2025,7,1,2025-07,1574,1004,6621.92,6648408
2025,7,1,2025-07,1575,1135,6927.52,7862735
2025,7,1,2025-07,1576,1644,5964.44,9805539
2025,7,1,2025-07,1577,1324,7466.61,9885792
2025,7,1,2025-07,1578,1045,4300.68,4494211
2025,7,1,2025-07,1579,2058,5850.65,12040638
2025,7,1,2025-07,1580,2214,6669.56,14766406
2025,7,1,2025-07,1581,1146,7274.66,8336760
2025,7,1,2025-07,1582,938,4637.21,4349703
2025,7,1,2025-07,1583,1413,6928.98,9790649
2025,7,1,2025-07,1584,1664,6011.98,10003935
2025,7,1,2025-07,1585,2424,5532.05,13409689
2025,7,1,2025-07,1586,1035,4528.57,4687070
2025,7,1,2025-07,1587,1157,7211.27,8343439
2025,7,1,2025-07,1588,1287,4632.42,5961925
2025,7,1,2025-07,1589,652,5110.21,3331857
2025,7,1,2025-07,1590,2287,5086.57,11632986
2025,7,1,2025-07,1591,2121,7207.01,15286068
2025,7,1,2025-07,1592,1161,6472.92,7515060
2025,7,1,2025-07,1593,1060,6872.61,7284967
2025,7,1,2025-07,1594,811,4968.99,4029851
2025,7,1,2025-07,1595,1038,6213.31,6449416
2025,7,1,2025-07,1596,1105,6013.44,6644851
2025,7,1,2025-07,1597,1424,7086.86,10091689
2025,7,1,2025-07,1598,1822,7359.98,13409884
2025,7,1,2025-07,1599,1374,4179.59,5742757
2025,7,1,2025-07,1600,1127,6536.88,7367064
2025,7,1,2025-07,1601,1358,4222.52,5734182
2025,7,1,2025-07,1602,2107,6053.66,12755062
2025,7,1,2025-07,1603,1943,5097.46,9904365
2025,7,1,2025-07,1604,2047,5182.9,10609396
2025,7,1,2025-07,1605,1034,5355.56,5537649
2025,7,1,2025-07,1606,683,6362.8,4345792
2025,7,1,2025-07,1607,1896,5272.09,9995883
2025,7,1,2025-07,1608,2092,6732.38,14084139
2025,7,1,2025-07,1609,1478,5516.12,8152825
2025,7,1,2025-07,1610,1460,4268.43,6231908
2025,7,1,2025-07,1611,2433,6856.86,16682740
2025,7,1,2025-07,1612,2204,5078.37,11192727
2025,7,1,2025-07,1613,2254,5557.44,12526470
2025,7,1,2025-07,1614,1837,6458.47,11864209
2025,7,1,2025-07,1615,752,5297.16,3983464
2025,7,1,2025-07,1616,1727,4292.19,7412612
2025,7,1,2025-07,1617,950,5426.69,5155356
2025,7,1,2025-07,1618,1702,7493.5,12753937
2025,7,1,2025-07,1619,1190,6397.81,7613394
2025,7,1,2025-07,1620,1402,6535.47,9162729
2025,7,1,2025-07,1621,1919,6307.19,12103498
2025,7,1,2025-07,1622,1585,4824.03,7646088
2025,7,1,2025-07,1623,2171,5531.14,12008105
2025,7,1,2025-07,1624,2202,6725.25,14809000
2025,7,1,2025-07,1625,2018,4366.16,8810911
2025,7,1,2025-07,1626,1884,5085.6,9581270
2025,7,1,2025-07,1627,959,5092.89,4884082
2025,7,1,2025-07,1628,1707,5600.46,9559985
2025,7,1,2025-07,1629,1087,7529.52,8184588
2025,7,1,2025-07,1630,1708,4367.67,7459980
2025,7,1,2025-07,1631,1519,5928.59,9005528
2025,7,1,2025-07,1632,1422,4701.68,6685789
2025,7,1,2025-07,1633,807,7583.16,6119610
2025,7,1,2025-07,1634,720,4562.52,3285014
2025,7,1,2025-07,1635,1663,5519.68,9179228
2025,7,1,2025-07,1636,1380,6732.92,9291430
2025,7,1,2025-07,1637,1597,6628.93,10586401
2025,7,1,2025-07,1638,2008,5534.3,11112874
2025,7,1,2025-07,1639,1759,5210.58,9165410
2025,7,1,2025-07,1640,1067,5506.61,5875553
2025,7,1,2025-07,1641,1461,5032.1,7351898
2025,7,1,2025-07,1642,1677,4805.93,8059545
2025,7,1,2025-07,1643,755,5820.52,4394493
2025,7,1,2025-07,1644,1952,5061.24,9879540
2025,7,1,2025-07,1645,1011,5078.08,5133939
2025,7,1,2025-07,1646,704,6420.08,4519736
2025,7,1,2025-07,1647,960,7469.39,7170614
2025,7,1,2025-07,1648,1614,6270.54,10120652
2025,7,1,2025-07,1649,1900,4372.51,8307769
2025,7,1,2025-07,1650,1672,4292.46,7176993
2025,7,1,2025-07,1651,1879,7447.76,13994341
2025,7,1,2025-07,1652,1095,5127.8,5614941
2025,7,1,2025-07,1653,1265,4402.31,5568922
2025,7,1,2025-07,1654,2265,6177.7,13992490
2025,7,1,2025-07,1655,2006,6312.28,12662434
2025,7,1,2025-07,1656,1735,6438.05,11170017
2025,7,1,2025-07,1657,1885,4972.92,9373954
2025,7,1,2025-07,1658,1400,4029.77,5641678
2025,7,1,2025-07,1659,1844,7557.71,13936417
2025,7,1,2025-07,1660,1879,4954.39,9309299
2025,7,1,2025-07,1661,1456,6468.79,9418558
2025,7,1,2025-07,1662,1419,6547.02,9290221
2025,7,1,2025-07,1663,1912,6284.01,12015027
2025,7,1,2025-07,1664,830,5110.37,4241607
2025,7,1,2025-07,1665,1118,5044.43,5639673
2025,7,1,2025-07,1666,2242,6292.14,14106978
2025,7,1,2025-07,1667,739,7187.17,5311319
2025,7,1,2025-07,1668,2153,7507.08,16162743
2025,7,1,2025-07,1669,2414,4487.74,10833404
2025,7,1,2025-07,1670,1685,4649.34,7834138
2025,7,1,2025-07,1671,1999,7394.73,14782065
2025,7,1,2025-07,1672,1714,6752.36,11573545
2025,7,1,2025-07,1673,1911,7135.79,13636495
2025,7,1,2025-07,1674,1595,4794.66,7647483
2025,7,1,2025-07,1675,949,6119.7,5807595
2025,7,1,2025-07,1676,1138,6558.39,7463448
2025,7,1,2025-07,1677,2191,6426.33,14080089
2025,7,1,2025-07,1678,2068,5527.73,11431346
2025,7,1,2025-07,1679,1782,4081.89,7273928
2025,7,1,2025-07,1680,1241,6151.56,7634086
2025,7,1,2025-07,1681,914,4948.59,4523011
2025,7,1,2025-07,1682,2131,5681.2,12106637
2025,7,1,2025-07,1683,1759,7413.15,13039731
2025,7,1,2025-07,1684,1477,5406.57,7985504
2025,7,1,2025-07,1685,1727,7090.64,12245535
2025,7,1,2025-07,1686,1420,4706.2,6682804
2025,7,1,2025-07,1687,1871,6463.4,12093021
2025,7,1,2025-07,1688,1726,7608.28,13131891
2025,7,1,2025-07,1689,2243,4373.49,9809738
2025,7,1,2025-07,1690,960,4108.03,3943709
2025,7,1,2025-07,1691,1056,5679.12,5997151
2025,7,1,2025-07,1692,1259,4470.57,5628448
2025,7,1,2025-07,1693,662,6700.2,4435532
2025,7,1,2025-07,1694,1544,7348.38,11345899
2025,7,1,2025-07,1695,1976,5636.06,11136855
2025,7,1,2025-07,1696,1635,4953.56,8099071
2025,7,1,2025-07,1697,738,5629.38,4154482
2025,7,1,2025-07,1698,2276,6621.81,15071240
2025,7,1,2025-07,1699,2012,4016.26,8080715
2025,7,1,2025-07,1700,1028,6170.94,6343726
2025,7,1,2025-07,1701,1878,6286.5,11806047
2025,7,1,2025-07,1702,983,6329.88,6222272
2025,7,1,2025-07,1703,1906,5019.46,9567091
2025,7,1,2025-07,1704,689,6575.82,4530740
2025,7,1,2025-07,1705,1160,4413.81,5120020
2025,7,1,2025-07,1706,1148,4694.68,5389493
2025,7,1,2025-07,1707,1571,7178.46,11277361
2025,7,1,2025-07,1708,1495,6758.8,10104406
2025,7,1,2025-07,1709,901,4063.3,3661033
2025,7,1,2025-07,1710,1175,4860.35,5710911
2025,7,1,2025-07,1711,2173,4760.81,10345240
2025,7,1,2025-07,1712,1927,5072.32,9774361
2025,7,1,2025-07,1713,1153,5035.07,5805436
2025,7,1,2025-07,1714,894,4196.6,3751760
2025,7,1,2025-07,1715,1169,5744.53,6715356
2025,7,1,2025-07,1716,1521,6661.49,10132126
2025,7,1,2025-07,1717,585,6274.64,3670664
2025,7,1,2025-07,1718,652,6448.43,4204376
2025,7,1,2025-07,1719,1418,4403.39,6244007
2025,7,1,2025-07,1720,1443,7458.77,10763005
2025,7,1,2025-07,1721,1221,7000.36,8547440
2025,7,1,2025-07,1722,1951,6907.17,13475889
2025,7,1,2025-07,1723,1150,6975.53,8021860
2025,7,1,2025-07,1724,1169,7356.45,8599690
2025,7,1,2025-07,1725,2226,6041.93,13449336
2025,7,1,2025-07,1726,1672,4749.08,7940462
2025,7,1,2025-07,1727,918,6270.75,5756548
2025,7,1,2025-07,1728,2340,6734.78,15759385
2025,7,1,2025-07,1729,782,6758.77,5285358
2025,7,1,2025-07,1730,1290,5868.45,7570300
2025,7,1,2025-07,1731,2095,4285.08,8977243
2025,7,1,2025-07,1732,1250,5390.17,6737712
2025,7,1,2025-07,1733,1000,7410.35,7410350
2025,7,1,2025-07,1734,2225,6131.46,13642498
2025,7,1,2025-07,1735,1839,5987.68,11011344
2025,7,1,2025-07,1736,1853,5020.03,9302116
2025,7,1,2025-07,1737,2157,5372.17,11587771
2025,7,1,2025-07,1738,675,7358.65,4967089
2025,7,1,2025-07,1739,1035,6510.52,6738388
2025,7,1,2025-07,1740,1988,6916.45,13749903
2025,7,1,2025-07,1741,1754,5740.74,10069258
2025,7,1,2025-07,1742,1429,6329.93,9045470
2025,7,1,2025-07,1743,1296,4917.16,6372639
2025,7,1,2025-07,1744,1555,6620.74,10295251
2025,7,1,2025-07,1745,1070,5516.62,5902783
2025,7,1,2025-07,1746,1311,5710.83,7486898
2025,7,1,2025-07,1747,1475,6350.97,9367681
2025,7,1,2025-07,1748,2099,7357.62,15443644
2025,7,1,2025-07,1749,1164,4258.08,4956405
2025,7,1,2025-07,1750,1232,7047.6,8682643
2025,7,1,2025-07,1751,2285,5171.97,11817951
2025,7,1,2025-07,1752,1349,5720.54,7717008
2025,7,1,2025-07,1753,1948,4146.59,8077557
2025,7,1,2025-07,1754,2123,5065.66,10754396
2025,7,1,2025-07,1755,1868,5878.6,10981225
2025,7,1,2025-07,1756,1982,4284.98,8492830
2025,7,1,2025-07,1757,1290,5902.55,7614290
2025,7,1,2025-07,1758,929,7423.82,6896729
2025,7,1,2025-07,1759,2099,4380.32,9194292
2025,7,1,2025-07,1760,730,6732.88,4915002
2025,7,1,2025-07,1761,1696,5576.69,9458066
2025,7,1,2025-07,1762,1053,6350.62,6687203
2025,7,1,2025-07,1763,2126,5069.53,10777821
2025,7,1,2025-07,1764,1565,4678.96,7322572
2025,7,1,2025-07,1765,1391,4614.32,6418519
2025,7,1,2025-07,1766,2072,4316.45,8943684
2025,7,1,2025-07,1767,2079,4663.33,9695063
2025,7,1,2025-07,1768,1353,6437.27,8709626
2025,7,1,2025-07,1769,855,7188.45,6146125
2025,7,1,2025-07,1770,1985,6981.75,13858774
2025,7,1,2025-07,1771,1136,6492.11,7375037
2025,7,1,2025-07,1772,1747,4475.23,7818227
2025,7,1,2025-07,1773,1011,5148.01,5204638
2025,7,1,2025-07,1774,1702,5113.57,8703296
2025,7,1,2025-07,1775,1485,4912.16,7294558
2025,7,1,2025-07,1776,926,5978.31,5535915
2025,7,1,2025-07,1777,1123,6032.75,6774778
2025,7,1,2025-07,1778,1901,5265.3,10009335
2025,7,1,2025-07,1779,809,5296.17,4284602
2025,7,1,2025-07,1780,1102,7164.87,7895687
2025,7,1,2025-07,1781,2141,6940,14858540
2025,7,1,2025-07,1782,1337,5150.47,6886178
2025,7,1,2025-07,1783,1072,7335.62,7863785
2025,7,1,2025-07,1784,870,7423.85,6458750
2025,7,1,2025-07,1785,1181,5279.29,6234841
2025,7,1,2025-07,1786,1396,5342.81,7458563
2025,7,1,2025-07,1787,1879,5831.18,10956787
2025,7,1,2025-07,1788,1716,7390.61,12682287
2025,7,1,2025-07,1789,1049,7174.08,7525610
2025,7,1,2025-07,1790,1162,4471.6,5195999
2025,7,1,2025-07,1791,1777,5473.1,9725699
2025,7,1,2025-07,1792,753,6016.02,4530063
2025,7,1,2025-07,1793,1641,5839.08,9581930
2025,7,1,2025-07,1794,1822,4780.74,8710508
2025,7,1,2025-07,1795,1590,7107.53,11300973
2025,7,1,2025-07,1796,772,6544.5,5052354
2025,7,1,2025-07,1797,1513,7017.53,10617523
2025,7,1,2025-07,1798,969,7108.98,6888602
2025,7,1,2025-07,1799,1361,6730.1,9159666
2025,7,1,2025-07,1800,2193,5662.24,12417292
2025,7,1,2025-07,1801,1565,6291.49,9846182
2025,7,1,2025-07,1802,2151,4593.74,9881135
2025,7,1,2025-07,1803,1229,6481.67,7965972
2025,7,1,2025-07,1804,1896,4734.1,8975854
2025,7,1,2025-07,1805,1240,6556.68,8130283
2025,7,1,2025-07,1806,767,4909.39,3765502
2025,7,1,2025-07,1807,2089,4515.57,9433026
2025,7,1,2025-07,1808,1437,4622.98,6643222
2025,7,1,2025-07,1809,1555,4026.9,6261830
2025,7,1,2025-07,1810,1115,6587.66,7345241
2025,7,1,2025-07,1811,1885,6659.24,12552667
2025,7,1,2025-07,1812,1783,5943.72,10597653
2025,7,1,2025-07,1813,1969,4663.53,9182491
2025,7,1,2025-07,1814,1693,4316.86,7308444
2025,7,1,2025-07,1815,1891,4062.62,7682414
2025,7,1,2025-07,1816,2037,4617.23,9405298
2025,7,1,2025-07,1817,2507,7257.78,18195254
2025,7,1,2025-07,1818,1603,4881.23,7824612
2025,7,1,2025-07,1819,2044,5414.66,11067565
2025,7,1,2025-07,1820,1600,4473.61,7157776
2025,7,1,2025-07,1821,2325,4843.58,11261324
2025,7,1,2025-07,1822,1805,5985.44,10803719
2025,7,1,2025-07,1823,701,6207.7,4351598
2025,7,1,2025-07,1824,846,4947.35,4185458
2025,7,1,2025-07,1825,1517,4226.7,6411904
2025,7,1,2025-07,1826,736,5455.04,4014909
2025,7,1,2025-07,1827,2337,4901.36,11454478
2025,7,1,2025-07,1828,2041,4838.08,9874521
2025,7,1,2025-07,1829,2085,7444.59,15521970
2025,7,1,2025-07,1830,968,6249.92,6049923
2025,7,1,2025-07,1831,1967,6021.79,11844861
2025,7,1,2025-07,1832,2040,5550.96,11323958
2025,7,1,2025-07,1833,1896,5600.33,10618226
2025,7,1,2025-07,1834,1832,6001.25,10994290
2025,7,1,2025-07,1835,1462,6513.99,9523453
2025,7,1,2025-07,1836,1505,6617.92,9959970
2025,7,1,2025-07,1837,1944,4724.63,9184681
2025,7,1,2025-07,1838,1367,5921.55,8094759
2025,7,1,2025-07,1839,1012,5509.9,5576019
2025,7,1,2025-07,1840,1956,7209.17,14101137
2025,7,1,2025-07,1841,1356,6259.05,8487272
2025,7,1,2025-07,1842,1845,5967.16,11009410
2025,7,1,2025-07,1843,1970,4495.25,8855642
2025,7,1,2025-07,1844,1198,6273.14,7515222
2025,7,1,2025-07,1845,1278,4475.77,5720034
2025,7,1,2025-07,1846,1743,5241.26,9135516
2025,7,1,2025-07,1847,863,4555.95,3931785
2025,7,1,2025-07,1848,1009,6590.25,6649562
2025,7,1,2025-07,1849,1324,4735.43,6269709
2025,7,1,2025-07,1850,1709,5407.22,9240939
2025,7,1,2025-07,1851,1490,7213.84,10748622
2025,7,1,2025-07,1852,1190,4856.54,5779283
2025,7,1,2025-07,1853,1797,5852.14,10516296
2025,7,1,2025-07,1854,1749,5528,9668472
2025,7,1,2025-07,1855,1245,4124.41,5134890
2025,7,1,2025-07,1856,1983,6907.86,13698286
2025,7,1,2025-07,1857,1436,4225.9,6068392
2025,7,1,2025-07,1858,943,5704.26,5379117
2025,7,1,2025-07,1859,1355,6041.29,8185948
2025,7,1,2025-07,1860,1891,6318.7,11948662
2025,7,1,2025-07,1861,2181,6482.85,14139096
2025,7,1,2025-07,1862,1280,4975.63,6368806
2025,7,1,2025-07,1863,1650,4124.61,6805606
2025,7,1,2025-07,1864,1710,6548.48,11197901
2025,7,1,2025-07,1865,1352,5946.06,8039073
2025,7,1,2025-07,1866,1772,7043.6,12481259
2025,7,1,2025-07,1867,1185,6984.71,8276881
2025,7,1,2025-07,1868,888,7055.66,6265426
2025,7,1,2025-07,1869,1021,5834.7,5957229
2025,7,1,2025-07,1870,2118,5276.2,11174992
2025,7,1,2025-07,1871,1375,6910.24,9501580
2025,7,1,2025-07,1872,1116,5640.93,6295278
2025,7,1,2025-07,1873,1870,4755.87,8893477
2025,7,1,2025-07,1874,1560,7193.2,11221392
2025,7,1,2025-07,1875,623,7161.97,4461907
2025,7,1,2025-07,1876,1158,5683.58,6581586
2025,7,1,2025-07,1877,2043,4352.45,8892055
2025,7,1,2025-07,1878,962,5422.33,5216281
2025,7,1,2025-07,1879,2161,6950.96,15021025
2025,7,1,2025-07,1880,1255,7318.77,9185056
2025,7,1,2025-07,1881,862,4797.28,4135255
2025,7,1,2025-07,1882,639,4257.06,2720261
2025,7,1,2025-07,1883,2066,7290.13,15061409
2025,7,1,2025-07,1884,1607,5429.17,8724676
2025,7,1,2025-07,1885,1685,6063.3,10216660
2025,7,1,2025-07,1886,511,7522.02,3843752
2025,7,1,2025-07,1887,2170,4371.93,9487088
2025,7,1,2025-07,1888,2172,6362.59,13819545
2025,7,1,2025-07,1889,1439,4367.25,6284473
2025,7,1,2025-07,1890,1033,5453.94,5633920
2025,7,1,2025-07,1891,1674,6919.75,11583662
2025,7,1,2025-07,1892,1263,5653.76,7140699
2025,7,1,2025-07,1893,1440,7620.32,10973261
2025,7,1,2025-07,1894,1649,6074.97,10017626
2025,7,1,2025-07,1895,1805,5161.93,9317284
2025,7,1,2025-07,1896,2326,4817.82,11206249
2025,7,1,2025-07,1897,1304,5358.78,6987849
2025,7,1,2025-07,1898,2005,5409.93,10846910
2025,7,1,2025-07,1899,1892,4352.06,8234098
2025,7,1,2025-07,1900,880,5391.87,4744846
2025,7,1,2025-07,1901,1305,5736.95,7486720
2025,7,1,2025-07,1902,1578,6678.79,10539131
2025,7,1,2025-07,1903,1807,6347.04,11469101
2025,7,1,2025-07,1904,973,6602.29,6424028
2025,7,1,2025-07,1905,685,4097.96,2807103
2025,7,1,2025-07,1906,888,4847.24,4304349
2025,7,1,2025-07,1907,1494,6489.46,9695253
2025,7,1,2025-07,1908,1312,5743.15,7535013
2025,7,1,2025-07,1909,670,4046.72,2711302
2025,7,1,2025-07,1910,1481,6955.54,10301155
2025,7,1,2025-07,1911,1921,6833.17,13126520
2025,7,1,2025-07,1912,655,6086.82,3986867
2025,7,1,2025-07,1913,1953,4314.29,8425808
2025,7,1,2025-07,1914,1731,6865.71,11884544
2025,7,1,2025-07,1915,844,6150.64,5191140
2025,7,1,2025-07,1916,764,6809.79,5202680
2025,7,1,2025-07,1917,791,6741.8,5332764
2025,7,1,2025-07,1918,1667,6958.74,11600220
2025,7,1,2025-07,1919,983,5909.85,5809383
2025,7,1,2025-07,1920,1577,4524.91,7135783
2025,7,1,2025-07,1921,1060,6494.41,6884075
2025,7,1,2025-07,1922,2143,6326.92,13558590
2025,7,1,2025-07,1923,1259,6743.62,8490218
2025,7,1,2025-07,1924,1426,4649.6,6630330
2025,7,1,2025-07,1925,711,4724.9,3359404
2025,7,1,2025-07,1926,1457,7279.95,10606887
2025,7,1,2025-07,1927,1737,6717.67,11668593
2025,7,1,2025-07,1928,2300,7350.16,16905368
2025,7,1,2025-07,1929,1025,6702.3,6869858
2025,7,1,2025-07,1930,2032,6187.14,12572268
2025,7,1,2025-07,1931,1303,6323.87,8240003
2025,7,1,2025-07,1932,1989,7226.83,14374165
2025,7,1,2025-07,1933,1548,6186.36,9576485
2025,7,1,2025-07,1934,2081,6354.76,13224256
2025,7,1,2025-07,1935,2034,4624.13,9405480
2025,7,1,2025-07,1936,1660,5750.22,9545365
2025,7,1,2025-07,1937,2282,6530.43,14902441
2025,7,1,2025-07,1938,733,4967.57,3641229
2025,7,1,2025-07,1939,872,4801.26,4186699
2025,7,1,2025-07,1940,881,5242.37,4618528
2025,7,1,2025-07,1941,690,4942.39,3410249
2025,7,1,2025-07,1942,1187,4842.49,5748036
2025,7,1,2025-07,1943,1606,5689.13,9136743
2025,7,1,2025-07,1944,1040,7303.35,7595484
2025,7,1,2025-07,1945,1691,5798.66,9805534
2025,7,1,2025-07,1946,2080,4724.64,9827251
2025,7,1,2025-07,1947,2134,4312.67,9203238
2025,7,1,2025-07,1948,973,6621.9,6443109
2025,7,1,2025-07,1949,1171,5495.34,6435043
2025,7,1,2025-07,1950,1458,7006.06,10214835
2025,7,1,2025-07,1951,1167,6437.7,7512796
2025,7,1,2025-07,1952,1867,6943.45,12963421
2025,7,1,2025-07,1953,1548,5080.93,7865280
2025,7,1,2025-07,1954,1665,6551.91,10908930
2025,7,1,2025-07,1955,880,5025.68,4422598
2025,7,1,2025-07,1956,1815,7434.51,13493636
2025,7,1,2025-07,1957,1777,6327.72,11244358
2025,7,1,2025-07,1958,2119,5262,11150178
2025,7,1,2025-07,1959,1665,5048.8,8406252
2025,7,1,2025-07,1960,735,4716.96,3466966
2025,7,1,2025-07,1961,1694,6583.14,11151839
2025,7,1,2025-07,1962,2208,4844.68,10697053
2025,7,1,2025-07,1963,2096,6244.31,13088074
2025,7,1,2025-07,1964,767,5033.37,3860595
2025,7,1,2025-07,1965,1949,6434.67,12541172
2025,7,1,2025-07,1966,1392,6895.89,9599079
2025,7,1,2025-07,1967,2158,6781.29,14634024
2025,7,1,2025-07,1968,1347,6921.79,9323651
2025,7,1,2025-07,1969,1064,4740.83,5044243
2025,7,1,2025-07,1970,1822,4411.43,8037625
2025,7,1,2025-07,1971,829,6587.35,5460913
2025,7,1,2025-07,1972,992,5481.1,5437251
2025,7,1,2025-07,1973,1702,5634.49,9589902
2025,7,1,2025-07,1974,1318,4190.94,5523659
2025,7,1,2025-07,1975,1247,5041.48,6286726
2025,7,1,2025-07,1976,2032,4189.6,8513267
2025,7,1,2025-07,1977,1122,7123.03,7992040
2025,7,1,2025-07,1978,1808,4897,8853776
2025,7,1,2025-07,1979,1897,6125.54,11620149
2025,7,1,2025-07,1980,1778,4207.76,7481397
2025,7,1,2025-07,1981,1588,6490.01,10306136
2025,7,1,2025-07,1982,697,5145.37,3586323
2025,7,1,2025-07,1983,1274,7324.43,9331324
2025,7,1,2025-07,1984,742,7288.26,5407889
2025,7,1,2025-07,1985,1930,5267.3,10165889
2025,7,1,2025-07,1986,862,7328.13,6316848
2025,7,1,2025-07,1987,1659,7550.03,12525500
2025,7,1,2025-07,1988,2280,7063.03,16103708
2025,7,1,2025-07,1989,1580,6966.37,11006865
2025,7,1,2025-07,1990,776,4938.73,3832454
2025,7,1,2025-07,1991,1825,6102.66,11137354
2025,7,1,2025-07,1992,846,4307.82,3644416
2025,7,1,2025-07,1993,1094,4329.27,4736221
2025,7,1,2025-07,1994,1554,7561.71,11750897
2025,7,1,2025-07,1995,1158,5254.99,6085278
2025,7,1,2025-07,1996,1371,6757.71,9264820
2025,7,1,2025-07,1997,2199,6970.36,15327822
2025,7,1,2025-07,1998,2379,7097.26,16884382
2025,7,1,2025-07,1999,1405,7628.27,10717719
2025,7,1,2025-07,2000,1531,4904.89,7509387
2025,7,1,2025-07,2001,991,4160.18,4122738
2025,7,1,2025-07,2002,1691,5515.39,9326524
2025,7,1,2025-07,2003,1380,4514.74,6230341
2025,7,1,2025-07,2004,989,4100.52,4055414
2025,7,1,2025-07,2005,1946,5401.39,10511105
2025,7,1,2025-07,2006,2197,6911.87,15185378
2025,7,1,2025-07,2007,1726,6154.9,10623357
2025,7,1,2025-07,2008,1248,5202.59,6492832
2025,7,1,2025-07,2009,986,6450.02,6359720
2025,7,1,2025-07,2010,2130,4926.13,10492657
2025,7,1,2025-07,2011,1836,4121.13,7566395
2025,7,1,2025-07,2012,986,6818.15,6722696
2025,7,1,2025-07,2013,1399,6325.91,8849948
2025,7,1,2025-07,2014,2191,6815.92,14933681
2025,7,1,2025-07,2015,866,4210.3,3646120
2025,7,1,2025-07,2016,2043,7099.69,14504667
2025,7,1,2025-07,2017,1292,6286.31,8121913
2025,7,1,2025-07,2018,2113,6119.3,12930081
2025,7,1,2025-07,2019,2040,6254.13,12758425
2025,7,1,2025-07,2020,1268,7218.51,9153071
2025,7,1,2025-07,2021,574,6127.27,3517053
2025,7,1,2025-07,2022,1784,6106.85,10894620
2025,7,1,2025-07,2023,1615,7676.3,12397224
2025,7,1,2025-07,2024,1684,6754.21,11374090
2025,7,1,2025-07,2025,932,5650.12,5265912
2025,7,1,2025-07,2026,1426,6602.26,9414823
2025,7,1,2025-07,2027,1156,5483.64,6339088
2025,7,1,2025-07,2028,2130,4989.91,10628508
2025,7,1,2025-07,2029,1845,6188.85,11418428
2025,7,1,2025-07,2030,1117,7417.68,8285549
2025,7,1,2025-07,2031,1145,7364.25,8432066
2025,7,1,2025-07,2032,546,5259.97,2871944
2025,7,1,2025-07,2033,990,5945.05,5885600
2025,7,1,2025-07,2034,942,4833.89,4553524
2025,7,1,2025-07,2035,1435,7536.77,10815265
2025,7,1,2025-07,2036,1604,7576.02,12151936
2025,7,1,2025-07,2037,1417,6403.23,9073377
2025,7,1,2025-07,2038,1257,6886.55,8656393
2025,7,1,2025-07,2039,1304,6605.28,8613285
2025,7,1,2025-07,2040,678,6226.78,4221757
2025,7,1,2025-07,2041,1409,4270.73,6017459
2025,7,1,2025-07,2042,1064,5652.96,6014749
2025,7,1,2025-07,2043,1798,6498.59,11684465
2025,7,1,2025-07,2044,840,6563.73,5513533
2025,7,1,2025-07,2045,1719,5316.89,9139734
2025,7,1,2025-07,2046,1921,7486.79,14382124
2025,7,1,2025-07,2047,1600,4691.19,7505904
2025,7,1,2025-07,2048,618,5815.55,3594010
2025,7,1,2025-07,2049,851,6569.33,5590500
2025,7,1,2025-07,2050,2004,6587.3,13200949
2025,7,1,2025-07,2051,2036,6405.9,13042412
2025,7,1,2025-07,2052,998,5029.8,5019740
2025,7,1,2025-07,2053,2054,4605.27,9459225
2025,7,1,2025-07,2054,2364,6313.82,14925870
2025,7,1,2025-07,2055,1166,6237.04,7272389
2025,7,1,2025-07,2056,1029,4765.47,4903669
2025,7,1,2025-07,2057,1836,6615.27,12145636
2025,7,1,2025-07,2058,2003,5674.42,11365863
2025,7,1,2025-07,2059,991,6401.93,6344313
2025,7,1,2025-07,2060,2206,7081.36,15621480
2025,7,1,2025-07,2061,1908,4660.29,8891833
2025,7,1,2025-07,2062,1351,4061.34,5486870
2025,7,1,2025-07,2063,1251,6846.24,8564646
2025,7,1,2025-07,2064,1103,6212.23,6852090
2025,7,1,2025-07,2065,1580,6548.61,10346804
2025,7,1,2025-07,2066,1610,7123.22,11468384
2025,7,1,2025-07,2067,2297,6963.17,15994401
2025,7,1,2025-07,2068,2051,7560.71,15507016
2025,7,1,2025-07,2069,939,6024.02,5656555
2025,7,1,2025-07,2070,1986,5804.37,11527479
2025,7,1,2025-07,2071,1765,5578.74,9846476
2025,7,1,2025-07,2072,1477,4598.01,6791261
2025,7,1,2025-07,2073,908,6075.85,5516872
2025,7,1,2025-07,2074,1221,5028.52,6139823
2025,7,1,2025-07,2075,1710,7409.29,12669886
2025,7,1,2025-07,2076,2289,6146.37,14069041
2025,7,1,2025-07,2077,1945,6133.23,11929132
2025,7,1,2025-07,2078,1934,5295.62,10241729
2025,7,1,2025-07,2079,1375,4291.36,5900620
2025,7,1,2025-07,2080,1935,4203.41,8133598
2025,7,1,2025-07,2081,869,5625.82,4888838
2025,7,1,2025-07,2082,1100,4368.81,4805691
2025,7,1,2025-07,2083,610,6243.19,3808346
2025,7,1,2025-07,2084,2338,7180.57,16788173
2025,8,1,2025-08,1,1788,7125.78,12740895
2025,8,1,2025-08,2,2101,4817.49,10121546
2025,8,1,2025-08,3,1734,4540.52,7873262
2025,8,1,2025-08,4,2019,5026.87,10149251
2025,8,1,2025-08,5,1972,4228.01,8337636
2025,8,1,2025-08,6,1934,5984.41,11573849
2025,8,1,2025-08,7,1855,7450.63,13820919
2025,8,1,2025-08,8,917,4266.39,3912280
2025,8,1,2025-08,9,1307,4539.36,5932944
2025,8,1,2025-08,10,1894,5705.4,10806028
2025,8,1,2025-08,11,940,7442.83,6996260
2025,8,1,2025-08,12,2167,5226.55,11325934
2025,8,1,2025-08,13,742,5864.98,4351815
2025,8,1,2025-08,14,2295,4211.1,9664474
2025,8,1,2025-08,15,1799,4540.88,8169043
2025,8,1,2025-08,16,1689,7597.99,12833005
2025,8,1,2025-08,17,867,7513.77,6514439
2025,8,1,2025-08,18,2129,4047.92,8618022
2025,8,1,2025-08,19,1592,7459.99,11876304
2025,8,1,2025-08,20,1171,6318.7,7399198
2025,8,1,2025-08,21,2328,7152.98,16652137
2025,8,1,2025-08,22,1628,5710.4,9296531
2025,8,1,2025-08,23,1065,5917.35,6301978
2025,8,1,2025-08,24,2204,5838.15,12867283
2025,8,1,2025-08,25,1767,6466.19,11425758
2025,8,1,2025-08,26,1349,4594.28,6197684
2025,8,1,2025-08,27,2056,4143.97,8520002
2025,8,1,2025-08,28,1253,5136.5,6436034
2025,8,1,2025-08,29,2125,6573.75,13969219
2025,8,1,2025-08,30,877,4781.96,4193779
2025,8,1,2025-08,31,889,6485.93,5765992
2025,8,1,2025-08,32,1426,7610.01,10851874
2025,8,1,2025-08,33,1397,4418.9,6173203
2025,8,1,2025-08,34,1205,6461.79,7786457
2025,8,1,2025-08,35,1813,5721.12,10372391
2025,8,1,2025-08,36,1262,7204.03,9091486
2025,8,1,2025-08,37,2266,4683.27,10612290
2025,8,1,2025-08,38,1592,6660.58,10603643
2025,8,1,2025-08,39,1920,7071.64,13577549
2025,8,1,2025-08,40,766,7533.1,5770355
2025,8,1,2025-08,41,1783,6556.59,11690400
2025,8,1,2025-08,42,1521,5788.59,8804445
2025,8,1,2025-08,43,1673,6171.97,10325706
2025,8,1,2025-08,44,1382,7304.45,10094750
2025,8,1,2025-08,45,1914,6143.61,11758870
2025,8,1,2025-08,46,1720,4176.78,7184062
2025,8,1,2025-08,47,1798,7424.34,13348963
2025,8,1,2025-08,48,1574,6564.58,10332649
2025,8,1,2025-08,49,579,6459.13,3739836
2025,8,1,2025-08,50,1692,4814.99,8146963
2025,8,1,2025-08,51,1091,6466,7054406
2025,8,1,2025-08,52,1931,5380.54,10389823
2025,8,1,2025-08,53,1151,6443.11,7416020
2025,8,1,2025-08,54,1632,4453.42,7267981
2025,8,1,2025-08,55,977,6465.65,6316940
2025,8,1,2025-08,56,787,7662.72,6030561
2025,8,1,2025-08,57,971,4219.96,4097581
2025,8,1,2025-08,58,1517,7599.59,11528578
2025,8,1,2025-08,59,1892,5587.33,10571228
2025,8,1,2025-08,60,1465,7198.2,10545363
2025,8,1,2025-08,61,1550,6810.67,10556538
2025,8,1,2025-08,62,2216,6084.34,13482897
2025,8,1,2025-08,63,872,6734.02,5872065
2025,8,1,2025-08,64,2256,7255.81,16369107
2025,8,1,2025-08,65,1721,5496.71,9459838
2025,8,1,2025-08,66,2193,5282.36,11584215
2025,8,1,2025-08,67,2142,6558.55,14048414
2025,8,1,2025-08,68,1354,6928.51,9381203
2025,8,1,2025-08,69,1625,6847.93,11127886
2025,8,1,2025-08,70,928,6993.88,6490321
2025,8,1,2025-08,71,876,5679.54,4975277
2025,8,1,2025-08,72,1804,7076.58,12766150
2025,8,1,2025-08,73,2049,4523.8,9269266
2025,8,1,2025-08,74,1804,5969.92,10769736
2025,8,1,2025-08,75,1892,4089.77,7737845
2025,8,1,2025-08,76,2340,5176.44,12112870
2025,8,1,2025-08,77,1353,5386.55,7288002
2025,8,1,2025-08,78,2017,5471.32,11035652
2025,8,1,2025-08,79,2343,6627.15,15527412
2025,8,1,2025-08,80,1482,5459.69,8091261
2025,8,1,2025-08,81,1082,5696.56,6163678
2025,8,1,2025-08,82,1748,4988.64,8720143
2025,8,1,2025-08,83,740,5342.12,3953169
2025,8,1,2025-08,84,897,4978.79,4465975
2025,8,1,2025-08,85,1766,4346.32,7675601
2025,8,1,2025-08,86,901,6229.23,5612536
2025,8,1,2025-08,87,1497,6449.37,9654707
2025,8,1,2025-08,88,1957,6277.79,12285635
2025,8,1,2025-08,89,1300,5803.82,7544966
2025,8,1,2025-08,90,2286,5433.22,12420341
2025,8,1,2025-08,91,2338,7167.66,16757989
2025,8,1,2025-08,92,1877,5917.41,11106979
2025,8,1,2025-08,93,1092,5808.26,6342620
2025,8,1,2025-08,94,1480,4150.17,6142252
2025,8,1,2025-08,95,1230,5275.03,6488287
2025,8,1,2025-08,96,1441,5452.18,7856591
2025,8,1,2025-08,97,2002,5538.61,11088297
2025,8,1,2025-08,98,1521,6069.22,9231284
2025,8,1,2025-08,99,741,5997.47,4444125
2025,8,1,2025-08,100,1407,6247.96,8790880
2025,8,1,2025-08,101,1107,6825.71,7556061
2025,8,1,2025-08,102,1177,7039.09,8285009
2025,8,1,2025-08,103,1543,6699.61,10337498
2025,8,1,2025-08,104,1779,7567.16,13461978
2025,8,1,2025-08,105,1980,4142.57,8202289
2025,8,1,2025-08,106,755,4766.65,3598821
2025,8,1,2025-08,107,634,4131.47,2619352
2025,8,1,2025-08,108,1283,6423.46,8241299
2025,8,1,2025-08,109,2205,7308.39,16115000
2025,8,1,2025-08,110,1928,4859.69,9369482
2025,8,1,2025-08,111,1616,7371.24,11911924
2025,8,1,2025-08,112,2243,4338.69,9731682
2025,8,1,2025-08,113,1876,7469.95,14013626
2025,8,1,2025-08,114,1783,5363.07,9562354
2025,8,1,2025-08,115,1277,4452.63,5686009
2025,8,1,2025-08,116,938,5786.77,5427990
2025,8,1,2025-08,117,1192,5011.83,5974101
2025,8,1,2025-08,118,1109,5127.81,5686741
2025,8,1,2025-08,119,1229,5248.77,6450738
2025,8,1,2025-08,120,1008,6907.38,6962639
2025,8,1,2025-08,121,1809,6052.29,10948593
2025,8,1,2025-08,122,770,5260.37,4050485
2025,8,1,2025-08,123,1832,6237.59,11427265
2025,8,1,2025-08,124,736,6663.6,4904410
2025,8,1,2025-08,125,961,4972.49,4778563
2025,8,1,2025-08,126,1453,5581.76,8110297
2025,8,1,2025-08,127,1717,4538.26,7792192
2025,8,1,2025-08,128,1717,4700.45,8070673
2025,8,1,2025-08,129,1988,6506.2,12934326
2025,8,1,2025-08,130,1482,4785.12,7091548
2025,8,1,2025-08,131,1044,5934.51,6195628
2025,8,1,2025-08,132,1498,6644.92,9954090
2025,8,1,2025-08,133,783,4358.07,3412369
2025,8,1,2025-08,134,1459,6079.81,8870443
2025,8,1,2025-08,135,1645,5057.78,8320048
2025,8,1,2025-08,136,1561,7548,11782428
2025,8,1,2025-08,137,1378,5863.52,8079931
2025,8,1,2025-08,138,2494,6961.41,17361757
2025,8,1,2025-08,139,1250,6014.82,7518525
2025,8,1,2025-08,140,1989,4281.04,8514989
2025,8,1,2025-08,141,1941,6401.71,12425719
2025,8,1,2025-08,142,1128,7491.54,8450457
2025,8,1,2025-08,143,1763,6267.54,11049673
2025,8,1,2025-08,144,1346,7038.85,9474292
2025,8,1,2025-08,145,1411,7283.68,10277272
2025,8,1,2025-08,146,1738,4867.97,8460532
2025,8,1,2025-08,147,1251,4865.01,6086128
2025,8,1,2025-08,148,1054,6264.83,6603131
2025,8,1,2025-08,149,1749,5597.14,9789398
2025,8,1,2025-08,150,1758,7084.07,12453795
2025,8,1,2025-08,151,2398,7326.2,17568228
2025,8,1,2025-08,152,1635,5357.22,8759055
2025,8,1,2025-08,153,1749,4863.31,8505929
2025,8,1,2025-08,154,1763,6892.72,12151865
2025,8,1,2025-08,155,1356,5010.48,6794211
2025,8,1,2025-08,156,1732,7061.64,12230760
2025,8,1,2025-08,157,988,5633.79,5566185
2025,8,1,2025-08,158,1360,6440.49,8759066
2025,8,1,2025-08,159,2176,4374.31,9518499
2025,8,1,2025-08,160,1036,6302.84,6529742
2025,8,1,2025-08,161,1344,5699.39,7659980
2025,8,1,2025-08,162,2137,6190.03,13228094
2025,8,1,2025-08,163,1109,4587.49,5087526
2025,8,1,2025-08,164,1827,6704.9,12249852
2025,8,1,2025-08,165,1210,7194.11,8704873
2025,8,1,2025-08,166,2140,4784.46,10238744
2025,8,1,2025-08,167,1986,4425.87,8789778
2025,8,1,2025-08,168,2098,4189.45,8789466
2025,8,1,2025-08,169,1500,6359.03,9538545
2025,8,1,2025-08,170,1203,6259.23,7529854
2025,8,1,2025-08,171,1584,6012.38,9523610
2025,8,1,2025-08,172,1648,4933.46,8130342
2025,8,1,2025-08,173,1410,5506.06,7763545
2025,8,1,2025-08,174,1674,6205.4,10387840
2025,8,1,2025-08,175,1941,5777.91,11214923
2025,8,1,2025-08,176,2230,7573.88,16889752
2025,8,1,2025-08,177,2188,4635.55,10142583
2025,8,1,2025-08,178,2094,6465.29,13538317
2025,8,1,2025-08,179,2353,5580.4,13130681
2025,8,1,2025-08,180,2029,5601.22,11364875
2025,8,1,2025-08,181,988,6671.01,6590958
2025,8,1,2025-08,182,1786,6562.5,11720625
2025,8,1,2025-08,183,2524,7637.32,19276596
2025,8,1,2025-08,184,2336,4560.44,10653188
2025,8,1,2025-08,185,2126,4460.44,9482895
2025,8,1,2025-08,186,1472,6670.53,9819020
2025,8,1,2025-08,187,1494,6262.88,9356743
2025,8,1,2025-08,188,1837,5059.38,9294081
2025,8,1,2025-08,189,2178,4381.85,9543669
2025,8,1,2025-08,190,2238,4407.67,9864365
2025,8,1,2025-08,191,1476,7274.69,10737442
2025,8,1,2025-08,192,2145,4745.94,10180041
2025,8,1,2025-08,193,2220,5237.64,11627561
2025,8,1,2025-08,194,1479,4906.08,7256092
2025,8,1,2025-08,195,1218,5382.1,6555398
2025,8,1,2025-08,196,2122,4370.45,9274095
2025,8,1,2025-08,197,2038,5872.03,11967197
2025,8,1,2025-08,198,1486,4315.72,6413160
2025,8,1,2025-08,199,1328,6898.15,9160743
2025,8,1,2025-08,200,2281,4873.59,11116659
2025,8,1,2025-08,201,2273,5951.56,13527896
2025,8,1,2025-08,202,1930,7294.09,14077594
2025,8,1,2025-08,203,1914,6393.96,12238039
2025,8,1,2025-08,204,1247,6023.89,7511791
2025,8,1,2025-08,205,1472,5292.55,7790634
2025,8,1,2025-08,206,2105,5194.66,10934759
2025,8,1,2025-08,207,1996,6489.73,12953501
2025,8,1,2025-08,208,2211,7538.22,16667004
2025,8,1,2025-08,209,1923,6522.25,12542287
2025,8,1,2025-08,210,1646,6086.09,10017704
2025,8,1,2025-08,211,1815,6725.71,12207164
2025,8,1,2025-08,212,1621,5744.75,9312240
2025,8,1,2025-08,213,926,4286.64,3969429
2025,8,1,2025-08,214,896,6065.8,5434957
2025,8,1,2025-08,215,1528,7534.86,11513266
2025,8,1,2025-08,216,985,4778.34,4706665
2025,8,1,2025-08,217,1698,6560.22,11139254
2025,8,1,2025-08,218,2052,4793.24,9835728
2025,8,1,2025-08,219,1106,6041.59,6681999
2025,8,1,2025-08,220,2078,4510.45,9372715
2025,8,1,2025-08,221,1914,5716.07,10940558
2025,8,1,2025-08,222,2031,6702.29,13612351
2025,8,1,2025-08,223,1343,5281.13,7092558
2025,8,1,2025-08,224,2302,6390.83,14711691
2025,8,1,2025-08,225,868,6931.89,6016881
2025,8,1,2025-08,226,1551,7320.21,11353646
2025,8,1,2025-08,227,2331,4919.25,11466772
2025,8,1,2025-08,228,967,5577.35,5393297
2025,8,1,2025-08,229,2089,4615.29,9641341
2025,8,1,2025-08,230,842,7571.38,6375102
2025,8,1,2025-08,231,1183,7397.24,8750935
2025,8,1,2025-08,232,1528,5998.9,9166319
2025,8,1,2025-08,233,1045,7030.22,7346580
2025,8,1,2025-08,234,1176,5908.67,6948596
2025,8,1,2025-08,235,1764,6322.55,11152978
2025,8,1,2025-08,236,809,4423.34,3578482
2025,8,1,2025-08,237,1851,6782.21,12553871
2025,8,1,2025-08,238,1668,4579.66,7638873
2025,8,1,2025-08,239,849,7067.88,6000630
2025,8,1,2025-08,240,1355,6882.01,9325124
2025,8,1,2025-08,241,1956,6596.94,12903615
2025,8,1,2025-08,242,1906,4212.05,8028167
2025,8,1,2025-08,243,945,5117.29,4835839
2025,8,1,2025-08,244,2219,5050.18,11206349
2025,8,1,2025-08,245,1257,5342.41,6715409
2025,8,1,2025-08,246,2248,4377.22,9839991
2025,8,1,2025-08,247,1521,7402.06,11258533
2025,8,1,2025-08,248,1592,6050.97,9633144
2025,8,1,2025-08,249,1980,5110.59,10118968
2025,8,1,2025-08,250,1124,5460.12,6137175
2025,8,1,2025-08,251,2378,5713.6,13586941
2025,8,1,2025-08,252,756,6297.12,4760623
2025,8,1,2025-08,253,1938,5924,11480712
2025,8,1,2025-08,254,1666,7462.06,12431792
2025,8,1,2025-08,255,1231,5843.82,7193742
2025,8,1,2025-08,256,1841,7675.4,14130411
2025,8,1,2025-08,257,1097,7091.33,7779189
2025,8,1,2025-08,258,1038,4821.14,5004343
2025,8,1,2025-08,259,1579,7412.58,11704464
2025,8,1,2025-08,260,1001,4423.85,4428274
2025,8,1,2025-08,261,1092,7058.41,7707784
2025,8,1,2025-08,262,1098,5458.67,5993620
2025,8,1,2025-08,263,2199,7218.2,15872822
2025,8,1,2025-08,264,1975,7144.39,14110170
2025,8,1,2025-08,265,1123,6949.01,7803738
2025,8,1,2025-08,266,695,6933.21,4818581
2025,8,1,2025-08,267,1238,5182.17,6415526
2025,8,1,2025-08,268,1532,4313.18,6607792
2025,8,1,2025-08,269,1802,5540.06,9983188
2025,8,1,2025-08,270,1709,4732.32,8087535
2025,8,1,2025-08,271,1050,6541.9,6868995
2025,8,1,2025-08,272,1705,5355.59,9131281
2025,8,1,2025-08,273,2414,7594.95,18334209
2025,8,1,2025-08,274,1059,6271.32,6641328
2025,8,1,2025-08,275,1248,7085.36,8842529
2025,8,1,2025-08,276,1588,4527.24,7189257
2025,8,1,2025-08,277,1960,7212.25,14136010
2025,8,1,2025-08,278,1822,7314.45,13326928
2025,8,1,2025-08,279,982,5853.21,5747852
2025,8,1,2025-08,280,2154,6312.77,13597707
2025,8,1,2025-08,281,2025,6743.34,13655264
2025,8,1,2025-08,282,1589,4766.69,7574270
2025,8,1,2025-08,283,1108,5787.86,6412949
2025,8,1,2025-08,284,2141,5527.96,11835362
2025,8,1,2025-08,285,1122,4582.28,5141318
2025,8,1,2025-08,286,918,5339.82,4901955
2025,8,1,2025-08,287,795,4280.9,3403315
2025,8,1,2025-08,288,1887,4163.57,7856657
2025,8,1,2025-08,289,1281,4669.96,5982219
2025,8,1,2025-08,290,1531,7519.93,11513013
2025,8,1,2025-08,291,2334,6053.02,14127749
2025,8,1,2025-08,292,2256,7495.07,16908878
2025,8,1,2025-08,293,711,5565.12,3956800
2025,8,1,2025-08,294,1142,5176.2,5911220
2025,8,1,2025-08,295,2119,5962.43,12634389
2025,8,1,2025-08,296,1928,5601.43,10799557
2025,8,1,2025-08,297,1052,4572.33,4810091
2025,8,1,2025-08,298,2112,6352.24,13415931
2025,8,1,2025-08,299,757,4930.86,3732661
2025,8,1,2025-08,300,785,6336.31,4974003
2025,8,1,2025-08,301,1800,6418.46,11553228
2025,8,1,2025-08,302,1748,4653.36,8134073
2025,8,1,2025-08,303,1256,4296.81,5396793
2025,8,1,2025-08,304,1499,6820.57,10224034
2025,8,1,2025-08,305,1959,5714.04,11193804
2025,8,1,2025-08,306,1771,4280.14,7580128
2025,8,1,2025-08,307,975,7611.88,7421583
2025,8,1,2025-08,308,1714,4312.68,7391934
2025,8,1,2025-08,309,1349,6575.32,8870107
2025,8,1,2025-08,310,2377,7669.92,18231400
2025,8,1,2025-08,311,1540,4985.92,7678317
2025,8,1,2025-08,312,2267,4583.99,10391905
2025,8,1,2025-08,313,1875,4511.71,8459456
2025,8,1,2025-08,314,2160,5179.03,11186705
2025,8,1,2025-08,315,1119,4466.18,4997655
2025,8,1,2025-08,316,1420,6616.68,9395686
2025,8,1,2025-08,317,1900,4235.16,8046804
2025,8,1,2025-08,318,1439,5905.2,8497583
2025,8,1,2025-08,319,1409,7660.04,10792996
2025,8,1,2025-08,320,1661,7004.31,11634159
2025,8,1,2025-08,321,1367,6242.69,8533757
2025,8,1,2025-08,322,2181,5222.68,11390665
2025,8,1,2025-08,323,1610,6313.82,10165250
2025,8,1,2025-08,324,1532,5934.18,9091164
2025,8,1,2025-08,325,845,5569.7,4706396
2025,8,1,2025-08,326,1173,4495.5,5273222
2025,8,1,2025-08,327,2412,7205.83,17380462
2025,8,1,2025-08,328,1409,5664.15,7980787
2025,8,1,2025-08,329,998,4774.25,4764702
2025,8,1,2025-08,330,2161,5337.13,11533538
2025,8,1,2025-08,331,719,5599.83,4026278
2025,8,1,2025-08,332,981,6964,6831684
2025,8,1,2025-08,333,1967,6684.68,13148766
2025,8,1,2025-08,334,1545,6832.78,10556645
2025,8,1,2025-08,335,1002,4118.73,4126967
2025,8,1,2025-08,336,1693,5647.07,9560490
2025,8,1,2025-08,337,1776,5825.59,10346248
2025,8,1,2025-08,338,1107,4093.32,4531305
2025,8,1,2025-08,339,1627,5021.93,8170680
2025,8,1,2025-08,340,1417,6743.57,9555639
2025,8,1,2025-08,341,1265,4629.22,5855963
2025,8,1,2025-08,342,1363,5888.83,8026475
2025,8,1,2025-08,343,2066,4830.05,9978883
2025,8,1,2025-08,344,1931,4131.96,7978815
2025,8,1,2025-08,345,614,4884.1,2998837
2025,8,1,2025-08,346,1912,7617.28,14564239
2025,8,1,2025-08,347,1956,7003.07,13698005
2025,8,1,2025-08,348,934,7485.1,6991083
2025,8,1,2025-08,349,1279,5805.49,7425222
2025,8,1,2025-08,350,1973,4430.59,8741554
2025,8,1,2025-08,351,2199,6063.62,13333900
2025,8,1,2025-08,352,1675,5695.2,9539460
2025,8,1,2025-08,353,978,7043.8,6888836
2025,8,1,2025-08,354,1801,4523.02,8145959
2025,8,1,2025-08,355,984,5902.31,5807873
2025,8,1,2025-08,356,2257,4707.54,10624918
2025,8,1,2025-08,357,1214,5169.39,6275639
2025,8,1,2025-08,358,988,6767.08,6685875
2025,8,1,2025-08,359,899,5798.47,5212825
2025,8,1,2025-08,360,1420,5444.83,7731659
2025,8,1,2025-08,361,1966,5431.55,10678427
2025,8,1,2025-08,362,1254,5679.51,7122106
2025,8,1,2025-08,363,1725,6859.98,11833466
2025,8,1,2025-08,364,2081,7272.08,15133198
2025,8,1,2025-08,365,1243,7482.52,9300772
2025,8,1,2025-08,366,1024,6894.25,7059712
2025,8,1,2025-08,367,1808,5188.91,9381549
2025,8,1,2025-08,368,1717,6503.66,11166784
2025,8,1,2025-08,369,2155,5657.77,12192494
2025,8,1,2025-08,370,2008,4997.86,10035703
2025,8,1,2025-08,371,2307,7091.09,16359145
2025,8,1,2025-08,372,1064,4258.44,4530980
2025,8,1,2025-08,373,908,7298.17,6626738
2025,8,1,2025-08,374,1323,5737.35,7590514
2025,8,1,2025-08,375,1397,6365.76,8892967
2025,8,1,2025-08,376,2338,6349.78,14845786
2025,8,1,2025-08,377,1548,7320.81,11332614
2025,8,1,2025-08,378,1195,6333.3,7568294
2025,8,1,2025-08,379,2140,6302.56,13487478
2025,8,1,2025-08,380,1550,4328.37,6708974
2025,8,1,2025-08,381,1823,5901.13,10757760
2025,8,1,2025-08,382,954,4642.89,4429317
2025,8,1,2025-08,383,1161,6667.12,7740526
2025,8,1,2025-08,384,2325,5919.78,13763488
2025,8,1,2025-08,385,1573,6498.76,10222549
2025,8,1,2025-08,386,1921,4272.52,8207511
2025,8,1,2025-08,387,2219,4435.22,9841753
2025,8,1,2025-08,388,1017,6638.04,6750887
2025,8,1,2025-08,389,2027,4329.47,8775836
2025,8,1,2025-08,390,1944,4263.25,8287758
2025,8,1,2025-08,391,2307,4102.25,9463891
2025,8,1,2025-08,392,1610,7490.08,12059029
2025,8,1,2025-08,393,1431,6693.03,9577726
2025,8,1,2025-08,394,1886,5367.76,10123595
2025,8,1,2025-08,395,1091,5139.8,5607522
2025,8,1,2025-08,396,1200,5355.22,6426264
2025,8,1,2025-08,397,1473,6786.21,9996087
2025,8,1,2025-08,398,1656,6456.72,10692328
2025,8,1,2025-08,399,895,4726,4229770
2025,8,1,2025-08,400,1256,4734.8,5946909
2025,8,1,2025-08,401,688,4460.32,3068700
2025,8,1,2025-08,402,981,6444.7,6322251
2025,8,1,2025-08,403,1289,6837.78,8813898
2025,8,1,2025-08,404,1296,4880.55,6325193
2025,8,1,2025-08,405,1322,4202.11,5555189
2025,8,1,2025-08,406,1887,4417.11,8335087
2025,8,1,2025-08,407,1455,7604.78,11064955
2025,8,1,2025-08,408,2083,5078.55,10578620
2025,8,1,2025-08,409,1857,6794.82,12617981
2025,8,1,2025-08,410,1983,6264.99,12423475
2025,8,1,2025-08,411,1691,5491.01,9285298
2025,8,1,2025-08,412,1619,4804.58,7778615
2025,8,1,2025-08,413,1657,4526.39,7500228
2025,8,1,2025-08,414,1014,6298.53,6386709
2025,8,1,2025-08,415,1053,6880.97,7245661
2025,8,1,2025-08,416,2041,6346,12952186
2025,8,1,2025-08,417,2079,5952.68,12375622
2025,8,1,2025-08,418,1040,4215.45,4384068
2025,8,1,2025-08,419,1010,7589.48,7665375
2025,8,1,2025-08,420,1304,6941.71,9051990
2025,8,1,2025-08,421,2335,5196.52,12133874
2025,8,1,2025-08,422,1060,7529.48,7981249
2025,8,1,2025-08,423,1529,6265.57,9580057
2025,8,1,2025-08,424,1569,6187.9,9708815
2025,8,1,2025-08,425,1760,6759.81,11897266
2025,8,1,2025-08,426,1889,6960.75,13148857
2025,8,1,2025-08,427,1173,6418.28,7528642
2025,8,1,2025-08,428,1388,4569.22,6342077
2025,8,1,2025-08,429,1797,5285.33,9497738
2025,8,1,2025-08,430,966,7373.67,7122965
2025,8,1,2025-08,431,1705,4920.97,8390254
2025,8,1,2025-08,432,1796,5420.32,9734895
2025,8,1,2025-08,433,750,5705.34,4279005
2025,8,1,2025-08,434,1861,5637.79,10491927
2025,8,1,2025-08,435,2026,6321.12,12806589
2025,8,1,2025-08,436,1732,7464.28,12928133
2025,8,1,2025-08,437,1412,4980.25,7032113
2025,8,1,2025-08,438,1510,4496.89,6790304
2025,8,1,2025-08,439,1756,4764.03,8365637
2025,8,1,2025-08,440,2128,7316.94,15570448
2025,8,1,2025-08,441,715,6408.82,4582306
2025,8,1,2025-08,442,1791,5107.88,9148213
2025,8,1,2025-08,443,1685,6943.17,11699241
2025,8,1,2025-08,444,1669,7139.89,11916476
2025,8,1,2025-08,445,1484,7068.42,10489535
2025,8,1,2025-08,446,908,7394.13,6713870
2025,8,1,2025-08,447,1006,5000.74,5030744
2025,8,1,2025-08,448,1419,6804.37,9655401
2025,8,1,2025-08,449,1903,5757.93,10957341
2025,8,1,2025-08,450,1456,7120.61,10367608
2025,8,1,2025-08,451,767,6745.7,5173952
2025,8,1,2025-08,452,1627,6858.5,11158780
2025,8,1,2025-08,453,1906,6444.77,12283732
2025,8,1,2025-08,454,2186,4734.77,10350207
2025,8,1,2025-08,455,1363,6064.28,8265614
2025,8,1,2025-08,456,2172,7629.96,16572273
2025,8,1,2025-08,457,1086,7438.81,8078548
2025,8,1,2025-08,458,1337,4192.96,5605988
2025,8,1,2025-08,459,2059,4644.6,9563231
2025,8,1,2025-08,460,2182,4551.66,9931722
2025,8,1,2025-08,461,1793,6681.38,11979714
2025,8,1,2025-08,462,1759,7020.85,12349675
2025,8,1,2025-08,463,1182,4836.55,5716802
2025,8,1,2025-08,464,1315,5948.01,7821633
2025,8,1,2025-08,465,1528,7099.02,10847303
2025,8,1,2025-08,466,1955,6614.81,12931954
2025,8,1,2025-08,467,2015,6009.74,12109626
2025,8,1,2025-08,468,1486,6179.96,9183421
2025,8,1,2025-08,469,1317,5916.25,7791701
2025,8,1,2025-08,470,2139,5149.88,11015593
2025,8,1,2025-08,471,1672,6114.28,10223076
2025,8,1,2025-08,472,1818,6604.81,12007545
2025,8,1,2025-08,473,2135,7221.5,15417902
2025,8,1,2025-08,474,1423,6510.54,9264498
2025,8,1,2025-08,475,2027,6848.76,13882437
2025,8,1,2025-08,476,1320,4655.97,6145880
2025,8,1,2025-08,477,1383,5755.21,7959455
2025,8,1,2025-08,478,1645,4213.96,6931964
2025,8,1,2025-08,479,1072,4897.24,5249841
2025,8,1,2025-08,480,1875,6725.19,12609731
2025,8,1,2025-08,481,945,7688.5,7265632
2025,8,1,2025-08,482,2287,4403.37,10070507
2025,8,1,2025-08,483,1982,5496.09,10893250
2025,8,1,2025-08,484,1930,6924.01,13363339
2025,8,1,2025-08,485,1402,4890.73,6856803
2025,8,1,2025-08,486,2068,6075.49,12564113
2025,8,1,2025-08,487,2022,6672.34,13491471
2025,8,1,2025-08,488,1816,6210.75,11278722
2025,8,1,2025-08,489,1692,4801.22,8123664
2025,8,1,2025-08,490,1696,5361.09,9092409
2025,8,1,2025-08,491,792,6932.55,5490580
2025,8,1,2025-08,492,1690,6082.51,10279442
2025,8,1,2025-08,493,1922,4164.97,8005072
2025,8,1,2025-08,494,1382,6726.16,9295553
2025,8,1,2025-08,495,2091,4241,8867931
2025,8,1,2025-08,496,1745,6762.1,11799864
2025,8,1,2025-08,497,974,4791.33,4666755
2025,8,1,2025-08,498,1364,7525.51,10264796
2025,8,1,2025-08,499,1282,5383.33,6901429
2025,8,1,2025-08,500,1219,5260.26,6412257
2025,8,1,2025-08,501,1105,4570.69,5050612
2025,8,1,2025-08,502,2397,5202.46,12470297
2025,8,1,2025-08,503,1947,7250.76,14117230
2025,8,1,2025-08,504,1176,7692.69,9046603
2025,8,1,2025-08,505,762,5343.65,4071861
2025,8,1,2025-08,506,1165,5626.71,6555117
2025,8,1,2025-08,507,1856,6619.13,12285105
2025,8,1,2025-08,508,1612,7318.63,11797632
2025,8,1,2025-08,509,1921,6199.08,11908433
2025,8,1,2025-08,510,2027,5500.43,11149372
2025,8,1,2025-08,511,1520,5600.22,8512334
2025,8,1,2025-08,512,1097,6536.15,7170157
2025,8,1,2025-08,513,1514,4102.89,6211775
2025,8,1,2025-08,514,1937,6258.31,12122346
2025,8,1,2025-08,515,2059,5288.8,10889639
2025,8,1,2025-08,516,1424,6967.56,9921805
2025,8,1,2025-08,517,1657,4412.4,7311347
2025,8,1,2025-08,518,1548,6213.87,9619071
2025,8,1,2025-08,519,1217,5847.59,7116517
2025,8,1,2025-08,520,1117,6330.04,7070655
2025,8,1,2025-08,521,1496,4291.96,6420772
2025,8,1,2025-08,522,1657,6233.2,10328412
2025,8,1,2025-08,523,879,6113.35,5373635
2025,8,1,2025-08,524,2090,6038.74,12620967
2025,8,1,2025-08,525,1571,6206.67,9750679
2025,8,1,2025-08,526,1475,6471.01,9544740
2025,8,1,2025-08,527,1260,6974.18,8787467
2025,8,1,2025-08,528,1440,5051.29,7273858
2025,8,1,2025-08,529,1387,7077.64,9816687
2025,8,1,2025-08,530,2401,5892.91,14148877
2025,8,1,2025-08,531,2172,4321.6,9386515
2025,8,1,2025-08,532,2099,4358.7,9148911
2025,8,1,2025-08,533,2097,5298.3,11110535
2025,8,1,2025-08,534,1934,6976.48,13492512
2025,8,1,2025-08,535,1263,6581.02,8311828
2025,8,1,2025-08,536,1203,6810.99,8193621
2025,8,1,2025-08,537,837,5957.69,4986587
2025,8,1,2025-08,538,2281,5648.15,12883430
2025,8,1,2025-08,539,2087,4632.84,9668737
2025,8,1,2025-08,540,1376,5250.05,7224069
2025,8,1,2025-08,541,1460,5691.26,8309240
2025,8,1,2025-08,542,698,4392.32,3065839
2025,8,1,2025-08,543,1680,4887.43,8210882
2025,8,1,2025-08,544,1553,6251.39,9708409
2025,8,1,2025-08,545,945,6724.39,6354549
2025,8,1,2025-08,546,1583,7686.28,12167381
2025,8,1,2025-08,547,1382,7440.27,10282453
2025,8,1,2025-08,548,1886,6381.12,12034792
2025,8,1,2025-08,549,1873,5608.98,10505620
2025,8,1,2025-08,550,1190,6355.36,7562878
2025,8,1,2025-08,551,916,6878.92,6301091
2025,8,1,2025-08,552,1406,4531.56,6371373
2025,8,1,2025-08,553,2083,5655.48,11780365
2025,8,1,2025-08,554,1591,7101.5,11298486
2025,8,1,2025-08,555,2007,5466.69,10971647
2025,8,1,2025-08,556,1035,6102.51,6316098
2025,8,1,2025-08,557,2157,6179.6,13329397
2025,8,1,2025-08,558,2350,4729.52,11114372
2025,8,1,2025-08,559,1370,5409.59,7411138
2025,8,1,2025-08,560,2414,5287.69,12764484
2025,8,1,2025-08,561,1757,4248.83,7465194
2025,8,1,2025-08,562,1536,4128.68,6341652
2025,8,1,2025-08,563,1386,7047.38,9767669
2025,8,1,2025-08,564,2264,5037.59,11405104
2025,8,1,2025-08,565,1184,5827.96,6900305
2025,8,1,2025-08,566,1906,5095.38,9711794
2025,8,1,2025-08,567,893,7436.6,6640884
2025,8,1,2025-08,568,1586,5019.84,7961466
2025,8,1,2025-08,569,1903,5631.85,10717411
2025,8,1,2025-08,570,1736,7228.36,12548433
2025,8,1,2025-08,571,1838,7045.74,12950070
2025,8,1,2025-08,572,734,4722.67,3466440
2025,8,1,2025-08,573,1355,6996.61,9480407
2025,8,1,2025-08,574,2070,5771.77,11947564
2025,8,1,2025-08,575,799,5855.72,4678720
2025,8,1,2025-08,576,2211,4573.86,10112804
2025,8,1,2025-08,577,1228,4302.15,5283040
2025,8,1,2025-08,578,1086,6745.63,7325754
2025,8,1,2025-08,579,1561,5820.35,9085566
2025,8,1,2025-08,580,1596,5682.19,9068775
2025,8,1,2025-08,581,1987,6674.03,13261298
2025,8,1,2025-08,582,734,6826.68,5010783
2025,8,1,2025-08,583,1501,4617.1,6930267
2025,8,1,2025-08,584,1652,6260.41,10342197
2025,8,1,2025-08,585,2096,4520.4,9474758
2025,8,1,2025-08,586,1190,6731.26,8010199
2025,8,1,2025-08,587,1476,6408.27,9458607
2025,8,1,2025-08,588,1899,7421.41,14093258
2025,8,1,2025-08,589,1012,4298.02,4349596
2025,8,1,2025-08,590,1243,4225.33,5252085
2025,8,1,2025-08,591,1105,5048.37,5578449
2025,8,1,2025-08,592,1973,4971.75,9809263
2025,8,1,2025-08,593,586,5031.55,2948488
2025,8,1,2025-08,594,1105,7261.31,8023748
2025,8,1,2025-08,595,1290,4980.51,6424858
2025,8,1,2025-08,596,1627,5075.74,8258229
2025,8,1,2025-08,597,1243,6791.45,8441772
2025,8,1,2025-08,598,2292,5725.37,13122548
2025,8,1,2025-08,599,1480,6839.1,10121868
2025,8,1,2025-08,600,2293,4325.02,9917271
2025,8,1,2025-08,601,1138,5824.29,6628042
2025,8,1,2025-08,602,1798,4181.94,7519128
2025,8,1,2025-08,603,1806,4335.23,7829425
2025,8,1,2025-08,604,2146,7322.68,15714471
2025,8,1,2025-08,605,1161,4574.31,5310774
2025,8,1,2025-08,606,1770,5931.07,10497994
2025,8,1,2025-08,607,1761,5538.09,9752576
2025,8,1,2025-08,608,1803,5319.47,9591004
2025,8,1,2025-08,609,2304,7365.18,16969375
2025,8,1,2025-08,610,1938,4138.45,8020316
2025,8,1,2025-08,611,1802,6496.44,11706585
2025,8,1,2025-08,612,1450,7524.7,10910815
2025,8,1,2025-08,613,1909,6042.32,11534789
2025,8,1,2025-08,614,724,7492.13,5424302
2025,8,1,2025-08,615,1770,4276.16,7568803
2025,8,1,2025-08,616,2295,5546.84,12729998
2025,8,1,2025-08,617,1766,5044.72,8908976
2025,8,1,2025-08,618,1129,6766.06,7638882
2025,8,1,2025-08,619,1990,7538.42,15001456
2025,8,1,2025-08,620,1594,5039.39,8032788
2025,8,1,2025-08,621,1967,6360.34,12510789
2025,8,1,2025-08,622,2050,4715.27,9666304
2025,8,1,2025-08,623,2088,6043.27,12618348
2025,8,1,2025-08,624,1761,5733.88,10097363
2025,8,1,2025-08,625,922,7577.44,6986400
2025,8,1,2025-08,626,1306,6238.28,8147194
2025,8,1,2025-08,627,1558,5286.23,8235946
2025,8,1,2025-08,628,1435,4507.35,6468047
2025,8,1,2025-08,629,1839,4633.53,8521062
2025,8,1,2025-08,630,1826,4890.31,8929706
2025,8,1,2025-08,631,1619,5021.33,8129533
2025,8,1,2025-08,632,1090,7128.73,7770316
2025,8,1,2025-08,633,1771,6149.76,10891225
2025,8,1,2025-08,634,1843,5863.02,10805546
2025,8,1,2025-08,635,2110,4435.31,9358504
2025,8,1,2025-08,636,1984,7203.05,14290851
2025,8,1,2025-08,637,2195,6582.31,14448170
2025,8,1,2025-08,638,1010,4365.38,4409034
2025,8,1,2025-08,639,2491,6664.87,16602191
2025,8,1,2025-08,640,1781,6010.78,10705199
2025,8,1,2025-08,641,1409,4396.76,6195035
2025,8,1,2025-08,642,1334,5719.92,7630373
2025,8,1,2025-08,643,1620,5830.55,9445491
2025,8,1,2025-08,644,851,4604.6,3918515
2025,8,1,2025-08,645,2159,7500.2,16192932
2025,8,1,2025-08,646,2212,7098.1,15700997
2025,8,1,2025-08,647,999,6424.4,6417976
2025,8,1,2025-08,648,2330,5660.64,13189291
2025,8,1,2025-08,649,2356,5546.67,13067955
2025,8,1,2025-08,650,1362,6393.68,8708192
2025,8,1,2025-08,651,1371,6020.86,8254599
2025,8,1,2025-08,652,2040,4287.36,8746214
2025,8,1,2025-08,653,862,5865.42,5055992
2025,8,1,2025-08,654,2002,7037.58,14089235
2025,8,1,2025-08,655,1951,5712.86,11145790
2025,8,1,2025-08,656,1744,4312.9,7521698
2025,8,1,2025-08,657,2173,6855.18,14896306
2025,8,1,2025-08,658,2284,4925.9,11250756
2025,8,1,2025-08,659,1253,5043.08,6318979
2025,8,1,2025-08,660,1902,4745.88,9026664
2025,8,1,2025-08,661,2302,5319.71,12245972
2025,8,1,2025-08,662,1089,6811.74,7417985
2025,8,1,2025-08,663,979,5955.26,5830200
2025,8,1,2025-08,664,1404,4804.33,6745279
2025,8,1,2025-08,665,786,7236.96,5688251
2025,8,1,2025-08,666,2221,7197.36,15985337
2025,8,1,2025-08,667,2358,7223.32,17032589
2025,8,1,2025-08,668,897,4885.53,4382320
2025,8,1,2025-08,669,1377,5713.85,7867971
2025,8,1,2025-08,670,1482,7577.91,11230463
2025,8,1,2025-08,671,2132,6897.14,14704702
2025,8,1,2025-08,672,1837,4125.8,7579095
2025,8,1,2025-08,673,1271,4250.22,5402030
2025,8,1,2025-08,674,1200,5755.22,6906264
2025,8,1,2025-08,675,1598,7280.61,11634415
2025,8,1,2025-08,676,1680,6016.04,10106947
2025,8,1,2025-08,677,2131,5902.62,12578483
2025,8,1,2025-08,678,1786,4462.83,7970614
2025,8,1,2025-08,679,1251,6387.62,7990913
2025,8,1,2025-08,680,1002,6990.81,7004792
2025,8,1,2025-08,681,935,5478.16,5122080
2025,8,1,2025-08,682,1438,6869.13,9877809
2025,8,1,2025-08,683,1898,7514.41,14262350
2025,8,1,2025-08,684,1929,4847.15,9350152
2025,8,1,2025-08,685,2066,5897.18,12183574
2025,8,1,2025-08,686,1601,5151.97,8248304
2025,8,1,2025-08,687,1694,6952.82,11778077
2025,8,1,2025-08,688,1915,6105.52,11692071
2025,8,1,2025-08,689,2044,6360.79,13001455
2025,8,1,2025-08,690,1036,6916.84,7165846
2025,8,1,2025-08,691,836,5551.28,4640870
2025,8,1,2025-08,692,1409,7439.37,10482072
2025,8,1,2025-08,693,1610,5916.83,9526096
2025,8,1,2025-08,694,887,4657.97,4131619
2025,8,1,2025-08,695,1552,6561.62,10183634
2025,8,1,2025-08,696,1903,6881.4,13095304
2025,8,1,2025-08,697,958,5173.98,4956673
2025,8,1,2025-08,698,1664,7136.7,11875469
2025,8,1,2025-08,699,2093,7291.7,15261528
2025,8,1,2025-08,700,920,5120.95,4711274
2025,8,1,2025-08,701,1808,7635.56,13805092
2025,8,1,2025-08,702,2283,4574.02,10442488
2025,8,1,2025-08,703,2040,4812.95,9818418
2025,8,1,2025-08,704,2143,4725.44,10126618
2025,8,1,2025-08,705,2227,7264.43,16177886
2025,8,1,2025-08,706,1215,6395.31,7770302
2025,8,1,2025-08,707,2090,4561.59,9533723
2025,8,1,2025-08,708,1948,5682.26,11069042
2025,8,1,2025-08,709,1919,6222.87,11941688
2025,8,1,2025-08,710,2169,4384.23,9509395
2025,8,1,2025-08,711,2372,7214.77,17113434
2025,8,1,2025-08,712,1956,7024.36,13739648
2025,8,1,2025-08,713,1596,5918.61,9446102
2025,8,1,2025-08,714,1129,7515.85,8485395
2025,8,1,2025-08,715,1719,5583.91,9598741
2025,8,1,2025-08,716,1752,7531.05,13194400
2025,8,1,2025-08,717,1982,6448.66,12781244
2025,8,1,2025-08,718,1468,6321.58,9280079
2025,8,1,2025-08,719,1645,4725.45,7773365
2025,8,1,2025-08,720,1645,7199,11842355
2025,8,1,2025-08,721,1154,5599.14,6461408
2025,8,1,2025-08,722,1510,4701.68,7099537
2025,8,1,2025-08,723,2224,4108.51,9137326
2025,8,1,2025-08,724,1483,6093.11,9036082
2025,8,1,2025-08,725,1134,6009.27,6814512
2025,8,1,2025-08,726,2107,6646.42,14004007
2025,8,1,2025-08,727,1872,7239.7,13552718
2025,8,1,2025-08,728,2061,4401.97,9072460
2025,8,1,2025-08,729,1513,6702.23,10140474
2025,8,1,2025-08,730,791,4746.9,3754798
2025,8,1,2025-08,731,1336,7159.84,9565546
2025,8,1,2025-08,732,1859,7005.4,13023039
2025,8,1,2025-08,733,2112,5912.58,12487369
2025,8,1,2025-08,734,1348,6589.48,8882619
2025,8,1,2025-08,735,1690,5222.74,8826431
2025,8,1,2025-08,736,1702,5697.5,9697145
2025,8,1,2025-08,737,860,7017.31,6034887
2025,8,1,2025-08,738,1654,5786.51,9570888
2025,8,1,2025-08,739,1400,5369.82,7517748
2025,8,1,2025-08,740,1805,5811.39,10489559
2025,8,1,2025-08,741,1998,7054.96,14095810
2025,8,1,2025-08,742,1981,5191.24,10283846
2025,8,1,2025-08,743,1524,4702.26,7166244
2025,8,1,2025-08,744,1263,6708.62,8472987
2025,8,1,2025-08,745,1442,7062.45,10184053
2025,8,1,2025-08,746,1665,4439.61,7391951
2025,8,1,2025-08,747,1739,4947.58,8603842
2025,8,1,2025-08,748,1719,4649.27,7992095
2025,8,1,2025-08,749,2253,5281.73,11899738
2025,8,1,2025-08,750,1209,5688.96,6877953
2025,8,1,2025-08,751,1600,6793.52,10869632
2025,8,1,2025-08,752,974,6315.04,6150849
2025,8,1,2025-08,753,1277,6334.48,8089131
2025,8,1,2025-08,754,1438,5334.29,7670709
2025,8,1,2025-08,755,652,7090.32,4622889
2025,8,1,2025-08,756,1597,5762.77,9203144
2025,8,1,2025-08,757,1566,7659.79,11995231
2025,8,1,2025-08,758,1860,6341.97,11796064
2025,8,1,2025-08,759,2178,4584.03,9984017
2025,8,1,2025-08,760,1841,6477.45,11924985
2025,8,1,2025-08,761,1807,5185.83,9370795
2025,8,1,2025-08,762,1958,6581.4,12886381
2025,8,1,2025-08,763,1667,4338.23,7231829
2025,8,1,2025-08,764,1185,4676.35,5541475
2025,8,1,2025-08,765,1839,7083.05,13025729
2025,8,1,2025-08,766,861,4990.91,4297174
2025,8,1,2025-08,767,981,7069.65,6935327
2025,8,1,2025-08,768,2263,5103.04,11548180
2025,8,1,2025-08,769,1108,6351.47,7037429
2025,8,1,2025-08,770,1345,6572.63,8840187
2025,8,1,2025-08,771,2028,5983.84,12135228
2025,8,1,2025-08,772,852,5166.51,4401867
2025,8,1,2025-08,773,1877,4838.36,9081602
2025,8,1,2025-08,774,1480,4278.38,6332002
2025,8,1,2025-08,775,1681,5084.44,8546944
2025,8,1,2025-08,776,1443,6381.84,9208995
2025,8,1,2025-08,777,2474,7434.56,18393101
2025,8,1,2025-08,778,709,7181.96,5092010
2025,8,1,2025-08,779,2028,6841.91,13875393
2025,8,1,2025-08,780,1449,6903.55,10003244
2025,8,1,2025-08,781,1154,6437.99,7429440
2025,8,1,2025-08,782,1291,5054.72,6525644
2025,8,1,2025-08,783,1616,7299.07,11795297
2025,8,1,2025-08,784,1374,6511.55,8946870
2025,8,1,2025-08,785,1261,6066.22,7649503
2025,8,1,2025-08,786,1386,4485.98,6217568
2025,8,1,2025-08,787,1590,5749.76,9142118
2025,8,1,2025-08,788,2165,5711.91,12366285
2025,8,1,2025-08,789,1766,7221.16,12752569
2025,8,1,2025-08,790,1814,5997.29,10879084
2025,8,1,2025-08,791,1523,5421.24,8256549
2025,8,1,2025-08,792,1418,7567.84,10731197
2025,8,1,2025-08,793,2157,4472.77,9647765
2025,8,1,2025-08,794,969,5635.13,5460441
2025,8,1,2025-08,795,2047,4261.8,8723905
2025,8,1,2025-08,796,1800,6798.61,12237498
2025,8,1,2025-08,797,1714,7387,12661318
2025,8,1,2025-08,798,1270,5175.32,6572656
2025,8,1,2025-08,799,760,7202.69,5474044
2025,8,1,2025-08,800,844,5135.99,4334776
2025,8,1,2025-08,801,1563,7400.9,11567607
2025,8,1,2025-08,802,1553,6793.4,10550150
2025,8,1,2025-08,803,2133,6982.64,14893971
2025,8,1,2025-08,804,1283,4146.89,5320460
2025,8,1,2025-08,805,1666,7519.93,12528203
2025,8,1,2025-08,806,1392,6656.17,9265389
2025,8,1,2025-08,807,765,5149.26,3939184
2025,8,1,2025-08,808,1961,7010.48,13747551
2025,8,1,2025-08,809,812,5091.23,4134079
2025,8,1,2025-08,810,1816,7157.81,12998583
2025,8,1,2025-08,811,936,4488.98,4201685
2025,8,1,2025-08,812,1106,6591.05,7289701
2025,8,1,2025-08,813,1368,5962.15,8156221
2025,8,1,2025-08,814,1408,4466.59,6288959
2025,8,1,2025-08,815,875,4958.65,4338819
2025,8,1,2025-08,816,1377,4119.63,5672731
2025,8,1,2025-08,817,2172,5727.1,12439261
2025,8,1,2025-08,818,813,5159.82,4194934
2025,8,1,2025-08,819,1985,6242.06,12390489
2025,8,1,2025-08,820,845,5149.11,4350998
2025,8,1,2025-08,821,1017,5168.45,5256314
2025,8,1,2025-08,822,1885,6803.34,12824296
2025,8,1,2025-08,823,1558,4192.22,6531479
2025,8,1,2025-08,824,1201,7199.32,8646383
2025,8,1,2025-08,825,1372,7101.73,9743574
2025,8,1,2025-08,826,1534,6387.36,9798210
2025,8,1,2025-08,827,2297,6182.09,14200261
2025,8,1,2025-08,828,1626,7253.26,11793801
2025,8,1,2025-08,829,2014,4866.71,9801554
2025,8,1,2025-08,830,1940,4369.17,8476190
2025,8,1,2025-08,831,1580,4837.08,7642586
2025,8,1,2025-08,832,1286,6880.22,8847963
2025,8,1,2025-08,833,844,4254.92,3591152
2025,8,1,2025-08,834,1141,6208.08,7083419
2025,8,1,2025-08,835,811,7648.55,6202974
2025,8,1,2025-08,836,2163,7135.97,15435103
2025,8,1,2025-08,837,1411,5983.21,8442309
2025,8,1,2025-08,838,1455,4384.5,6379448
2025,8,1,2025-08,839,1498,6957.93,10422979
2025,8,1,2025-08,840,2143,6189.34,13263756
2025,8,1,2025-08,841,743,4464.45,3317086
2025,8,1,2025-08,842,1718,4402.59,7563650
2025,8,1,2025-08,843,2056,7373.83,15160594
2025,8,1,2025-08,844,1662,6415.74,10662960
2025,8,1,2025-08,845,1212,6976.93,8456039
2025,8,1,2025-08,846,1213,7188.12,8719190
2025,8,1,2025-08,847,2082,6119.21,12740195
2025,8,1,2025-08,848,1257,5960.09,7491833
2025,8,1,2025-08,849,1053,5625.86,5924031
2025,8,1,2025-08,850,1945,5276.71,10263201
2025,8,1,2025-08,851,2270,5753.36,13060127
2025,8,1,2025-08,852,1880,6863.1,12902628
2025,8,1,2025-08,853,1289,6283.3,8099174
2025,8,1,2025-08,854,1483,7299.83,10825648
2025,8,1,2025-08,855,2108,5663.79,11939269
2025,8,1,2025-08,856,914,6240.42,5703744
2025,8,1,2025-08,857,934,6365.82,5945676
2025,8,1,2025-08,858,1455,6198.53,9018861
2025,8,1,2025-08,859,1735,6590.36,11434275
2025,8,1,2025-08,860,964,4905.66,4729056
2025,8,1,2025-08,861,1006,5995.53,6031503
2025,8,1,2025-08,862,2127,4466.8,9500884
2025,8,1,2025-08,863,1974,5449.8,10757905
2025,8,1,2025-08,864,1564,5872.04,9183871
2025,8,1,2025-08,865,1640,6455.48,10586987
2025,8,1,2025-08,866,849,7463.29,6336333
2025,8,1,2025-08,867,1205,6175.47,7441441
2025,8,1,2025-08,868,653,6724.26,4390942
2025,8,1,2025-08,869,2219,5834.08,12945824
2025,8,1,2025-08,870,946,6403.45,6057664
2025,8,1,2025-08,871,1034,4240.46,4384636
2025,8,1,2025-08,872,776,4992.9,3874490
2025,8,1,2025-08,873,848,5363.86,4548553
2025,8,1,2025-08,874,1697,5762.52,9778996
2025,8,1,2025-08,875,2025,4287.75,8682694
2025,8,1,2025-08,876,1621,4600.13,7456811
2025,8,1,2025-08,877,992,5000.16,4960159
2025,8,1,2025-08,878,2253,7619.32,17166328
2025,8,1,2025-08,879,1757,5224.54,9179517
2025,8,1,2025-08,880,1209,5744.92,6945608
2025,8,1,2025-08,881,1650,4794.06,7910199
2025,8,1,2025-08,882,1130,6165.71,6967252
2025,8,1,2025-08,883,2118,5141.2,10889062
2025,8,1,2025-08,884,2046,4743.98,9706183
2025,8,1,2025-08,885,1578,5918.13,9338809
2025,8,1,2025-08,886,871,4080.41,3554037
2025,8,1,2025-08,887,1639,4154.51,6809242
2025,8,1,2025-08,888,760,4904.43,3727367
2025,8,1,2025-08,889,1404,4163.95,5846186
2025,8,1,2025-08,890,1801,4528.66,8156117
2025,8,1,2025-08,891,2342,5237.58,12266412
2025,8,1,2025-08,892,1716,6944.51,11916779
2025,8,1,2025-08,893,2358,6134.83,14465929
2025,8,1,2025-08,894,1452,5947.55,8635843
2025,8,1,2025-08,895,1618,5183.21,8386434
2025,8,1,2025-08,896,1341,7411.75,9939157
2025,8,1,2025-08,897,2250,5434.48,12227580
2025,8,1,2025-08,898,1777,4368.53,7762878
2025,8,1,2025-08,899,1420,6233.19,8851130
2025,8,1,2025-08,900,973,4492.2,4370911
2025,8,1,2025-08,901,1121,5304.34,5946165
2025,8,1,2025-08,902,1165,5966.95,6951497
2025,8,1,2025-08,903,1912,7254.43,13870470
2025,8,1,2025-08,904,1377,5930.24,8165940
2025,8,1,2025-08,905,2061,6627.49,13659257
2025,8,1,2025-08,906,1899,7640.91,14510088
2025,8,1,2025-08,907,1526,4561.46,6960788
2025,8,1,2025-08,908,1145,5041.39,5772392
2025,8,1,2025-08,909,831,5469.41,4545080
2025,8,1,2025-08,910,1876,5576.46,10461439
2025,8,1,2025-08,911,976,5626.43,5491396
2025,8,1,2025-08,912,958,7293.33,6987010
2025,8,1,2025-08,913,1835,6668.59,12236863
2025,8,1,2025-08,914,1360,6199.76,8431674
2025,8,1,2025-08,915,934,5182,4839988
2025,8,1,2025-08,916,1463,7026.28,10279448
2025,8,1,2025-08,917,884,7511.83,6640458
2025,8,1,2025-08,918,1049,7045.28,7390499
2025,8,1,2025-08,919,1988,4067.12,8085435
2025,8,1,2025-08,920,1698,6394.51,10857878
2025,8,1,2025-08,921,1948,4227.85,8235852
2025,8,1,2025-08,922,700,4976.13,3483291
2025,8,1,2025-08,923,1380,4271.64,5894863
2025,8,1,2025-08,924,2270,6229.51,14140988
2025,8,1,2025-08,925,1604,6513.65,10447895
2025,8,1,2025-08,926,1126,4440.13,4999586
2025,8,1,2025-08,927,1573,5485.13,8628109
2025,8,1,2025-08,928,740,5671.05,4196577
2025,8,1,2025-08,929,1781,5442.06,9692309
2025,8,1,2025-08,930,1208,4553.86,5501063
2025,8,1,2025-08,931,1194,5513.81,6583489
2025,8,1,2025-08,932,899,6794.02,6107824
2025,8,1,2025-08,933,794,4337.14,3443689
2025,8,1,2025-08,934,2114,4324.15,9141253
2025,8,1,2025-08,935,2036,5338.55,10869288
2025,8,1,2025-08,936,1077,7477.33,8053084
2025,8,1,2025-08,937,1523,6529.11,9943835
2025,8,1,2025-08,938,1177,6468.42,7613330
2025,8,1,2025-08,939,1254,5417.07,6793006
2025,8,1,2025-08,940,2188,6191.24,13546433
2025,8,1,2025-08,941,1912,4032.78,7710675
2025,8,1,2025-08,942,1765,6472.88,11424633
2025,8,1,2025-08,943,1796,7443.68,13368849
2025,8,1,2025-08,944,1781,6252.14,11135061
2025,8,1,2025-08,945,1518,7220.69,10961007
2025,8,1,2025-08,946,1259,6746.18,8493441
2025,8,1,2025-08,947,2208,4479.32,9890339
2025,8,1,2025-08,948,1379,7347.59,10132327
2025,8,1,2025-08,949,1371,4378.97,6003568
2025,8,1,2025-08,950,1734,6065.31,10517248
2025,8,1,2025-08,951,2005,4595.21,9213396
2025,8,1,2025-08,952,1373,4031.96,5535881
2025,8,1,2025-08,953,767,5673.62,4351667
2025,8,1,2025-08,954,1370,5118.42,7012235
2025,8,1,2025-08,955,1884,5753.23,10839085
2025,8,1,2025-08,956,1892,6104.19,11549127
2025,8,1,2025-08,957,2051,4105.4,8420175
2025,8,1,2025-08,958,1031,4530.57,4671018
2025,8,1,2025-08,959,2189,6060.69,13266850
2025,8,1,2025-08,960,912,5303.02,4836354
2025,8,1,2025-08,961,1567,6707.93,10511326
2025,8,1,2025-08,962,981,6369.82,6248793
2025,8,1,2025-08,963,782,7108.67,5558980
2025,8,1,2025-08,964,1995,6535.16,13037644
2025,8,1,2025-08,965,882,5694.49,5022540
2025,8,1,2025-08,966,2197,6458.96,14190335
2025,8,1,2025-08,967,936,4938.75,4622670
2025,8,1,2025-08,968,1263,5277.86,6665937
2025,8,1,2025-08,969,823,6972.02,5737972
2025,8,1,2025-08,970,2054,5721.94,11752865
2025,8,1,2025-08,971,946,6976.61,6599873
2025,8,1,2025-08,972,1001,7039.71,7046750
2025,8,1,2025-08,973,764,7104.77,5428044
2025,8,1,2025-08,974,2261,7389.42,16707479
2025,8,1,2025-08,975,629,5549.34,3490535
2025,8,1,2025-08,976,1354,5190.23,7027571
2025,8,1,2025-08,977,2246,6101.02,13702891
2025,8,1,2025-08,978,1562,5322.07,8313073
2025,8,1,2025-08,979,1420,6210.28,8818598
2025,8,1,2025-08,980,1396,6553.05,9148058
2025,8,1,2025-08,981,1239,6593.36,8169173
2025,8,1,2025-08,982,1401,5441.78,7623934
2025,8,1,2025-08,983,2291,4648.2,10649026
2025,8,1,2025-08,984,2147,5595.68,12013925
2025,8,1,2025-08,985,2372,4669.39,11075793
2025,8,1,2025-08,986,1053,7211.71,7593931
2025,8,1,2025-08,987,1771,5250.77,9299114
2025,8,1,2025-08,988,2223,4656.77,10352000
2025,8,1,2025-08,989,2111,4180.5,8825036
2025,8,1,2025-08,990,2303,6416.31,14776762
2025,8,1,2025-08,991,1376,6299.11,8667575
2025,8,1,2025-08,992,1184,5279.23,6250608
2025,8,1,2025-08,993,1481,4278.4,6336310
2025,8,1,2025-08,994,1275,5603.17,7144042
2025,8,1,2025-08,995,2266,5152.7,11676018
2025,8,1,2025-08,996,1665,6491.56,10808447
2025,8,1,2025-08,997,2389,6274.61,14990043
2025,8,1,2025-08,998,1026,5415.62,5556426
2025,8,1,2025-08,999,1654,4804.6,7946808
2025,8,1,2025-08,1000,1892,7685.89,14541704
2025,8,1,2025-08,1001,1499,5704.45,8550971
2025,8,1,2025-08,1002,1692,6557.75,11095713
2025,8,1,2025-08,1003,1093,4540.7,4962985
2025,8,1,2025-08,1004,1401,5836.78,8177329
2025,8,1,2025-08,1005,1574,4163.08,6552688
2025,8,1,2025-08,1006,997,5898.2,5880505
2025,8,1,2025-08,1007,1352,7469.78,10099143
2025,8,1,2025-08,1008,1680,5391.9,9058392
2025,8,1,2025-08,1009,1981,4163.27,8247438
2025,8,1,2025-08,1010,878,4214.87,3700656
2025,8,1,2025-08,1011,2071,5487.89,11365420
2025,8,1,2025-08,1012,1231,4742.52,5838042
2025,8,1,2025-08,1013,677,4219.86,2856845
2025,8,1,2025-08,1014,617,6757.53,4169396
2025,8,1,2025-08,1015,1462,5762.77,8425170
2025,8,1,2025-08,1016,949,5128.96,4867383
2025,8,1,2025-08,1017,1683,7213.69,12140640
2025,8,1,2025-08,1018,1248,4509.62,5628006
2025,8,1,2025-08,1019,1766,7503.11,13250492
2025,8,1,2025-08,1020,1400,5204.62,7286468
2025,8,1,2025-08,1021,2355,7262.78,17103847
2025,8,1,2025-08,1022,1138,6245.53,7107413
2025,8,1,2025-08,1023,1600,7000.05,11200080
2025,8,1,2025-08,1024,1478,7646.95,11302192
2025,8,1,2025-08,1025,2345,5039.13,11816760
2025,8,1,2025-08,1026,1819,7506.36,13654069
2025,8,1,2025-08,1027,2064,5516.4,11385850
2025,8,1,2025-08,1028,986,5491.53,5414649
2025,8,1,2025-08,1029,2321,5312.6,12330545
2025,8,1,2025-08,1030,1046,5971.31,6245990
2025,8,1,2025-08,1031,1904,4633.46,8822108
2025,8,1,2025-08,1032,1771,6094.56,10793466
2025,8,1,2025-08,1033,1521,6014.11,9147461
2025,8,1,2025-08,1034,1417,6785.06,9614430
2025,8,1,2025-08,1035,1144,7069.4,8087394
2025,8,1,2025-08,1036,1435,5632.23,8082250
2025,8,1,2025-08,1037,1097,5192.19,5695832
2025,8,1,2025-08,1038,1076,4992.07,5371467
2025,8,1,2025-08,1039,1387,4799.61,6657059
2025,8,1,2025-08,1040,757,4263.53,3227492
2025,8,1,2025-08,1041,703,5305.03,3729436
2025,8,1,2025-08,1042,1243,5033.63,6256802
2025,8,1,2025-08,1043,1046,7528.06,7874351
2025,8,1,2025-08,1044,709,6089.11,4317179
2025,8,1,2025-08,1045,1823,5378.94,9805808
2025,8,1,2025-08,1046,1003,6176.33,6194859
2025,8,1,2025-08,1047,1710,4609.26,7881835
2025,8,1,2025-08,1048,1589,5646.5,8972288
2025,8,1,2025-08,1049,805,6286.84,5060906
2025,8,1,2025-08,1050,836,5759.45,4814900
2025,8,1,2025-08,1051,885,5553.13,4914520
2025,8,1,2025-08,1052,1571,7663.04,12038636
2025,8,1,2025-08,1053,854,7187.17,6137843
2025,8,1,2025-08,1054,2011,6281.82,12632740
2025,8,1,2025-08,1055,1066,6211.71,6621683
2025,8,1,2025-08,1056,2160,6374.92,13769827
2025,8,1,2025-08,1057,1079,4810.73,5190778
2025,8,1,2025-08,1058,1473,5459.81,8042300
2025,8,1,2025-08,1059,1513,4191.25,6341361
2025,8,1,2025-08,1060,1599,5796.82,9269115
2025,8,1,2025-08,1061,2312,6026.58,13933453
2025,8,1,2025-08,1062,2020,4959.94,10019079
2025,8,1,2025-08,1063,943,7552.44,7121951
2025,8,1,2025-08,1064,1205,7447.88,8974695
2025,8,1,2025-08,1065,1260,6581.48,8292665
2025,8,1,2025-08,1066,1010,5984.32,6044163
2025,8,1,2025-08,1067,2302,7258.57,16709228
2025,8,1,2025-08,1068,1858,4511.85,8383017
2025,8,1,2025-08,1069,1290,6970.26,8991635
2025,8,1,2025-08,1070,1012,4603.8,4659046
2025,8,1,2025-08,1071,1833,6932.24,12706796
2025,8,1,2025-08,1072,2142,5133.45,10995850
2025,8,1,2025-08,1073,1777,7255.77,12893503
2025,8,1,2025-08,1074,2100,7386.49,15511629
2025,8,1,2025-08,1075,1635,4633.93,7576476
2025,8,1,2025-08,1076,2079,5751.59,11957556
2025,8,1,2025-08,1077,1219,7491.68,9132358
2025,8,1,2025-08,1078,1665,5808.59,9671302
2025,8,1,2025-08,1079,2174,7161.14,15568318
2025,8,1,2025-08,1080,1460,6240.58,9111247
2025,8,1,2025-08,1081,2104,5423.5,11411044
2025,8,1,2025-08,1082,632,5128.89,3241458
2025,8,1,2025-08,1083,1738,4753.61,8261774
2025,8,1,2025-08,1084,2449,6768.34,16575665
2025,8,1,2025-08,1085,758,5482.3,4155583
2025,8,1,2025-08,1086,2149,5921.66,12725647
2025,8,1,2025-08,1087,1307,5827.45,7616477
2025,8,1,2025-08,1088,899,6142.65,5522242
2025,8,1,2025-08,1089,1595,7229.65,11531292
2025,8,1,2025-08,1090,1785,7546.72,13470895
2025,8,1,2025-08,1091,795,5521.62,4389688
2025,8,1,2025-08,1092,853,7122.54,6075527
2025,8,1,2025-08,1093,1021,6805.73,6948650
2025,8,1,2025-08,1094,1968,6127.83,12059569
2025,8,1,2025-08,1095,1456,7481.83,10893544
2025,8,1,2025-08,1096,1598,4853.88,7756500
2025,8,1,2025-08,1097,1384,4507.28,6238076
2025,8,1,2025-08,1098,2019,7239.23,14616005
2025,8,1,2025-08,1099,1399,5641.59,7892584
2025,8,1,2025-08,1100,959,7139.67,6846944
2025,8,1,2025-08,1101,1789,7290.49,13042687
2025,8,1,2025-08,1102,1385,4359.32,6037658
2025,8,1,2025-08,1103,854,7176.51,6128740
2025,8,1,2025-08,1104,2066,5634.77,11641435
2025,8,1,2025-08,1105,1935,5832.7,11286274
2025,8,1,2025-08,1106,1271,6340.87,8059246
2025,8,1,2025-08,1107,1650,7394.65,12201172
2025,8,1,2025-08,1108,933,4139.19,3861864
2025,8,1,2025-08,1109,1884,5800.25,10927671
2025,8,1,2025-08,1110,773,6556.8,5068406
2025,8,1,2025-08,1111,1591,6680.44,10628580
2025,8,1,2025-08,1112,1160,6589.98,7644377
2025,8,1,2025-08,1113,2074,4563.29,9464263
2025,8,1,2025-08,1114,1351,5126.56,6925983
2025,8,1,2025-08,1115,2015,5362.49,10805417
2025,8,1,2025-08,1116,1856,6978.79,12952634
2025,8,1,2025-08,1117,1920,5102.15,9796128
2025,8,1,2025-08,1118,1132,4806.33,5440766
2025,8,1,2025-08,1119,2145,7488.97,16063841
2025,8,1,2025-08,1120,1765,4092.45,7223174
2025,8,1,2025-08,1121,1149,7664.08,8806028
2025,8,1,2025-08,1122,794,6481.2,5146073
2025,8,1,2025-08,1123,1321,7073.4,9343961
2025,8,1,2025-08,1124,2258,5114.13,11547706
2025,8,1,2025-08,1125,1959,4071.42,7975912
2025,8,1,2025-08,1126,1906,6793.13,12947706
2025,8,1,2025-08,1127,1816,7040.37,12785312
2025,8,1,2025-08,1128,2359,6752.7,15929619
2025,8,1,2025-08,1129,1837,4575.67,8405506
2025,8,1,2025-08,1130,1116,6763.91,7548524
2025,8,1,2025-08,1131,1932,6832.17,13199752
2025,8,1,2025-08,1132,853,6472.55,5521085
2025,8,1,2025-08,1133,1452,6765.72,9823825
2025,8,1,2025-08,1134,1200,7208.59,8650308
2025,8,1,2025-08,1135,1615,6276.62,10136741
2025,8,1,2025-08,1136,2095,4436.85,9295201
2025,8,1,2025-08,1137,1674,5803.72,9715427
2025,8,1,2025-08,1138,2036,4388.53,8935047
2025,8,1,2025-08,1139,1610,5529.81,8902994
2025,8,1,2025-08,1140,1129,5543.2,6258273
2025,8,1,2025-08,1141,1064,4368.47,4648052
2025,8,1,2025-08,1142,1806,5255.18,9490855
2025,8,1,2025-08,1143,513,4470.87,2293556
2025,8,1,2025-08,1144,1994,6932.65,13823704
2025,8,1,2025-08,1145,2041,7519.45,15347197
2025,8,1,2025-08,1146,1921,4337.34,8332030
2025,8,1,2025-08,1147,861,7566.93,6515127
2025,8,1,2025-08,1148,1140,6052.51,6899861
2025,8,1,2025-08,1149,1745,5096.14,8892764
2025,8,1,2025-08,1150,904,4290.22,3878359
2025,8,1,2025-08,1151,2172,5820.35,12641800
2025,8,1,2025-08,1152,772,6935.85,5354476
2025,8,1,2025-08,1153,1693,6647.14,11253608
2025,8,1,2025-08,1154,1716,4119.28,7068684
2025,8,1,2025-08,1155,2144,4383.42,9398052
2025,8,1,2025-08,1156,1425,5600.1,7980143
2025,8,1,2025-08,1157,2144,5156.67,11055900
2025,8,1,2025-08,1158,935,4825.01,4511384
2025,8,1,2025-08,1159,857,5117.34,4385560
2025,8,1,2025-08,1160,2178,6935.27,15105018
2025,8,1,2025-08,1161,1826,7373.16,13463390
2025,8,1,2025-08,1162,1276,5555.63,7088984
2025,8,1,2025-08,1163,1936,7376.01,14279955
2025,8,1,2025-08,1164,1652,5197.33,8585989
2025,8,1,2025-08,1165,628,5803.79,3644780
2025,8,1,2025-08,1166,1696,4975.67,8438736
2025,8,1,2025-08,1167,1240,6384,7916160
2025,8,1,2025-08,1168,1079,7501.04,8093622
2025,8,1,2025-08,1169,1166,6305.89,7352668
2025,8,1,2025-08,1170,1184,5369.36,6357322
2025,8,1,2025-08,1171,1065,6408.53,6825084
2025,8,1,2025-08,1172,626,4577.22,2865340
2025,8,1,2025-08,1173,1931,7301.12,14098463
2025,8,1,2025-08,1174,1899,5886.9,11179223
2025,8,1,2025-08,1175,1660,5736.37,9522374
2025,8,1,2025-08,1176,1687,6214.28,10483490
2025,8,1,2025-08,1177,1639,6275.84,10286102
2025,8,1,2025-08,1178,1464,4334.74,6346059
2025,8,1,2025-08,1179,2233,6607.02,14753476
2025,8,1,2025-08,1180,1791,4897.21,8770903
2025,8,1,2025-08,1181,1145,6709.48,7682355
2025,8,1,2025-08,1182,1765,7065.71,12470978
2025,8,1,2025-08,1183,2086,6940.77,14478446
2025,8,1,2025-08,1184,2088,6034.25,12599514
2025,8,1,2025-08,1185,1496,5903.16,8831127
2025,8,1,2025-08,1186,855,4621.45,3951340
2025,8,1,2025-08,1187,2003,6887.02,13794701
2025,8,1,2025-08,1188,1880,5006.48,9412182
2025,8,1,2025-08,1189,1478,5818.42,8599625
2025,8,1,2025-08,1190,2280,5147.38,11736026
2025,8,1,2025-08,1191,1797,4616.45,8295761
2025,8,1,2025-08,1192,676,6352.02,4293966
2025,8,1,2025-08,1193,1871,4265.3,7980376
2025,8,1,2025-08,1194,2319,6719.18,15581778
2025,8,1,2025-08,1195,2189,5200.13,11383085
2025,8,1,2025-08,1196,2064,4096.15,8454454
2025,8,1,2025-08,1197,1552,5899.79,9156474
2025,8,1,2025-08,1198,2204,4205.92,9269848
2025,8,1,2025-08,1199,1492,5071.42,7566559
2025,8,1,2025-08,1200,2323,6606.02,15345784
2025,8,1,2025-08,1201,2221,4378.58,9724826
2025,8,1,2025-08,1202,1350,7049.97,9517460
2025,8,1,2025-08,1203,2285,4092.92,9352322
2025,8,1,2025-08,1204,1755,4928.49,8649500
2025,8,1,2025-08,1205,1707,6723.98,11477834
2025,8,1,2025-08,1206,1868,5199.31,9712311
2025,8,1,2025-08,1207,1323,4467.1,5909973
2025,8,1,2025-08,1208,1147,5348.19,6134374
2025,8,1,2025-08,1209,1686,5068.45,8545407
2025,8,1,2025-08,1210,1422,7140.78,10154189
2025,8,1,2025-08,1211,2250,5180.07,11655158
2025,8,1,2025-08,1212,1800,6889.56,12401208
2025,8,1,2025-08,1213,2036,7221.37,14702709
2025,8,1,2025-08,1214,1926,5642.53,10867513
2025,8,1,2025-08,1215,807,7347.61,5929521
2025,8,1,2025-08,1216,2293,5379.4,12334964
2025,8,1,2025-08,1217,1084,7555.94,8190639
2025,8,1,2025-08,1218,1078,4382.36,4724184
2025,8,1,2025-08,1219,1816,6489.32,11784605
2025,8,1,2025-08,1220,1362,5861.64,7983554
2025,8,1,2025-08,1221,896,5471.69,4902634
2025,8,1,2025-08,1222,1140,6368.19,7259737
2025,8,1,2025-08,1223,635,6565.84,4169308
2025,8,1,2025-08,1224,1287,4067.16,5234435
2025,8,1,2025-08,1225,2070,4689.51,9707286
2025,8,1,2025-08,1226,1411,6586.73,9293876
2025,8,1,2025-08,1227,1382,6523.21,9015076
2025,8,1,2025-08,1228,1125,7622.27,8575054
2025,8,1,2025-08,1229,1531,6700.56,10258557
2025,8,1,2025-08,1230,1884,7527.57,14181942
2025,8,1,2025-08,1231,1702,6549.73,11147640
2025,8,1,2025-08,1232,1742,5175.73,9016122
2025,8,1,2025-08,1233,1810,4441.42,8038970
2025,8,1,2025-08,1234,1768,6904.37,12206926
2025,8,1,2025-08,1235,1881,6371.15,11984133
2025,8,1,2025-08,1236,1455,4254.63,6190487
2025,8,1,2025-08,1237,778,5290.19,4115768
2025,8,1,2025-08,1238,1650,7623.29,12578428
2025,8,1,2025-08,1239,1460,5819.34,8496236
2025,8,1,2025-08,1240,1877,5615.14,10539618
2025,8,1,2025-08,1241,1095,5765.21,6312905
2025,8,1,2025-08,1242,1187,4925.85,5846984
2025,8,1,2025-08,1243,876,5481.22,4801549
2025,8,1,2025-08,1244,1980,5312.26,10518275
2025,8,1,2025-08,1245,1599,4313.22,6896839
2025,8,1,2025-08,1246,1702,6846.47,11652692
2025,8,1,2025-08,1247,1001,5606.89,5612497
2025,8,1,2025-08,1248,2341,6991.64,16367429
2025,8,1,2025-08,1249,1975,7151.37,14123956
2025,8,1,2025-08,1250,1651,4876.48,8051068
2025,8,1,2025-08,1251,1720,6449.13,11092504
2025,8,1,2025-08,1252,1842,5830.25,10739320
2025,8,1,2025-08,1253,2285,7213.07,16481865
2025,8,1,2025-08,1254,1426,4884.87,6965825
2025,8,1,2025-08,1255,651,6485.95,4222353
2025,8,1,2025-08,1256,1268,6271.9,7952769
2025,8,1,2025-08,1257,1166,5118.06,5967658
2025,8,1,2025-08,1258,1760,4580.61,8061874
2025,8,1,2025-08,1259,2292,6461.53,14809827
2025,8,1,2025-08,1260,1404,6731.55,9451096
2025,8,1,2025-08,1261,1252,5160.32,6460721
2025,8,1,2025-08,1262,1998,6369.9,12727060
2025,8,1,2025-08,1263,1802,5537.66,9978863
2025,8,1,2025-08,1264,946,6655.58,6296179
2025,8,1,2025-08,1265,1207,4825.96,5824934
2025,8,1,2025-08,1266,1764,7189.21,12681766
2025,8,1,2025-08,1267,1424,5062.87,7209527
2025,8,1,2025-08,1268,2129,5472.03,11649952
2025,8,1,2025-08,1269,797,4362.85,3477191
2025,8,1,2025-08,1270,1394,4510.17,6287177
2025,8,1,2025-08,1271,1131,5977.7,6760779
2025,8,1,2025-08,1272,2174,4961.73,10786801
2025,8,1,2025-08,1273,1080,7095.67,7663324
2025,8,1,2025-08,1274,2221,4034.49,8960602
2025,8,1,2025-08,1275,1126,5497.96,6190703
2025,8,1,2025-08,1276,1997,5334.77,10653536
2025,8,1,2025-08,1277,2251,4112.78,9257868
2025,8,1,2025-08,1278,1833,4519.12,8283547
2025,8,1,2025-08,1279,957,5608.56,5367392
2025,8,1,2025-08,1280,1525,5826.03,8884696
2025,8,1,2025-08,1281,1558,5473.54,8527775
2025,8,1,2025-08,1282,2067,6080.6,12568600
2025,8,1,2025-08,1283,2035,6258.12,12735274
2025,8,1,2025-08,1284,1988,4144.55,8239365
2025,8,1,2025-08,1285,893,5760.11,5143778
2025,8,1,2025-08,1286,1207,7557.29,9121649
2025,8,1,2025-08,1287,1677,5935.26,9953431
2025,8,1,2025-08,1288,1883,6499.45,12238464
2025,8,1,2025-08,1289,983,5203.27,5114814
2025,8,1,2025-08,1290,1993,6896.27,13744266
2025,8,1,2025-08,1291,1948,6843.18,13330515
2025,8,1,2025-08,1292,1729,5963.79,10311393
2025,8,1,2025-08,1293,2215,7588.55,16808638
2025,8,1,2025-08,1294,1776,4530.34,8045884
2025,8,1,2025-08,1295,714,4130.6,2949248
2025,8,1,2025-08,1296,1626,6837.8,11118263
2025,8,1,2025-08,1297,1712,7047.5,12065320
2025,8,1,2025-08,1298,2407,4529.9,10903469
2025,8,1,2025-08,1299,848,5128.53,4348993
2025,8,1,2025-08,1300,2189,4174.01,9136908
2025,8,1,2025-08,1301,675,5064.04,3418227
2025,8,1,2025-08,1302,770,6853.09,5276879
2025,8,1,2025-08,1303,2271,5894.49,13386387
2025,8,1,2025-08,1304,2026,5399.67,10939731
2025,8,1,2025-08,1305,2248,5367.46,12066050
2025,8,1,2025-08,1306,2123,4091.01,8685214
2025,8,1,2025-08,1307,1795,5085.19,9127916
2025,8,1,2025-08,1308,1519,6411.72,9739403
2025,8,1,2025-08,1309,910,7585.16,6902496
2025,8,1,2025-08,1310,1392,7168.93,9979151
2025,8,1,2025-08,1311,982,4200.5,4124891
2025,8,1,2025-08,1312,1320,7270.12,9596558
2025,8,1,2025-08,1313,1797,6985.22,12552440
2025,8,1,2025-08,1314,1668,6867.23,11454540
2025,8,1,2025-08,1315,2100,5607.3,11775330
2025,8,1,2025-08,1316,1928,5492.11,10588788
2025,8,1,2025-08,1317,1105,5186.93,5731558
2025,8,1,2025-08,1318,1828,4338.77,7931272
2025,8,1,2025-08,1319,1903,4955.97,9431211
2025,8,1,2025-08,1320,2078,4921.32,10226503
2025,8,1,2025-08,1321,2193,5849.19,12827274
2025,8,1,2025-08,1322,935,6743.44,6305116
2025,8,1,2025-08,1323,2111,5677.34,11984865
2025,8,1,2025-08,1324,1869,4314.4,8063614
2025,8,1,2025-08,1325,2220,7468.8,16580736
2025,8,1,2025-08,1326,1959,7451.02,14596548
2025,8,1,2025-08,1327,1524,6904.14,10521909
2025,8,1,2025-08,1328,1327,7522.26,9982039
2025,8,1,2025-08,1329,1361,6082.92,8278854
2025,8,1,2025-08,1330,901,7495.18,6753157
2025,8,1,2025-08,1331,984,4330.25,4260966
2025,8,1,2025-08,1332,949,5407.51,5131727
2025,8,1,2025-08,1333,1690,4756.89,8039144
2025,8,1,2025-08,1334,1491,4830.35,7202052
2025,8,1,2025-08,1335,1528,4584.2,7004658
2025,8,1,2025-08,1336,1857,6384.34,11855719
2025,8,1,2025-08,1337,559,6863.43,3836657
2025,8,1,2025-08,1338,990,6063.98,6003340
2025,8,1,2025-08,1339,1625,4550.06,7393848
2025,8,1,2025-08,1340,1074,6980.33,7496874
2025,8,1,2025-08,1341,1961,6309.84,12373596
2025,8,1,2025-08,1342,887,5391.88,4782598
2025,8,1,2025-08,1343,2223,6502.12,14454213
2025,8,1,2025-08,1344,1695,4990.16,8458321
2025,8,1,2025-08,1345,2103,5290.89,11126742
2025,8,1,2025-08,1346,1663,7314.68,12164313
2025,8,1,2025-08,1347,901,5148.84,4639105
2025,8,1,2025-08,1348,1273,5731.76,7296530
2025,8,1,2025-08,1349,1672,7205.45,12047512
2025,8,1,2025-08,1350,1742,6626.15,11542753
2025,8,1,2025-08,1351,1387,4279.9,5936221
2025,8,1,2025-08,1352,1672,4581.19,7659750
2025,8,1,2025-08,1353,2107,4111.31,8662530
2025,8,1,2025-08,1354,1382,6366.82,8798945
2025,8,1,2025-08,1355,1300,5646.58,7340554
2025,8,1,2025-08,1356,1839,4565.78,8396469
2025,8,1,2025-08,1357,1120,7529.32,8432838
2025,8,1,2025-08,1358,818,6033.22,4935174
2025,8,1,2025-08,1359,1848,4948.75,9145290
2025,8,1,2025-08,1360,1703,5838.84,9943545
2025,8,1,2025-08,1361,2232,6484.17,14472667
2025,8,1,2025-08,1362,1683,4445.11,7481120
2025,8,1,2025-08,1363,2154,5098.15,10981415
2025,8,1,2025-08,1364,1892,6975.63,13197892
2025,8,1,2025-08,1365,1836,5726.07,10513065
2025,8,1,2025-08,1366,1784,5987.46,10681629
2025,8,1,2025-08,1367,2004,5631.24,11285005
2025,8,1,2025-08,1368,2036,4233.35,8619101
2025,8,1,2025-08,1369,1423,4648.48,6614787
2025,8,1,2025-08,1370,1664,5646.77,9396225
2025,8,1,2025-08,1371,1980,4866.42,9635512
2025,8,1,2025-08,1372,1328,4228.48,5615421
2025,8,1,2025-08,1373,829,6993.97,5798001
2025,8,1,2025-08,1374,924,7600.31,7022686
2025,8,1,2025-08,1375,1505,6893.58,10374838
2025,8,1,2025-08,1376,1675,7153.79,11982598
2025,8,1,2025-08,1377,1830,4917.52,8999062
2025,8,1,2025-08,1378,2102,7484.95,15733365
2025,8,1,2025-08,1379,1181,4791.07,5658254
2025,8,1,2025-08,1380,1223,7501.65,9174518
2025,8,1,2025-08,1381,1251,7663.88,9587514
2025,8,1,2025-08,1382,949,6608.45,6271419
2025,8,1,2025-08,1383,2202,7584.34,16700717
2025,8,1,2025-08,1384,2081,6211.87,12926901
2025,8,1,2025-08,1385,2141,5007.6,10721272
2025,8,1,2025-08,1386,2084,5708.87,11897285
2025,8,1,2025-08,1387,2155,6182.57,13323438
2025,8,1,2025-08,1388,1252,4373.62,5475772
2025,8,1,2025-08,1389,852,6371.3,5428348
2025,8,1,2025-08,1390,1545,7656.17,11828783
2025,8,1,2025-08,1391,1143,4680.91,5350280
2025,8,1,2025-08,1392,1001,6999.86,7006860
2025,8,1,2025-08,1393,1869,7309.69,13661811
2025,8,1,2025-08,1394,1317,7436.74,9794187
2025,8,1,2025-08,1395,1586,7497.35,11890797
2025,8,1,2025-08,1396,902,6044.24,5451904
2025,8,1,2025-08,1397,1478,7569.49,11187706
2025,8,1,2025-08,1398,2108,6786.05,14304993
2025,8,1,2025-08,1399,932,4665.74,4348470
2025,8,1,2025-08,1400,939,5797.08,5443458
2025,8,1,2025-08,1401,2250,6680.28,15030630
2025,8,1,2025-08,1402,881,4935.56,4348228
2025,8,1,2025-08,1403,1733,6389.72,11073385
2025,8,1,2025-08,1404,842,6414.81,5401270
2025,8,1,2025-08,1405,1947,4623.98,9002889
2025,8,1,2025-08,1406,1917,6112.55,11717758
2025,8,1,2025-08,1407,1806,6874.31,12415004
2025,8,1,2025-08,1408,2068,5955.97,12316946
2025,8,1,2025-08,1409,1255,4081.67,5122496
2025,8,1,2025-08,1410,1094,4165.91,4557506
2025,8,1,2025-08,1411,883,5306.99,4686072
2025,8,1,2025-08,1412,2170,7346.53,15941970
2025,8,1,2025-08,1413,1449,4900.05,7100172
2025,8,1,2025-08,1414,1616,6403.62,10348250
2025,8,1,2025-08,1415,937,4883.98,4576289
2025,8,1,2025-08,1416,1386,5250.25,7276846
2025,8,1,2025-08,1417,1102,7155.35,7885196
2025,8,1,2025-08,1418,1625,6700.75,10888719
2025,8,1,2025-08,1419,997,4480.71,4467268
2025,8,1,2025-08,1420,1616,5632.83,9102653
2025,8,1,2025-08,1421,2234,4303.69,9614443
2025,8,1,2025-08,1422,1818,5802.83,10549545
2025,8,1,2025-08,1423,1773,6478.77,11486859
2025,8,1,2025-08,1424,2355,4492.18,10579084
2025,8,1,2025-08,1425,1575,5066.4,7979580
2025,8,1,2025-08,1426,1482,5416.7,8027549
2025,8,1,2025-08,1427,859,7264.34,6240068
2025,8,1,2025-08,1428,1904,7628.76,14525159
2025,8,1,2025-08,1429,2261,4329.44,9788864
2025,8,1,2025-08,1430,1545,6847.9,10580006
2025,8,1,2025-08,1431,1439,5430.95,7815137
2025,8,1,2025-08,1432,2183,5471.07,11943346
2025,8,1,2025-08,1433,2198,6836.7,15027067
2025,8,1,2025-08,1434,1575,7404.99,11662859
2025,8,1,2025-08,1435,1015,7416.48,7527727
2025,8,1,2025-08,1436,916,6189.04,5669161
2025,8,1,2025-08,1437,2069,5333.37,11034743
2025,8,1,2025-08,1438,758,6906.92,5235445
2025,8,1,2025-08,1439,1634,4932.23,8059264
2025,8,1,2025-08,1440,1832,6190.48,11340959
2025,8,1,2025-08,1441,975,5317.51,5184572
2025,8,1,2025-08,1442,1496,6476.57,9688949
2025,8,1,2025-08,1443,1737,5000.08,8685139
2025,8,1,2025-08,1444,2202,4792.19,10552402
2025,8,1,2025-08,1445,2222,7381.8,16402360
2025,8,1,2025-08,1446,842,4417.93,3719897
2025,8,1,2025-08,1447,784,5886.23,4614804
2025,8,1,2025-08,1448,1349,4823.28,6506605
2025,8,1,2025-08,1449,1281,4248.12,5441842
2025,8,1,2025-08,1450,1381,4234.73,5848162
2025,8,1,2025-08,1451,1154,4680.48,5401274
2025,8,1,2025-08,1452,1015,7195.66,7303595
2025,8,1,2025-08,1453,1988,5099.69,10138184
2025,8,1,2025-08,1454,2039,7447.75,15185962
2025,8,1,2025-08,1455,1425,6163.92,8783586
2025,8,1,2025-08,1456,1992,5749.94,11453880
2025,8,1,2025-08,1457,2454,6136.06,15057891
2025,8,1,2025-08,1458,2134,5862.12,12509764
2025,8,1,2025-08,1459,1785,6745.13,12040057
2025,8,1,2025-08,1460,1221,5087.7,6212082
2025,8,1,2025-08,1461,1203,5370.4,6460591
2025,8,1,2025-08,1462,1049,7237.42,7592054
2025,8,1,2025-08,1463,706,7483.14,5283097
2025,8,1,2025-08,1464,2312,7257.22,16778693
2025,8,1,2025-08,1465,926,5575.83,5163219
2025,8,1,2025-08,1466,1420,6796.72,9651342
2025,8,1,2025-08,1467,945,5775.11,5457479
2025,8,1,2025-08,1468,1834,5811.98,10659171
2025,8,1,2025-08,1469,2045,4824.34,9865775
2025,8,1,2025-08,1470,1006,6197.03,6234212
2025,8,1,2025-08,1471,1823,4844.27,8831104
2025,8,1,2025-08,1472,902,5241.51,4727842
2025,8,1,2025-08,1473,992,7184.9,7127421
2025,8,1,2025-08,1474,1935,4829.25,9344599
2025,8,1,2025-08,1475,882,4390.65,3872553
2025,8,1,2025-08,1476,2204,4423.77,9749989
2025,8,1,2025-08,1477,487,7440.7,3623621
2025,8,1,2025-08,1478,1035,5879.26,6085034
2025,8,1,2025-08,1479,2218,5551.44,12313094
2025,8,1,2025-08,1480,966,6882.69,6648679
2025,8,1,2025-08,1481,1671,7077.82,11827037
2025,8,1,2025-08,1482,1385,5225.29,7237027
2025,8,1,2025-08,1483,940,6540.63,6148192
2025,8,1,2025-08,1484,1904,6820.17,12985604
2025,8,1,2025-08,1485,1676,6461.54,10829541
2025,8,1,2025-08,1486,1767,4627.99,8177658
2025,8,1,2025-08,1487,1742,7195.77,12535031
2025,8,1,2025-08,1488,1095,5986.02,6554692
2025,8,1,2025-08,1489,967,5073.98,4906539
2025,8,1,2025-08,1490,1957,5674.45,11104899
2025,8,1,2025-08,1491,749,4193.71,3141089
2025,8,1,2025-08,1492,1039,4587.93,4766859
2025,8,1,2025-08,1493,1514,6799.57,10294549
2025,8,1,2025-08,1494,1811,3936.49,7128983
2025,8,1,2025-08,1495,1146,5468.48,6266878
2025,8,1,2025-08,1496,1803,5917.28,10668856
2025,8,1,2025-08,1497,1352,4323.85,5845845
2025,8,1,2025-08,1498,2047,7545.15,15444922
2025,8,1,2025-08,1499,1276,4847.5,6185410
2025,8,1,2025-08,1500,1829,5160.92,9439323
2025,8,1,2025-08,1501,2106,5199.03,10949157
2025,8,1,2025-08,1502,1297,4866.38,6311695
2025,8,1,2025-08,1503,807,4092.18,3302389
2025,8,1,2025-08,1504,1942,6653.87,12921816
2025,8,1,2025-08,1505,1611,7598.67,12241457
2025,8,1,2025-08,1506,1927,4973.72,9584358
2025,8,1,2025-08,1507,1686,6476.72,10919750
2025,8,1,2025-08,1508,1292,6694.4,8649165
2025,8,1,2025-08,1509,1742,7089.45,12349822
2025,8,1,2025-08,1510,1793,5587.72,10018782
2025,8,1,2025-08,1511,964,5079.59,4896725
2025,8,1,2025-08,1512,1113,5286.92,5884342
2025,8,1,2025-08,1513,1058,6537.65,6916834
2025,8,1,2025-08,1514,1279,6923.3,8854901
2025,8,1,2025-08,1515,993,4695.33,4662463
2025,8,1,2025-08,1516,1635,5353.88,8753594
2025,8,1,2025-08,1517,1438,7351.06,10570824
2025,8,1,2025-08,1518,1540,6968.48,10731459
2025,8,1,2025-08,1519,1618,7609.3,12311847
2025,8,1,2025-08,1520,2426,6809.77,16520502
2025,8,1,2025-08,1521,1544,5586.63,8625757
2025,8,1,2025-08,1522,2083,6158.29,12827718
2025,8,1,2025-08,1523,1505,6444.82,9699454
2025,8,1,2025-08,1524,1141,4407.33,5028764
2025,8,1,2025-08,1525,1678,5975.43,10026772
2025,8,1,2025-08,1526,1757,6650.18,11684366
2025,8,1,2025-08,1527,1405,4633.79,6510475
2025,8,1,2025-08,1528,2416,6882.87,16629014
2025,8,1,2025-08,1529,1348,6174.17,8322781
2025,8,1,2025-08,1530,2313,7476.14,17292312
2025,8,1,2025-08,1531,1974,4190.08,8271218
2025,8,1,2025-08,1532,1749,5067.63,8863285
2025,8,1,2025-08,1533,1641,6263.66,10278666
2025,8,1,2025-08,1534,1270,5099.55,6476428
2025,8,1,2025-08,1535,973,6691.57,6510898
2025,8,1,2025-08,1536,1626,6817.32,11084962
2025,8,1,2025-08,1537,856,4492.96,3845974
2025,8,1,2025-08,1538,1459,5874.67,8571144
2025,8,1,2025-08,1539,2012,5877.42,11825369
2025,8,1,2025-08,1540,1725,5372.03,9266752
2025,8,1,2025-08,1541,1687,7477.72,12614914
2025,8,1,2025-08,1542,726,7044.52,5114322
2025,8,1,2025-08,1543,1699,6536.53,11105564
2025,8,1,2025-08,1544,1204,6610.8,7959403
2025,8,1,2025-08,1545,970,5666.43,5496437
2025,8,1,2025-08,1546,1277,7430.49,9488736
2025,8,1,2025-08,1547,2297,6638.89,15249530
2025,8,1,2025-08,1548,1951,6615.45,12906743
2025,8,1,2025-08,1549,1730,7153.63,12375780
2025,8,1,2025-08,1550,2415,5038.52,12168026
2025,8,1,2025-08,1551,1632,6922.63,11297732
2025,8,1,2025-08,1552,2055,4793.75,9851156
2025,8,1,2025-08,1553,1038,5398.99,5604152
2025,8,1,2025-08,1554,1410,5300.83,7474170
2025,8,1,2025-08,1555,2351,7778.5,18287254
2025,8,1,2025-08,1556,1965,7167.27,14083686
2025,8,1,2025-08,1557,1590,6592.62,10482266
2025,8,1,2025-08,1558,2286,6648.96,15199523
2025,8,1,2025-08,1559,1093,6154.43,6726792
2025,8,1,2025-08,1560,1438,7461.35,10729421
2025,8,1,2025-08,1561,1965,5887.47,11568879
2025,8,1,2025-08,1562,1394,5437.29,7579582
2025,8,1,2025-08,1563,1282,4697.81,6022592
2025,8,1,2025-08,1564,977,6808.19,6651602
2025,8,1,2025-08,1565,1443,6761.59,9756974
2025,8,1,2025-08,1566,2027,5491.57,11131412
2025,8,1,2025-08,1567,2221,4136.49,9187144
2025,8,1,2025-08,1568,2091,7100.38,14846895
2025,8,1,2025-08,1569,1888,4113.29,7765892
2025,8,1,2025-08,1570,1568,6507.04,10203039
2025,8,1,2025-08,1571,926,7484.22,6930388
2025,8,1,2025-08,1572,2325,5623.77,13075265
2025,8,1,2025-08,1573,1044,4887.7,5102759
2025,8,1,2025-08,1574,1282,6620.91,8488007
2025,8,1,2025-08,1575,903,7056.76,6372254
2025,8,1,2025-08,1576,1684,6017.66,10133739
2025,8,1,2025-08,1577,1515,7519.25,11391664
2025,8,1,2025-08,1578,1063,4205.41,4470351
2025,8,1,2025-08,1579,2269,5891.67,13368199
2025,8,1,2025-08,1580,1952,6682.4,13044045
2025,8,1,2025-08,1581,1152,7132.47,8216605
2025,8,1,2025-08,1582,1000,4743,4743000
2025,8,1,2025-08,1583,1929,6981.91,13468104
2025,8,1,2025-08,1584,1667,5961.25,9937404
2025,8,1,2025-08,1585,2301,5538.62,12744365
2025,8,1,2025-08,1586,1082,4506.59,4876130
2025,8,1,2025-08,1587,1304,7212.28,9404813
2025,8,1,2025-08,1588,1106,4723.38,5224058
2025,8,1,2025-08,1589,686,5120.85,3512903
2025,8,1,2025-08,1590,2219,5111.71,11342884
2025,8,1,2025-08,1591,1868,7212.19,13472371
2025,8,1,2025-08,1592,1375,6543.6,8997450
2025,8,1,2025-08,1593,1276,6891.31,8793312
2025,8,1,2025-08,1594,1105,4961.63,5482601
2025,8,1,2025-08,1595,839,6270.22,5260715
2025,8,1,2025-08,1596,1202,6154.62,7397853
2025,8,1,2025-08,1597,1436,6943.71,9971168
2025,8,1,2025-08,1598,1692,7367.91,12466504
2025,8,1,2025-08,1599,1152,4155.6,4787251
2025,8,1,2025-08,1600,1221,6465.44,7894302
2025,8,1,2025-08,1601,1782,4250.4,7574213
2025,8,1,2025-08,1602,2221,6045.5,13427056
2025,8,1,2025-08,1603,1362,5047.5,6874695
2025,8,1,2025-08,1604,1978,5182.42,10250827
2025,8,1,2025-08,1605,943,5347.26,5042466
2025,8,1,2025-08,1606,889,6264.49,5569132
2025,8,1,2025-08,1607,1800,5346.47,9623646
2025,8,1,2025-08,1608,2059,6628.44,13647958
2025,8,1,2025-08,1609,1470,5504.91,8092218
2025,8,1,2025-08,1610,1748,4419.88,7725950
2025,8,1,2025-08,1611,2204,6825.16,15042653
2025,8,1,2025-08,1612,2154,5147.1,11086853
2025,8,1,2025-08,1613,2287,5613.36,12837754
2025,8,1,2025-08,1614,2286,6577.26,15035616
2025,8,1,2025-08,1615,917,5271.55,4834011
2025,8,1,2025-08,1616,1906,4317.94,8229994
2025,8,1,2025-08,1617,1079,5419.15,5847263
2025,8,1,2025-08,1618,2106,7464.14,15719479
2025,8,1,2025-08,1619,1409,6376.13,8983967
2025,8,1,2025-08,1620,1494,6492.95,9700467
2025,8,1,2025-08,1621,2106,6333.66,13338688
2025,8,1,2025-08,1622,1830,4802.19,8788008
2025,8,1,2025-08,1623,2232,5536.28,12356977
2025,8,1,2025-08,1624,2148,6714.86,14423519
2025,8,1,2025-08,1625,2273,4401.97,10005678
2025,8,1,2025-08,1626,1980,5131.18,10159736
2025,8,1,2025-08,1627,853,5070.24,4324915
2025,8,1,2025-08,1628,1717,5595.94,9608229
2025,8,1,2025-08,1629,822,7635.62,6276480
2025,8,1,2025-08,1630,1569,4292.57,6735042
2025,8,1,2025-08,1631,1463,5851.76,8561125
2025,8,1,2025-08,1632,1224,4732.88,5793045
2025,8,1,2025-08,1633,943,7534.27,7104817
2025,8,1,2025-08,1634,826,4443.59,3670405
2025,8,1,2025-08,1635,1601,5573.76,8923590
2025,8,1,2025-08,1636,1376,6766.72,9311007
2025,8,1,2025-08,1637,1426,6604.05,9417375
2025,8,1,2025-08,1638,1905,5514.63,10505370
2025,8,1,2025-08,1639,1981,5299.88,10499062
2025,8,1,2025-08,1640,1400,5525.64,7735896
2025,8,1,2025-08,1641,1509,5043.37,7610445
2025,8,1,2025-08,1642,1850,4847.31,8967524
2025,8,1,2025-08,1643,633,5800.36,3671628
2025,8,1,2025-08,1644,1989,5015.19,9975213
2025,8,1,2025-08,1645,1089,5126.51,5582769
2025,8,1,2025-08,1646,488,6444.39,3144862
2025,8,1,2025-08,1647,956,7542.24,7210381
2025,8,1,2025-08,1648,1526,6318.01,9641283
2025,8,1,2025-08,1649,2016,4355.69,8781071
2025,8,1,2025-08,1650,1755,4311.77,7567156
2025,8,1,2025-08,1651,1864,7416.48,13824319
2025,8,1,2025-08,1652,994,5127.54,5096775
2025,8,1,2025-08,1653,1395,4330.98,6041717
2025,8,1,2025-08,1654,2120,6253.55,13257526
2025,8,1,2025-08,1655,2327,6272.48,14596061
2025,8,1,2025-08,1656,1676,6421.89,10763088
2025,8,1,2025-08,1657,2129,5053.3,10758476
2025,8,1,2025-08,1658,1404,4209.6,5910278
2025,8,1,2025-08,1659,1851,7531.85,13941454
2025,8,1,2025-08,1660,2101,5056.29,10623265
2025,8,1,2025-08,1661,1847,6441.31,11897100
2025,8,1,2025-08,1662,1520,6583.64,10007133
2025,8,1,2025-08,1663,2103,6258.64,13161920
2025,8,1,2025-08,1664,791,5247.66,4150899
2025,8,1,2025-08,1665,1274,5162.06,6576464
2025,8,1,2025-08,1666,2291,6124.09,14030290
2025,8,1,2025-08,1667,932,7296.77,6800590
2025,8,1,2025-08,1668,2311,7495.95,17323140
2025,8,1,2025-08,1669,2374,4469.68,10611020
2025,8,1,2025-08,1670,1738,4631.48,8049512
2025,8,1,2025-08,1671,1704,7419.88,12643476
2025,8,1,2025-08,1672,1742,6699.1,11669832
2025,8,1,2025-08,1673,1940,7221.61,14009923
2025,8,1,2025-08,1674,1786,4761.05,8503235
2025,8,1,2025-08,1675,899,6217.59,5589613
2025,8,1,2025-08,1676,1044,6568.67,6857691
2025,8,1,2025-08,1677,2115,6533.05,13817401
2025,8,1,2025-08,1678,1986,5573.64,11069249
2025,8,1,2025-08,1679,1857,4171.57,7746605
2025,8,1,2025-08,1680,1300,6166.88,8016944
2025,8,1,2025-08,1681,830,4970.4,4125432
2025,8,1,2025-08,1682,2104,5736.37,12069322
2025,8,1,2025-08,1683,1766,7542.11,13319366
2025,8,1,2025-08,1684,1805,5495.85,9920009
2025,8,1,2025-08,1685,1782,7013.21,12497540
2025,8,1,2025-08,1686,1248,4663.73,5820335
2025,8,1,2025-08,1687,2121,6559.45,13912593
2025,8,1,2025-08,1688,2038,7587.27,15462856
2025,8,1,2025-08,1689,2046,4399.82,9002032
2025,8,1,2025-08,1690,1064,4032.08,4290133
2025,8,1,2025-08,1691,1138,5689.92,6475129
2025,8,1,2025-08,1692,905,4407.68,3988950
2025,8,1,2025-08,1693,921,6814.3,6275970
2025,8,1,2025-08,1694,1450,7341.42,10645059
2025,8,1,2025-08,1695,2247,5733.13,12882343
2025,8,1,2025-08,1696,1998,5061.65,10113177
2025,8,1,2025-08,1697,911,5579.52,5082943
2025,8,1,2025-08,1698,1916,6740.81,12915392
2025,8,1,2025-08,1699,2257,4063.94,9172313
2025,8,1,2025-08,1700,828,6210.05,5141921
2025,8,1,2025-08,1701,1919,6315.94,12120289
2025,8,1,2025-08,1702,1070,6344.9,6789043
2025,8,1,2025-08,1703,2204,4891.93,10781814
2025,8,1,2025-08,1704,858,6566.59,5634134
2025,8,1,2025-08,1705,1255,4398.61,5520256
2025,8,1,2025-08,1706,1321,4829.66,6379981
2025,8,1,2025-08,1707,1628,7243.84,11792972
2025,8,1,2025-08,1708,1607,6733.32,10820445
2025,8,1,2025-08,1709,1171,4134.07,4840996
2025,8,1,2025-08,1710,1507,4975.41,7497943
2025,8,1,2025-08,1711,2129,4797.59,10214069
2025,8,1,2025-08,1712,2017,5143.28,10373996
2025,8,1,2025-08,1713,1388,5007.83,6950868
2025,8,1,2025-08,1714,1246,4351.49,5421957
2025,8,1,2025-08,1715,1026,5700.51,5848723
2025,8,1,2025-08,1716,1531,6697.91,10254500
2025,8,1,2025-08,1717,837,6238.01,5221214
2025,8,1,2025-08,1718,887,6495.03,5761092
2025,8,1,2025-08,1719,1326,4425.36,5868027
2025,8,1,2025-08,1720,1763,7509.12,13238579
2025,8,1,2025-08,1721,1724,7000.95,12069638
2025,8,1,2025-08,1722,1814,7000.91,12699651
2025,8,1,2025-08,1723,1510,6926.16,10458502
2025,8,1,2025-08,1724,1017,7422.25,7548428
2025,8,1,2025-08,1725,2210,6015.9,13295139
2025,8,1,2025-08,1726,1500,4769.2,7153800
2025,8,1,2025-08,1727,1081,6193.87,6695573
2025,8,1,2025-08,1728,2502,6733.28,16846667
2025,8,1,2025-08,1729,859,6713.18,5766622
2025,8,1,2025-08,1730,974,5904.7,5751178
2025,8,1,2025-08,1731,2105,4328.41,9111303
2025,8,1,2025-08,1732,1496,5387.7,8059999
2025,8,1,2025-08,1733,1085,7389.71,8017835
2025,8,1,2025-08,1734,2143,6183.53,13251305
2025,8,1,2025-08,1735,1928,6018.39,11603456
2025,8,1,2025-08,1736,1901,5099.03,9693256
2025,8,1,2025-08,1737,2241,5314.59,11909996
2025,8,1,2025-08,1738,588,7262.72,4270479
2025,8,1,2025-08,1739,980,6429.27,6300685
2025,8,1,2025-08,1740,1834,6900.8,12656067
2025,8,1,2025-08,1741,1717,5757.9,9886314
2025,8,1,2025-08,1742,1359,6402.61,8701147
2025,8,1,2025-08,1743,1100,4940.5,5434550
2025,8,1,2025-08,1744,1494,6614.11,9881480
2025,8,1,2025-08,1745,1078,5666.97,6108994
2025,8,1,2025-08,1746,1337,5601.86,7489687
2025,8,1,2025-08,1747,2004,6309.55,12644338
2025,8,1,2025-08,1748,2123,7452.9,15822507
2025,8,1,2025-08,1749,1225,4344.21,5321657
2025,8,1,2025-08,1750,1239,7007.01,8681685
2025,8,1,2025-08,1751,2257,5174.27,11678327
2025,8,1,2025-08,1752,1309,5732.44,7503764
2025,8,1,2025-08,1753,2033,4166.19,8469864
2025,8,1,2025-08,1754,2143,5170.57,11080532
2025,8,1,2025-08,1755,1863,5840.47,10880796
2025,8,1,2025-08,1756,2262,4324.98,9783105
2025,8,1,2025-08,1757,1090,5853.09,6379868
2025,8,1,2025-08,1758,1065,7469.9,7955444
2025,8,1,2025-08,1759,1992,4412.16,8789023
2025,8,1,2025-08,1760,1010,6827.15,6895422
2025,8,1,2025-08,1761,1776,5588.16,9924572
2025,8,1,2025-08,1762,1232,6481.94,7985750
2025,8,1,2025-08,1763,2003,5001.25,10017504
2025,8,1,2025-08,1764,1865,4639.76,8653152
2025,8,1,2025-08,1765,1230,4672.97,5747753
2025,8,1,2025-08,1766,1949,4381.13,8538822
2025,8,1,2025-08,1767,2110,4729.86,9980005
2025,8,1,2025-08,1768,1346,6436.89,8664054
2025,8,1,2025-08,1769,1012,7279.11,7366459
2025,8,1,2025-08,1770,1757,6992.45,12285735
2025,8,1,2025-08,1771,1451,6474.18,9394035
2025,8,1,2025-08,1772,1781,4480.5,7979770
2025,8,1,2025-08,1773,1105,5106.71,5642915
2025,8,1,2025-08,1774,1524,5243.19,7990622
2025,8,1,2025-08,1775,1377,4944.04,6807943
2025,8,1,2025-08,1776,995,5944.56,5914837
2025,8,1,2025-08,1777,1071,6006.92,6433411
2025,8,1,2025-08,1778,1813,5365.42,9727506
2025,8,1,2025-08,1779,671,5421.88,3638081
2025,8,1,2025-08,1780,1072,7128.31,7641548
2025,8,1,2025-08,1781,2146,6938.55,14890128
2025,8,1,2025-08,1782,1501,5178.48,7772898
2025,8,1,2025-08,1783,1665,7363.72,12260594
2025,8,1,2025-08,1784,1052,7525.19,7916500
2025,8,1,2025-08,1785,1588,5263.82,8358946
2025,8,1,2025-08,1786,1790,5370.35,9612926
2025,8,1,2025-08,1787,2159,5826.21,12578787
2025,8,1,2025-08,1788,1912,7494.64,14329752
2025,8,1,2025-08,1789,1170,7302.41,8543820
2025,8,1,2025-08,1790,1228,4478.75,5499905
2025,8,1,2025-08,1791,1933,5499.1,10629760
2025,8,1,2025-08,1792,766,6223.18,4766956
2025,8,1,2025-08,1793,1679,5841.97,9808668
2025,8,1,2025-08,1794,1766,4835.52,8539528
2025,8,1,2025-08,1795,1725,7125.66,12291764
2025,8,1,2025-08,1796,642,6570.39,4218190
2025,8,1,2025-08,1797,1550,7008.21,10862726
2025,8,1,2025-08,1798,1338,7221.2,9661966
2025,8,1,2025-08,1799,1396,6783.43,9469668
2025,8,1,2025-08,1800,2087,5628.18,11746012
2025,8,1,2025-08,1801,1459,6219.73,9074586
2025,8,1,2025-08,1802,2070,4706.62,9742703
2025,8,1,2025-08,1803,1201,6607.99,7936196
2025,8,1,2025-08,1804,2070,4738.21,9808095
2025,8,1,2025-08,1805,1280,6552.42,8387098
2025,8,1,2025-08,1806,793,4948.3,3924002
2025,8,1,2025-08,1807,2346,4385.58,10288571
2025,8,1,2025-08,1808,1544,4752.59,7337999
2025,8,1,2025-08,1809,1565,4120.1,6447957
2025,8,1,2025-08,1810,926,6705.03,6208858
2025,8,1,2025-08,1811,1847,6736.12,12441614
2025,8,1,2025-08,1812,1382,5964.58,8243050
2025,8,1,2025-08,1813,1858,4645.08,8630559
2025,8,1,2025-08,1814,1970,4342.51,8554745
2025,8,1,2025-08,1815,1960,4080.1,7996996
2025,8,1,2025-08,1816,1954,4711.12,9205528
2025,8,1,2025-08,1817,2503,7213.09,18054364
2025,8,1,2025-08,1818,1499,4985.34,7473025
2025,8,1,2025-08,1819,2436,5354.53,13043635
2025,8,1,2025-08,1820,1492,4390.55,6550701
2025,8,1,2025-08,1821,2368,4839.96,11461025
2025,8,1,2025-08,1822,1913,6032.67,11540498
2025,8,1,2025-08,1823,743,6292.86,4675595
2025,8,1,2025-08,1824,1068,4875.97,5207536
2025,8,1,2025-08,1825,1655,4286.07,7093446
2025,8,1,2025-08,1826,718,5473.1,3929686
2025,8,1,2025-08,1827,2200,4903.26,10787172
2025,8,1,2025-08,1828,2254,4762.56,10734810
2025,8,1,2025-08,1829,1881,7544.12,14190490
2025,8,1,2025-08,1830,1320,6321.48,8344354
2025,8,1,2025-08,1831,1713,6034.52,10337133
2025,8,1,2025-08,1832,1929,5424.96,10464748
2025,8,1,2025-08,1833,2151,5619.25,12087007
2025,8,1,2025-08,1834,1887,6104.39,11518984
2025,8,1,2025-08,1835,1598,6569.72,10498413
2025,8,1,2025-08,1836,1782,6546.16,11665257
2025,8,1,2025-08,1837,2135,4765.08,10173446
2025,8,1,2025-08,1838,1177,5952.12,7005645
2025,8,1,2025-08,1839,969,5532.45,5360944
2025,8,1,2025-08,1840,1820,7228.4,13155688
2025,8,1,2025-08,1841,1113,6338.68,7054951
2025,8,1,2025-08,1842,1831,5994.6,10976113
2025,8,1,2025-08,1843,2334,4487.14,10472985
2025,8,1,2025-08,1844,1434,6202.02,8893697
2025,8,1,2025-08,1845,1353,4450,6020850
2025,8,1,2025-08,1846,1895,5244.24,9937835
2025,8,1,2025-08,1847,910,4589.29,4176254
2025,8,1,2025-08,1848,1294,6593.57,8532080
2025,8,1,2025-08,1849,1177,4902.49,5770231
2025,8,1,2025-08,1850,1752,5497.36,9631375
2025,8,1,2025-08,1851,1617,7250.34,11723800
2025,8,1,2025-08,1852,1161,4795.4,5567459
2025,8,1,2025-08,1853,1617,5959.37,9636301
2025,8,1,2025-08,1854,1922,5666.22,10890475
2025,8,1,2025-08,1855,1312,4094.96,5372588
2025,8,1,2025-08,1856,1917,6882.02,13192832
2025,8,1,2025-08,1857,1582,4331.98,6853192
2025,8,1,2025-08,1858,704,5866.67,4130136
2025,8,1,2025-08,1859,1271,6131.19,7792742
2025,8,1,2025-08,1860,2320,6327.66,14680171
2025,8,1,2025-08,1861,2222,6580.29,14621404
2025,8,1,2025-08,1862,1432,5037.17,7213227
2025,8,1,2025-08,1863,1899,4092.45,7771563
2025,8,1,2025-08,1864,1902,6652.9,12653816
2025,8,1,2025-08,1865,1477,6033.9,8912070
2025,8,1,2025-08,1866,1902,7040.25,13390556
2025,8,1,2025-08,1867,1336,7053.22,9423102
2025,8,1,2025-08,1868,1014,7147.37,7247433
2025,8,1,2025-08,1869,1023,5805.28,5938801
2025,8,1,2025-08,1870,2240,5261.82,11786477
2025,8,1,2025-08,1871,1412,6892.91,9732789
2025,8,1,2025-08,1872,1308,5739.88,7507763
2025,8,1,2025-08,1873,1678,4801.44,8056816
2025,8,1,2025-08,1874,1501,7152.63,10736098
2025,8,1,2025-08,1875,785,7203.56,5654795
2025,8,1,2025-08,1876,1024,5727.13,5864581
2025,8,1,2025-08,1877,2334,4370.95,10201797
2025,8,1,2025-08,1878,1407,5373.11,7559966
2025,8,1,2025-08,1879,2400,6881.54,16515696
2025,8,1,2025-08,1880,1400,7288.63,10204082
2025,8,1,2025-08,1881,816,4878.02,3980464
2025,8,1,2025-08,1882,846,4297.74,3635888
2025,8,1,2025-08,1883,2367,7138.65,16897185
2025,8,1,2025-08,1884,1525,5502.37,8391114
2025,8,1,2025-08,1885,1821,6093.46,11096191
2025,8,1,2025-08,1886,610,7548.13,4604359
2025,8,1,2025-08,1887,2360,4282.69,10107148
2025,8,1,2025-08,1888,2324,6376.46,14818893
2025,8,1,2025-08,1889,1738,4300.26,7473852
2025,8,1,2025-08,1890,992,5551.77,5507356
2025,8,1,2025-08,1891,1848,6917.26,12783096
2025,8,1,2025-08,1892,1327,5644.21,7489867
2025,8,1,2025-08,1893,992,7634.71,7573632
2025,8,1,2025-08,1894,1551,6134.57,9514718
2025,8,1,2025-08,1895,1870,5228.83,9777912
2025,8,1,2025-08,1896,2317,4841.57,11217918
2025,8,1,2025-08,1897,1571,5426.38,8524843
2025,8,1,2025-08,1898,2317,5379.54,12464394
2025,8,1,2025-08,1899,1908,4351.44,8302548
2025,8,1,2025-08,1900,650,5386,3500900
2025,8,1,2025-08,1901,1463,5717.56,8364790
2025,8,1,2025-08,1902,1471,6612.2,9726546
2025,8,1,2025-08,1903,1634,6407.28,10469496
2025,8,1,2025-08,1904,932,6628.05,6177343
2025,8,1,2025-08,1905,843,4061.54,3423878
2025,8,1,2025-08,1906,955,4903.43,4682776
2025,8,1,2025-08,1907,1621,6458.78,10469682
2025,8,1,2025-08,1908,1238,5761.68,7132960
2025,8,1,2025-08,1909,903,4111.75,3712910
2025,8,1,2025-08,1910,1816,6980.61,12676788
2025,8,1,2025-08,1911,2063,6869.57,14171923
2025,8,1,2025-08,1912,1111,6043.39,6714206
2025,8,1,2025-08,1913,1895,4352.36,8247722
2025,8,1,2025-08,1914,1809,6801.6,12304094
2025,8,1,2025-08,1915,689,6150.88,4237956
2025,8,1,2025-08,1916,559,6855.02,3831956
2025,8,1,2025-08,1917,906,6729.7,6097108
2025,8,1,2025-08,1918,1937,6954.1,13470092
2025,8,1,2025-08,1919,735,5981.48,4396388
2025,8,1,2025-08,1920,1603,4531.65,7264235
2025,8,1,2025-08,1921,1118,6592.13,7370001
2025,8,1,2025-08,1922,2355,6240.58,14696566
2025,8,1,2025-08,1923,1216,6757.18,8216731
2025,8,1,2025-08,1924,1452,4758.92,6909952
2025,8,1,2025-08,1925,643,4892.87,3146115
2025,8,1,2025-08,1926,1493,7301.6,10901289
2025,8,1,2025-08,1927,2104,6808.94,14326010
2025,8,1,2025-08,1928,2206,7321.86,16152023
2025,8,1,2025-08,1929,994,6832.97,6791972
2025,8,1,2025-08,1930,2289,6221.79,14241677
2025,8,1,2025-08,1931,1308,6413.9,8389381
2025,8,1,2025-08,1932,2352,7257.21,17068958
2025,8,1,2025-08,1933,1510,6154.12,9292721
2025,8,1,2025-08,1934,1988,6360.26,12644197
2025,8,1,2025-08,1935,2105,4573.59,9627407
2025,8,1,2025-08,1936,1859,5830.79,10839439
2025,8,1,2025-08,1937,2141,6646.62,14230413
2025,8,1,2025-08,1938,895,5000.93,4475832
2025,8,1,2025-08,1939,914,4829.65,4414300
2025,8,1,2025-08,1940,996,5251.74,5230733
2025,8,1,2025-08,1941,798,4897.97,3908580
2025,8,1,2025-08,1942,1337,4885.74,6532234
2025,8,1,2025-08,1943,1906,5577.57,10630848
2025,8,1,2025-08,1944,959,7332.27,7031647
2025,8,1,2025-08,1945,1711,5902.62,10099383
2025,8,1,2025-08,1946,2216,4747.11,10519596
2025,8,1,2025-08,1947,2086,4339.73,9052677
2025,8,1,2025-08,1948,710,6589.95,4678864
2025,8,1,2025-08,1949,1235,5394.04,6661639
2025,8,1,2025-08,1950,1608,7007.6,11268221
2025,8,1,2025-08,1951,1093,6357.42,6948660
2025,8,1,2025-08,1952,1978,6900.92,13650020
2025,8,1,2025-08,1953,1652,5008.69,8274356
2025,8,1,2025-08,1954,1837,6531.78,11998880
2025,8,1,2025-08,1955,748,5028.38,3761228
2025,8,1,2025-08,1956,1697,7465.23,12668495
2025,8,1,2025-08,1957,1768,6442.52,11390375
2025,8,1,2025-08,1958,1796,5256.85,9441303
2025,8,1,2025-08,1959,1859,4977.09,9252410
2025,8,1,2025-08,1960,622,4737.59,2946781
2025,8,1,2025-08,1961,1622,6525.09,10583696
2025,8,1,2025-08,1962,2108,4807.51,10134231
2025,8,1,2025-08,1963,2207,6267.86,13833167
2025,8,1,2025-08,1964,1040,5043.61,5245354
2025,8,1,2025-08,1965,2020,6473.55,13076571
2025,8,1,2025-08,1966,1485,6931.6,10293426
2025,8,1,2025-08,1967,2248,6878.19,15462171
2025,8,1,2025-08,1968,1616,6837.21,11048931
2025,8,1,2025-08,1969,952,4761.71,4533148
2025,8,1,2025-08,1970,1430,4383.4,6268262
2025,8,1,2025-08,1971,962,6643.7,6391239
2025,8,1,2025-08,1972,1292,5453.02,7045302
2025,8,1,2025-08,1973,1653,5624.36,9297067
2025,8,1,2025-08,1974,1184,4209.03,4983492
2025,8,1,2025-08,1975,1389,5007.34,6955195
2025,8,1,2025-08,1976,2320,4133.54,9589813
2025,8,1,2025-08,1977,863,7180.04,6196375
2025,8,1,2025-08,1978,1742,4902.51,8540172
2025,8,1,2025-08,1979,1704,6113.13,10416774
2025,8,1,2025-08,1980,1706,4171.71,7116937
2025,8,1,2025-08,1981,1664,6447.97,10729422
2025,8,1,2025-08,1982,902,5252.11,4737403
2025,8,1,2025-08,1983,1380,7266.19,10027342
2025,8,1,2025-08,1984,798,7297.83,5823668
2025,8,1,2025-08,1985,2060,5242.1,10798726
2025,8,1,2025-08,1986,1149,7257.25,8338580
2025,8,1,2025-08,1987,1598,7713.43,12326061
2025,8,1,2025-08,1988,2149,7070.4,15194290
2025,8,1,2025-08,1989,1658,7134.36,11828769
2025,8,1,2025-08,1990,1049,4981.67,5225772
2025,8,1,2025-08,1991,1791,6155.05,11023695
2025,8,1,2025-08,1992,906,4329.63,3922645
2025,8,1,2025-08,1993,1281,4390.8,5624615
2025,8,1,2025-08,1994,1387,7629.42,10582006
2025,8,1,2025-08,1995,1316,5252.44,6912211
2025,8,1,2025-08,1996,1580,6762.03,10684007
2025,8,1,2025-08,1997,2244,7008.05,15726064
2025,8,1,2025-08,1998,2258,7122.4,16082379
2025,8,1,2025-08,1999,1187,7752.96,9202764
2025,8,1,2025-08,2000,1718,4979.33,8554489
2025,8,1,2025-08,2001,995,4236.12,4214939
2025,8,1,2025-08,2002,1765,5535.88,9770828
2025,8,1,2025-08,2003,1583,4514.44,7146359
2025,8,1,2025-08,2004,1373,4183.63,5744124
2025,8,1,2025-08,2005,2223,5365.6,11927729
2025,8,1,2025-08,2006,2005,6891.54,13817538
2025,8,1,2025-08,2007,1530,6119.92,9363478
2025,8,1,2025-08,2008,1232,5168.63,6367752
2025,8,1,2025-08,2009,1012,6420.58,6497627
2025,8,1,2025-08,2010,2179,4943.68,10772279
2025,8,1,2025-08,2011,1872,4158.47,7784656
2025,8,1,2025-08,2012,1062,6786.99,7207783
2025,8,1,2025-08,2013,1684,6332.02,10663122
2025,8,1,2025-08,2014,2255,6813.65,15364781
2025,8,1,2025-08,2015,840,4241.55,3562902
2025,8,1,2025-08,2016,2205,7054.31,15554754
2025,8,1,2025-08,2017,1458,6317.12,9210361
2025,8,1,2025-08,2018,2341,6089.24,14254911
2025,8,1,2025-08,2019,2115,6308.24,13341928
2025,8,1,2025-08,2020,1171,7240.92,8479117
2025,8,1,2025-08,2021,783,6187.93,4845149
2025,8,1,2025-08,2022,1596,6150.74,9816581
2025,8,1,2025-08,2023,1496,7690.72,11505317
2025,8,1,2025-08,2024,1423,6782.34,9651270
2025,8,1,2025-08,2025,936,5705.46,5340311
2025,8,1,2025-08,2026,1550,6652.15,10310832
2025,8,1,2025-08,2027,1018,5465.63,5564011
2025,8,1,2025-08,2028,2060,4847.11,9985047
2025,8,1,2025-08,2029,1905,6285.65,11974163
2025,8,1,2025-08,2030,1346,7396.52,9955716
2025,8,1,2025-08,2031,906,7453.19,6752590
2025,8,1,2025-08,2032,679,5295.31,3595515
2025,8,1,2025-08,2033,1239,5971.21,7398329
2025,8,1,2025-08,2034,990,4801.78,4753762
2025,8,1,2025-08,2035,1632,7583.78,12376729
2025,8,1,2025-08,2036,1702,7686.98,13083240
2025,8,1,2025-08,2037,1514,6474.07,9801742
2025,8,1,2025-08,2038,930,6972.62,6484537
2025,8,1,2025-08,2039,914,6713.24,6135901
2025,8,1,2025-08,2040,849,6142.72,5215169
2025,8,1,2025-08,2041,1280,4369.36,5592781
2025,8,1,2025-08,2042,1247,5655.45,7052346
2025,8,1,2025-08,2043,1991,6500.06,12941619
2025,8,1,2025-08,2044,931,6587.69,6133139
2025,8,1,2025-08,2045,1641,5404.33,8868506
2025,8,1,2025-08,2046,1925,7417.97,14279592
2025,8,1,2025-08,2047,1593,4696.88,7482130
2025,8,1,2025-08,2048,718,5933.92,4260555
2025,8,1,2025-08,2049,933,6574.83,6134316
2025,8,1,2025-08,2050,1931,6590.58,12726410
2025,8,1,2025-08,2051,2220,6315.18,14019700
2025,8,1,2025-08,2052,1108,5032,5575456
2025,8,1,2025-08,2053,2087,4628.6,9659888
2025,8,1,2025-08,2054,2271,6333.75,14383946
2025,8,1,2025-08,2055,1066,6180.62,6588541
2025,8,1,2025-08,2056,1058,4716.03,4989560
2025,8,1,2025-08,2057,1772,6599.77,11694792
2025,8,1,2025-08,2058,2033,5667.99,11523024
2025,8,1,2025-08,2059,1159,6518.87,7555370
2025,8,1,2025-08,2060,1978,7061.71,13968062
2025,8,1,2025-08,2061,1721,4706.55,8099973
2025,8,1,2025-08,2062,1550,4141.72,6419666
2025,8,1,2025-08,2063,1081,6888.94,7446944
2025,8,1,2025-08,2064,1292,6185.88,7992157
2025,8,1,2025-08,2065,1601,6561.97,10505714
2025,8,1,2025-08,2066,1752,7013.42,12287512
2025,8,1,2025-08,2067,2130,6926.38,14753189
2025,8,1,2025-08,2068,2062,7461.01,15384603
